bayes,locus
0.25,Rv0024
0.42105263157894735,Rv0045c
0.3170731707317073,Rv0063
0.3333333333333333,Rv0090
0.21428571428571427,ephF
0.23684210526315788,Rv0176
0.21666666666666667,PE_PGRS3-PE_PGRS4
0.2571428571428571,pks6
0.23943661971830985,Rv0420c-Rv0421c
0.22388059701492538,Rv0466-icl1
0.3125,senX3-regX3
0.25757575757575757,Rv0712-Rv0713
0.2191780821917808,Rv0759c-Rv0760c
0.25806451612903225,Rv0794c-Rv0795
0.2602739726027397,Rv0823c
0.29577464788732394,Rv0888
0.3055555555555556,Rv0927c
0.22857142857142856,Rv1042c-Rv1043c
0.24675324675324675,Rv1045
0.16923076923076924,Rv1179c-pks3
0.23684210526315788,Rv1225c
0.313953488372093,Rv1258c
0.2542372881355932,mcr11
0.19736842105263158,Rv1269c
0.25301204819277107,opcA
0.22972972972972974,Rv1506c-Rv1507c
0.2631578947368421,plsB1
0.24615384615384617,Rv1730c
0.2558139534883721,Rv1775
0.2898550724637681,Rv1907c
0.24193548387096775,Rv1990A-mazF6
0.3389830508474576,ctpF
0.3076923076923077,dosT
0.2413793103448276,Rv2148c
0.21686746987951808,Rv2264c
0.32926829268292684,mmpL9
0.3220338983050847,plcA-PPE38
0.28378378378378377,Rv2405-Rv2406c
0.2876712328767123,Rv2437
0.2535211267605634,vapB17
0.23170731707317074,vapB18
0.2916666666666667,Rv2709
0.28125,clgR
0.34782608695652173,Rv2823c
0.2463768115942029,cobB
0.21052631578947367,Rv2862c-vapB23
0.19402985074626866,lppW-trmD
0.2708333333333333,Rv2923c
0.2608695652173913,Rv3428c-PPE59
0.2602739726027397,gadB
0.1917808219178082,Rv3483c
0.2318840579710145,ddn-Rv3548c
0.2413793103448276,ponA2-Rv3683
0.29333333333333333,Rv3727
0.20689655172413793,Rv3766
0.2676056338028169,lipE-Rv3776
0.2318840579710145,Rv3802c-fbpD
0.2804878048780488,Rv3829c
0.30158730158730157,Rv3830c
0.2716049382716049,Rv3847
0.2465753424657534,espK
0.2777777777777778,eccC2
0.21739130434782608,dnaA-dnaN
0.31645569620253167,alaT-Rv0008c
0.2463768115942029,Rv0012
0.28205128205128205,pknB
0.22857142857142856,pknA
0.21052631578947367,fhaA-leuT
0.2535211267605634,whiB5-Rv0023
0.2714285714285714,Rv0027
0.2463768115942029,bioF2
0.2857142857142857,fadD34
0.2804878048780488,fadD34-Rv0036c
0.2545454545454545,leuS
0.2857142857142857,dnaB-Rv0059
0.19767441860465115,Rv0061c
0.20634920634920634,Rv0067c-Rv0068
0.3333333333333333,glyA2-Rv0071
0.24390243902439024,Rv0078A
0.26506024096385544,hycE-Rv0088
0.2982456140350877,Rv0088-Rv0089
0.234375,Rv0104
0.2777777777777778,hddA
0.2361111111111111,hddA-ldtA
0.22972972972972974,oxyS
0.34146341463414637,fusA2
0.22666666666666666,cyp138
0.27906976744186046,fadD5
0.23076923076923078,mce1D
0.3561643835616438,sigG
0.2571428571428571,Rv0185
0.2328767123287671,mymT-Rv0187
0.22857142857142856,Rv0194
0.3076923076923077,Rv0210-pckA
0.2077922077922078,Rv0221
0.30985915492957744,Rv0223c
0.23529411764705882,Rv0226c
0.24285714285714285,aftD
0.3108108108108108,fadE5
0.2857142857142857,Rv0245
0.22413793103448276,nirB
0.2345679012345679,vapB25
0.3157894736842105,eccD3
0.3684210526315789,Rv0302
0.2318840579710145,Rv0311
0.3064516129032258,Rv0314c
0.36923076923076925,Rv0315
0.2962962962962963,dcd-udgA
0.2878787878787879,Rv0330c-Rv0331
0.20253164556962025,Rv0374c
0.2535211267605634,Rv0376c
0.28378378378378377,Rv0380c
0.23076923076923078,Rv0398c
0.26666666666666666,fadD30
0.2911392405063291,Rv0439c-groEL2
0.2702702702702703,rskA
0.2696629213483146,sigK-Rv0446c
0.22580645161290322,mmpS4-Rv0452
0.27631578947368424,Rv0452
0.2535211267605634,Rv0457c
0.2692307692307692,pcaA-Rv0470A
0.2875,mshA
0.21428571428571427,Rv0492c
0.23880597014925373,Rv0518-Rv0519c
0.2564102564102564,ccsA
0.265625,Rv0530
0.29069767441860467,galE3
0.3333333333333333,Rv0537c
0.2625,vapB3-fadD8
0.29333333333333333,Rv0565c
0.2,Rv0575c
0.2647058823529412,Rv0585c-mce2R
0.26744186046511625,yrbE2B
0.25316455696202533,mce2B
0.24050632911392406,mce2F
0.20588235294117646,Rv0597c-vapC27
0.38095238095238093,tcrA-Rv0603
0.29577464788732394,Rv0613c
0.3088235294117647,recD
0.3492063492063492,mmaA2
0.2222222222222222,vapC6
0.23636363636363636,atsD
0.26865671641791045,echA4
0.2463768115942029,mmpL5
0.28169014084507044,Rv0679c
0.3037974683544304,rpsL
0.2619047619047619,Rv0691c
0.3,Rv0697
0.29850746268656714,Rv0699
0.2716049382716049,Rv0726c
0.29333333333333333,Rv0744c-Rv0745
0.2727272727272727,Rv0745
0.2558139534883721,Rv0749A-Rv0750
0.25,cyp51
0.24285714285714285,Rv0767c
0.2777777777777778,aldA
0.17777777777777778,ggtA
0.22666666666666666,Rv0789c
0.30158730158730157,purF
0.3424657534246575,sseC2
0.2033898305084746,Rv0825c
0.2903225806451613,lpqR
0.3559322033898305,narL
0.23809523809523808,pdc-Rv0854
0.3287671232876712,far
0.2676056338028169,dapC
0.3055555555555556,rpfA
0.3333333333333333,Rv0874c
0.25333333333333335,Rv0877
0.25,Rv0890c
0.2839506172839506,Rv0893c
0.3373493975903614,Rv0893c-Rv0894
0.2054794520547945,Rv0907
0.17543859649122806,PE7-betP
0.22666666666666666,Rv0927c-pstS3
0.28,Rv0939
0.25396825396825395,Rv0959
0.3235294117647059,Rv0964c-Rv0965c
0.2894736842105263,accD2
0.2465753424657534,PE_PGRS18-mprA
0.3333333333333333,mprB-pepD
0.2916666666666667,Rv0987
0.15714285714285714,Rv0988
0.3466666666666667,grcC2
0.23333333333333334,Rv0991c-Rv0992c
0.2876712328767123,rimJ
0.23076923076923078,eno
0.28205128205128205,kdpE
0.208955223880597,Rv1046c
0.3125,Rv1048c
0.2328767123287671,mpr5-Rv1052
0.15492957746478872,Rv1072-Rv1073
0.2962962962962963,lipU
0.2602739726027397,celA2b
0.14864864864864866,MTS0858-glyA1
0.22413793103448276,Rv1105
0.3125,Rv1117
0.25675675675675674,Rv1136-Rv1137c
0.23170731707317074,pimE
0.3230769230769231,mutT2
0.2911392405063291,mutT2-narG
0.3625,narJ
0.2222222222222222,lpqW
0.2318840579710145,mmpL10
0.21875,fadD21
0.273972602739726,fadD36
0.2894736842105263,Rv1194c
0.2441860465116279,fadD6
0.2911392405063291,Rv1217c
0.2982456140350877,Rv1227c-lpqX
0.2923076923076923,Rv1230c-Rv1231c
0.2753623188405797,embR-Rv1268c
0.2028985507246377,Rv1272c
0.25,Rv1289
0.27941176470588236,Rv1289-Rv1290c
0.373134328358209,dinG
0.3013698630136986,Rv1357c-Rv1358
0.3389830508474576,Rv1364c
0.2753623188405797,lprF
0.3283582089552239,carA
0.36231884057971014,nlhH
0.28205128205128205,lipI
0.2727272727272727,lprH-Rv1419
0.2318840579710145,uvrC
0.2125,Rv1429
0.391304347826087,Rv1432-Rv1433
0.2631578947368421,Rv1435c
0.2727272727272727,Rv1439c
0.2876712328767123,bisC
0.25757575757575757,Rv1458c
0.2361111111111111,Rv1461
0.25,Rv1463
0.19318181818181818,fadE15
0.2463768115942029,Rv1478-moxR1
0.2054794520547945,Rv1489
0.22448979591836735,lipL
0.3103448275862069,Rv1501-Rv1502
0.2571428571428571,Rv1505c
0.27631578947368424,Rv1507A-Rv1508c
0.23170731707317074,Rv1509-Rv1510
0.2625,Rv1515c
0.352112676056338,Rv1520
0.3116883116883117,pks5
0.24675324675324675,Rv1532c
0.25,ansA
0.3246753246753247,Rv1566c-Rv1567c
0.296875,cydC
0.3,polA
0.23255813953488372,lysX
0.20987654320987653,pks7
0.15254237288135594,pks8
0.3684210526315789,dsbF-Rv1678
0.26666666666666666,moeX
0.2891566265060241,moeX-Rv1682
0.32786885245901637,cycA-PPE22
0.2535211267605634,narX
0.21839080459770116,Rv1739c
0.31343283582089554,Rv1769
0.3150684931506849,cyp143
0.3333333333333333,secA2
0.3333333333333333,Rv1823
0.21739130434782608,gcvH
0.36363636363636365,Rv1835c
0.3333333333333333,glcB
0.22784810126582278,guaB1-gnd1
0.24615384615384617,Rv1847
0.2558139534883721,lldD2
0.21739130434782608,Rv1879-cyp140
0.28125,Rv1888c-Rv1888A
0.2878787878787879,Rv1894c-Rv1895
0.2361111111111111,Rv1904
0.23529411764705882,Rv1920
0.14545454545454545,lppF
0.23728813559322035,lppF-Rv1922
0.22388059701492538,Rv1924c-fadD31
0.24675324675324675,fadD31
0.30303030303030304,Rv1927
0.2702702702702703,fadE17
0.2692307692307692,Rv1936
0.25,ephB
0.22950819672131148,mce3A
0.273972602739726,Rv1972
0.32051282051282054,Rv1978
0.28,nrdF1-vapC36
0.33962264150943394,Rv1986
0.2597402597402597,Rv1987-erm(37)
0.3218390804597701,Rv1999c
0.34285714285714286,Rv2000
0.19696969696969696,Rv2023A
0.2916666666666667,Rv2039c
0.28205128205128205,Rv2047c
0.26865671641791045,ASpks-Rv2049c
0.3275862068965517,rpmG1
0.25287356321839083,Rv2059
0.2459016393442623,cobN
0.3235294117647059,Rv2079
0.2714285714285714,Rv2082
0.23214285714285715,Rv2087-pknJ
0.25925925925925924,pknJ
0.2571428571428571,pepE
0.2972972972972973,pafB
0.3142857142857143,vapC37
0.25,mpa-lppK
0.23943661971830985,Rv2120c-hisG
0.3,Rv2128-Rv2129c
0.3,pyrD
0.2537313432835821,PE_PGRS38-pbpB
0.3333333333333333,lppM
0.2463768115942029,Rv2180c
0.21686746987951808,TB16.3-Rv2186c
0.25301204819277107,qcrC
0.43103448275862066,ephD-dlaT
0.25757575757575757,Rv2237-Rv2237A
0.25,accD6
0.23170731707317074,Rv2248
0.25862068965517243,mazF8
0.29333333333333333,cyp121
0.29577464788732394,Rv2280
0.23333333333333334,lppO
0.21212121212121213,Rv2308
0.1643835616438356,Rv2308-metV
0.273972602739726,uspA
0.27941176470588236,stp-cysK1
0.22807017543859648,PE_PGRS39-asnT
0.2857142857142857,esxO
0.2459016393442623,esxO-esxP
0.23529411764705882,esxP
0.28205128205128205,plcC
0.2459016393442623,plcA
0.2807017543859649,PPE38-PPE39
0.22727272727272727,Rv2355-PPE40
0.2916666666666667,Rv2366c
0.3246753246753247,mbtB
0.28,mbtA
0.3194444444444444,Rv2395-mcr7
0.23655913978494625,subI
0.3188405797101449,Rv2401
0.23943661971830985,Rv2433c
0.32432432432432434,obg
0.273972602739726,rpfE
0.3125,Rv2455c
0.28125,clpX
0.21818181818181817,aglA
0.23684210526315788,lipQ
0.2692307692307692,lipQ-argW
0.22972972972972974,Rv2488c
0.2926829268292683,vapC38
0.3466666666666667,bkdC
0.19117647058823528,accD1
0.19444444444444445,Rv2516c
0.27631578947368424,Rv2525c-vapB17
0.2777777777777778,pepQ
0.2777777777777778,lppA
0.24285714285714285,lppB
0.203125,vapB20-Rv2551c
0.22857142857142856,Rv2562
0.24193548387096775,glnQ
0.23880597014925373,aspS-Rv2573
0.23809523809523808,Rv2585c
0.25925925925925924,Rv2621c
0.21875,hrp1-Rv2627c
0.22535211267605634,Rv2629
0.203125,Rv2632c-Rv2633c
0.2564102564102564,Rv2644c-valT
0.32,valU-Rv2645
0.3150684931506849,Rv2659c-Rv2660c
0.323943661971831,Rv2661c
0.3181818181818182,ceoB
0.20833333333333334,Rv2693c
0.24390243902439024,Rv2712c
0.234375,fadE20
0.3389830508474576,recX
0.2972972972972973,Rv2750
0.27848101265822783,Rv2800-mazF9
0.37142857142857144,Rv2808-Rv2809
0.19718309859154928,Rv2813-Rv2814c
0.30985915492957744,Rv2820c
0.2698412698412698,Rv2821c
0.25,Rv2827c-Rv2828c
0.31343283582089554,Rv2828c
0.2891566265060241,vapB22-echA16
0.36507936507936506,echA16
0.2345679012345679,Rv2864c-relF
0.28205128205128205,mpt53-Rv2879c
0.30666666666666664,Rv2891
0.18181818181818182,fdhD
0.24285714285714285,lppW
0.2923076923076923,ppsA
0.2597402597402597,mas
0.26153846153846155,fadD28
0.25757575757575757,fadD29-Rv2951c
0.23684210526315788,Rv2952
0.2676056338028169,Rv2957-Rv2958c
0.21686746987951808,purU
0.31343283582089554,gltS
0.34328358208955223,pfkA-gatA
0.208955223880597,Rv3015c
0.24675324675324675,Rv3047c
0.2987012987012987,nrdE
0.2840909090909091,nrdH-Rv3054c
0.2716049382716049,Rv3081
0.32,Rv3081-virS
0.29577464788732394,Rv3115-moeB2
0.1875,fadB4-Rv3142c
0.30985915492957744,Rv3142c-Rv3143
0.27692307692307694,Rv3160c
0.1875,Rv3173c-Rv3174
0.3333333333333333,Rv3174
0.2875,Rv3181c-Rv3182
0.3026315789473684,nudC
0.2463768115942029,Rv3201c
0.2727272727272727,Rv3202c
0.2826086956521739,Rv3220c
0.26153846153846155,Rv3236c
0.3181818181818182,mtrB
0.27848101265822783,Rv3249c
0.2361111111111111,fbiB
0.23809523809523808,Rv3263
0.24242424242424243,Rv3272
0.2911392405063291,Rv3282
0.3974358974358974,sseA
0.22580645161290322,pcd
0.26785714285714285,lhr
0.2702702702702703,sdhD
0.2711864406779661,Rv3346c-PPE55
0.18333333333333332,PPE55-Rv3348
0.14285714285714285,Rv3351c
0.37142857142857144,relK
0.2857142857142857,Rv3359-Rv3360
0.25,Rv3365c
0.2641509433962264,spoU
0.2804878048780488,spoU-PE_PGRS51
0.2361111111111111,Rv3377c
0.2638888888888889,idsB-vapC46
0.2,htdY
0.21518987341772153,Rv3395c-Rv3395A
0.2911392405063291,Rv3401
0.325,Rv3402c
0.3088235294117647,Rv3406
0.3611111111111111,vapB47
0.2542372881355932,guaB2
0.24050632911392406,Rv3424c
0.2982456140350877,Rv3433c
0.20270270270270271,esxU
0.3235294117647059,Rv3446c
0.22727272727272727,mycP4
0.2857142857142857,rmlC
0.20430107526881722,lipF
0.2916666666666667,otsA
0.20833333333333334,mce4C
0.23943661971830985,fadD19
0.3246753246753247,ltp3
0.1891891891891892,Rv3531c
0.3142857142857143,PPE61-PPE62
0.22413793103448276,kstD
0.34615384615384615,ltp2
0.2777777777777778,fdxB
0.27710843373493976,fadE30-fadD3
0.3484848484848485,Rv3591c
0.18072289156626506,lysS
0.2898550724637681,folB
0.296875,espA-ephA
0.26582278481012656,Rv3618
0.3333333333333333,esxV
0.2375,esxW
0.21428571428571427,nth
0.34375,crp
0.39436619718309857,crp-Rv3677c
0.20512820512820512,Rv3680
0.2903225806451613,ponA2
0.32,Rv3691
0.22857142857142856,Rv3701c
0.25675675675675674,recR
0.27941176470588236,Rv3722c
0.1935483870967742,cut5b
0.25396825396825395,Rv3725
0.21518987341772153,Rv3729
0.26666666666666666,PPE67-Rv3740c
0.25,Rv3747-Rv3748
0.20833333333333334,proV
0.2753623188405797,proX
0.19230769230769232,Rv3769-Rv3770c
0.26666666666666666,Rv3773c
0.30158730158730157,Rv3776
0.2597402597402597,glfT1
0.24615384615384617,Rv3785
0.18309859154929578,Rv3788
0.1875,fadE35
0.2054794520547945,pks13
0.24,fadD32
0.2328767123287671,fadD32-Rv3802c
0.3880597014925373,fbpA
0.3235294117647059,aftB
0.25,papA2
0.2911392405063291,fadD23
0.21739130434782608,Rv3835
0.3372093023255814,Rv3837c
0.30434782608695654,ncrMT3949
0.24242424242424243,MTS2975-Rv3844
0.15384615384615385,Rv3845-sodA
0.15873015873015872,gltB-Rv3860
0.3181818181818182,Rv3863-espE
0.3050847457627119,espI
0.2602739726027397,espK-espL
0.2033898305084746,eccD2
0.22784810126582278,Rv3903c
0.25,mutT4
0.20270270270270271,gid
0.22857142857142856,Rv3920c-Rv3921c
0.2876712328767123,Rv0191
0.23880597014925373,PE_PGRS17-Rv0979c
0.3055555555555556,pks12
0.2753623188405797,cadI-Rv2642
0.25333333333333335,pstP
0.24390243902439024,Rv0080
0.2,Rv0093c
0.265625,ctpI
0.2987012987012987,Rv0192A
0.3333333333333333,Rv0193c
0.2236842105263158,Rv0197
0.2191780821917808,Rv0205
0.30434782608695654,lipW
0.21333333333333335,Rv0257
0.3037974683544304,Rv0275c
0.3548387096774194,Rv0312
0.2602739726027397,iniA
0.20967741935483872,Rv0359
0.208955223880597,Rv0370c
0.25609756097560976,Rv0377
0.25,purT
0.25,ctpH
0.22857142857142856,Rv0431
0.19402985074626866,Rv0434
0.2537313432835821,moeA2
0.30434782608695654,Rv0484c
0.18309859154929578,proC
0.17567567567567569,mce2C
0.23076923076923078,lpqO
0.38666666666666666,Rv0610c
0.2597402597402597,Rv0621
0.2236842105263158,rplO
0.2054794520547945,xylB
0.23684210526315788,purB
0.25,Rv0818
0.27848101265822783,Rv0822c
0.3194444444444444,Rv0851c
0.2571428571428571,Rv0909
0.21212121212121213,pstS2
0.2916666666666667,sucD
0.3333333333333333,mprA
0.1780821917808219,Rv0992c
0.2876712328767123,moeA1
0.20588235294117646,Rv0996
0.23529411764705882,pabB
0.2777777777777778,Rv1012
0.33783783783783783,lpqU
0.25675675675675674,pra
0.22535211267605634,ppdK
0.23809523809523808,Rv1178
0.22666666666666666,esxL
0.2465753424657534,Rv1215c
0.3333333333333333,Rv1226c
0.30303030303030304,Rv1250
0.26229508196721313,deaD
0.26229508196721313,Rv1262c
0.2727272727272727,lprB
0.25842696629213485,Rv1301
0.16176470588235295,glgB
0.35526315789473684,glgP
0.3333333333333333,moeY
0.22950819672131148,Rv1375
0.23684210526315788,carB
0.3157894736842105,vapC10
0.22727272727272727,fmu
0.28169014084507044,ribG
0.3333333333333333,Rv1425
0.21875,echA12
0.20987654320987653,Rv1504c
0.2441860465116279,mmpL6
0.2676056338028169,nadC
0.2716049382716049,Rv1624c
0.22727272727272727,pks9
0.3108108108108108,cmr
0.24691358024691357,Rv1707
0.22077922077922077,Rv1708
0.3333333333333333,bacA
0.27941176470588236,Rv1870c
0.28,lppD
0.24324324324324326,aao
0.21428571428571427,Rv1949c
0.25,Rv1979c
0.2112676056338028,Rv1998c
0.25757575757575757,Rv2036
0.24358974358974358,Rv2083
0.36,mptA
0.20481927710843373,fadD15
0.24358974358974358,cobS
0.2878787878787879,Rv2227
0.1791044776119403,Rv2240c
0.28125,sseB
0.21686746987951808,Rv2306A
0.25609756097560976,mez
0.22058823529411764,zur
0.2777777777777778,Rv2395
0.2876712328767123,Rv2415c
0.27380952380952384,tig
0.3472222222222222,plsC
0.3,nusB
0.2564102564102564,Rv2559c
0.3333333333333333,Rv2599
0.275,Rv2628
0.22972972972972974,Rv2660c
0.23529411764705882,Rv2668
0.23880597014925373,Rv2683
0.23943661971830985,Rv2690c
0.23943661971830985,Rv2714
0.27631578947368424,lppV
0.2857142857142857,Rv2813
0.24324324324324326,Rv2837c
0.29411764705882354,Rv2877c
0.3116883116883117,fadD26
0.3170731707317073,ppsB
0.2692307692307692,ppsE
0.22988505747126436,drrA
0.21839080459770116,pks15
0.2727272727272727,gatA
0.1951219512195122,Rv3096
0.2222222222222222,fprA
0.3150684931506849,devS
0.3333333333333333,pflA
0.2318840579710145,nuoI
0.22580645161290322,Rv3190c
0.19402985074626866,Rv3193c
0.30434782608695654,Rv3200c
0.22535211267605634,lpqB
0.2,rmlD
0.2876712328767123,purE
0.3375,pmmB
0.18055555555555555,sapM
0.2125,Rv3371
0.2833333333333333,echA18
0.25396825396825395,dxs2-Rv3380c
0.23684210526315788,cmaA1
0.21621621621621623,Rv3395c
0.25,Rv3479
0.2698412698412698,Rv3551
0.23809523809523808,Rv3555c
0.32051282051282054,hsaA
0.27631578947368424,Rv3627c
0.2857142857142857,dppA
0.25842696629213485,Rv3689
0.3442622950819672,glpK
0.24324324324324326,dnaQ
0.20689655172413793,Rv3753c
0.25,tcrY
0.25,embC
0.2413793103448276,embB
0.25,ubiA
0.25675675675675674,Rv3822
0.2361111111111111,mmpL8
0.2698412698412698,Rv3843c
0.31645569620253167,gltB
0.32142857142857145,Rv3899c
0.15942028985507245,Rv3909
0.2054794520547945,ctpD
0.3157894736842105,Rv1668c
0.2948717948717949,Rv0175
0.2558139534883721,Rv1976c-Rv1977
0.3064516129032258,Rv2016
0.27380952380952384,Rv2084
0.22388059701492538,helY-tatC
0.2972972972972973,vapB37-Rv2105
0.3146067415730337,fhaA
0.26865671641791045,Rv3060c-fadE22
0.3026315789473684,Rv3128c
0.18333333333333332,Rv3427c-Rv3428c
0.275,Rv0036c
0.25,hspR
0.21621621621621623,sigM
0.34328358208955223,Rv0064-vapB1
0.20512820512820512,Rv0576
0.3108108108108108,ptrBb-emrB
0.0958904109589041,Rv2061c-cobN
0.2,lppJ
0.2923076923076923,Rv2081c
0.2857142857142857,dinP
0.2909090909090909,dnaB
0.19402985074626866,pepA
0.29850746268656714,mak
0.25396825396825395,mce1F
0.18181818181818182,echA1
0.22058823529411764,Rv0258c
0.32098765432098764,oplA
0.32,fadD2
0.21348314606741572,lpqJ
0.189873417721519,phoP
0.15789473684210525,Rv0775
0.2463768115942029,cpsY
0.24675324675324675,ctpE
0.2878787878787879,fadD14
0.4090909090909091,Rv1063c-lpqV
0.3582089552238806,Rv1152
0.26785714285714285,thrC
0.28,tal
0.23170731707317074,Rv1516c
0.3698630136986301,Rv1516c-Rv1517
0.28846153846153844,mmpL12
0.31343283582089554,treX
0.2571428571428571,pykA
0.19696969696969696,uvrB
0.27692307692307694,Rv1877
0.2597402597402597,Rv1891
0.25,mce3D
0.23684210526315788,Rv2052c
0.38372093023255816,metH
0.35,Rv2257c
0.2692307692307692,bkdA-citE
0.22058823529411764,dhaA
0.3108108108108108,Rv2647-Rv2648
0.3076923076923077,Rv2652c-Rv2653c
0.23809523809523808,fadD29
0.29411764705882354,pgmA
0.2972972972972973,Rv3179-Rv3180c
0.24390243902439024,secA1
0.2926829268292683,choD
0.1917808219178082,Rv3475-kgtP
0.1794871794871795,fadE27
0.18055555555555555,Rv3611
0.2911392405063291,Rv3635
0.3,Rv3635-Rv3636
0.19402985074626866,Rv3693
0.2702702702702703,echA21
0.27941176470588236,aftB-ubiA
0.25,ethR
0.2608695652173913,Rv3857c-gltD
0.2631578947368421,PE_PGRS9-PE_PGRS10
0.30864197530864196,embR
0.3076923076923077,Rv2106-PE22
0.27848101265822783,Rv2434c
0.28378378378378377,Rv2478c-Rv2479c
0.25,Rv3178-Rv3179
0.19753086419753085,esxD
0.2714285714285714,Rv1682
0.19540229885057472,Rv1883c
0.23376623376623376,Rv1888c
0.3333333333333333,Rv2024c
0.2891566265060241,PE27A-esxR
0.21212121212121213,PPE53-Rv3160c
0.2926829268292683,idsB
0.25862068965517243,rpsM-rpmJ
0.273972602739726,bpoA-Rv3474
0.21621621621621623,Rv3897c
0.2702702702702703,ponA1
0.2916666666666667,Rv0648
0.2891566265060241,Rv1444c
0.2537313432835821,Rv1894c
0.25,Rv2624c
0.2878787878787879,pflA-fadE24
0.3088235294117647,Rv3860
0.2463768115942029,rplI
0.2459016393442623,Rv0064
0.33766233766233766,ctpB
0.29411764705882354,fadE1
0.273972602739726,fadE1-fgd2
0.24675324675324675,fadD4
0.2727272727272727,lldD1-Rv0695
0.3055555555555556,Rv0713
0.2361111111111111,Rv0737-Rv0738
0.24358974358974358,cyp123
0.30864197530864196,Rv0817c
0.2876712328767123,pstB
0.2542372881355932,tatD-rpfB
0.26506024096385544,Rv1057
0.21875,Rv1125
0.2647058823529412,Rv1319c
0.2361111111111111,ileS
0.22807017543859648,lppC
0.2413793103448276,cfp21-Rv1985c
0.25,Rv2020c
0.3026315789473684,Rv2034
0.25675675675675674,Rv2041c
0.39285714285714285,plcB
0.25806451612903225,Rv2402
0.2261904761904762,Rv2567
0.3103448275862069,dipZ
0.20481927710843373,amt
0.24324324324324326,Rv2951c
0.2894736842105263,Rv2958c
0.2987012987012987,cstA
0.36666666666666664,moaA1
0.2916666666666667,Rv3194c
0.3181818181818182,Rv3218-whiB1
0.18181818181818182,Rv3376
0.3116883116883117,alr
0.28,Rv3434c
0.2962962962962963,embA
0.3055555555555556,amt-ftsY
0.3150684931506849,ppsD
0.2676056338028169,Rv0071
0.23076923076923078,lprF-Rv1369c
0.2077922077922078,Rv2168c-Rv2169c
0.3157894736842105,Rv3183-Rv3184
0.2753623188405797,Rv3185-Rv3186
0.22807017543859648,accE5
0.275,Rv1290c
0.25,Rv1371
0.37681159420289856,gnd1
0.18032786885245902,Rv3655c
0.3230769230769231,htdX
0.2875,Rv1148c-Rv1149
0.28169014084507044,Rv1190
0.24358974358974358,pks1
0.20588235294117646,PE_PGRS50-Rv3346c
0.27941176470588236,sodA-Rv3847
0.3037974683544304,Rv0030
0.2916666666666667,ldtA
0.3026315789473684,Rv0180c
0.2236842105263158,vapC2
0.2345679012345679,glpQ2
0.24615384615384617,Rv0371c
0.2835820895522388,ndhA
0.24358974358974358,Rv0487
0.26666666666666666,Rv0496
0.2807017543859649,Rv0622
0.23684210526315788,rpoC
0.15517241379310345,moaA2
0.2987012987012987,fadE10
0.2702702702702703,Rv0923c
0.27419354838709675,greA-Rv1081c
0.25806451612903225,murA
0.18309859154929578,Rv1378c
0.32857142857142857,Rv1443c-Rv1444c
0.2054794520547945,pks5-papA4
0.14285714285714285,Rv1765c-Rv1765A
0.265625,gcvB
0.2222222222222222,katG
0.2835820895522388,Rv2030c
0.2786885245901639,lipT
0.3181818181818182,Rv2219
0.26153846153846155,Rv2258c-mscR
0.17142857142857143,pitB
0.2465753424657534,Rv2285
0.3013698630136986,Rv2345
0.24444444444444444,ggtB
0.25,Rv2435c
0.23529411764705882,Rv2456c
0.20634920634920634,secD
0.2,Rv2599-Rv2600
0.23684210526315788,Rv2662-Rv2663
0.37037037037037035,aftC-msrB
0.2647058823529412,serA1
0.24358974358974358,Rv3083
0.22972972972972974,Rv3167c
0.21052631578947367,Rv3224
0.25609756097560976,Rv3277
0.24390243902439024,atsB
0.25,Rv3482c
0.24242424242424243,Rv3538
0.28,ftsH
0.34782608695652173,tgs2
0.2153846153846154,Rv3770c-Rv3770A
0.35064935064935066,espB
0.2647058823529412,Rv3901c-Rv3902c
0.27941176470588236,Rv0383c
0.2328767123287671,Rv0650
0.3157894736842105,fadE9
0.3076923076923077,priA
0.2714285714285714,whiA
0.27692307692307694,Rv3166c
0.2602739726027397,Rv2263
0.30985915492957744,Rv3381c-lytB1
0.22784810126582278,esxR-esxS
0.18055555555555555,lpqM
0.2702702702702703,Rv1318c
0.2112676056338028,adh
0.275,mbtB-mbtA
0.1891891891891892,Rv3334
0.22058823529411764,Rv2262c
0.32941176470588235,Rv1729c-Rv1730c
0.3333333333333333,Rv3453
0.2191780821917808,Rv0026
0.24468085106382978,Rv0074
0.2542372881355932,fadE3
0.28169014084507044,ndhA-Rv0393
0.2413793103448276,mmpS1-fadD30
0.28205128205128205,Rv0443
0.2876712328767123,Rv0614
0.391304347826087,galTb
0.2191780821917808,Rv0698
0.17073170731707318,far-Rv0856
0.22093023255813954,Rv0914c
0.34328358208955223,lprP-Rv0963c
0.21348314606741572,Rv0966c
0.2702702702702703,kdpD
0.2875,mcr
0.21686746987951808,Rv1204c
0.3026315789473684,Rv1260
0.2361111111111111,Rv1509
0.23376623376623376,fadD11
0.2962962962962963,treZ
0.24561403508771928,pks10
0.18181818181818182,Rv1778c
0.2857142857142857,Rv1804c-Rv1805c
0.2875,Rv1810
0.2077922077922078,Rv1841c
0.21951219512195122,Rv1895
0.37142857142857144,lipJ-cinA
0.23076923076923078,fadB5
0.20634920634920634,Rv1924c
0.27941176470588236,Rv1977
0.23863636363636365,cobK
0.2318840579710145,Rv2189c
0.3013698630136986,cyp128
0.2112676056338028,Rv2275
0.2716049382716049,Rv2319c
0.21875,stp
0.27848101265822783,Rv2553c
0.234375,Rv2574
0.2535211267605634,TB31.7
0.4090909090909091,Rv2630-Rv2631
0.2564102564102564,Rv2699c-Rv2700
0.25333333333333335,Rv2777c
0.2222222222222222,Rv2953
0.28125,Rv2980-ddlA
0.2857142857142857,Rv2994
0.2641509433962264,Rv3007c
0.2,Rv3037c
0.234375,pknK
0.19047619047619047,Rv3128c-Rv3129
0.2876712328767123,Rv3129
0.3088235294117647,aofH
0.23684210526315788,tgs3
0.3373493975903614,Rv3337
0.2413793103448276,Rv3401-Rv3402c
0.3076923076923077,rpoA-rpsD
0.265625,lipF-Rv3488
0.19402985074626866,Rv3716c
0.3188405797101449,Rv3798-accD4
0.2692307692307692,Rv3836
0.2222222222222222,Rv3848-espR
0.19402985074626866,espE
0.2236842105263158,espJ
0.28378378378378377,gyrB
0.2222222222222222,gyrA
0.2328767123287671,ileT-alaT
0.36923076923076925,ppiA-Rv0010c
0.34328358208955223,Rv0010c
0.2878787878787879,rodA
0.2962962962962963,Rv0021c
0.3333333333333333,celA1
0.2236842105263158,celA1-Rv0063
0.2571428571428571,Rv0063-Rv0064
0.24675324675324675,Rv0067c
0.265625,Rv0075
0.26506024096385544,ctpA
0.3055555555555556,nrp
0.25,Rv0102
0.2926829268292683,treS-mak
0.29411764705882354,Rv0133
0.2804878048780488,Rv0143c
0.37735849056603776,Rv0144
0.25,Rv0144-Rv0145
0.3698630136986301,Rv0150c-PE1
0.23404255319148937,adhE1
0.3333333333333333,yrbE1A
0.32432432432432434,Rv0193c-Rv0194
0.26582278481012656,Rv0210
0.2647058823529412,Rv0213c
0.2638888888888889,lipC
0.29850746268656714,Rv0224c
0.273972602739726,vapB24
0.32857142857142857,vapB2
0.2463768115942029,Rv0309
0.22972972972972974,cyp135A1
0.2564102564102564,Rv0329c
0.30985915492957744,Rv0331
0.2602739726027397,Rv0339c
0.17857142857142858,dnaK
0.2714285714285714,dnaJ1
0.2972972972972973,hspR-PPE7
0.34285714285714286,Rv0361-mgtE
0.3291139240506329,Rv0374c-Rv0375c
0.21686746987951808,Rv0386
0.20481927710843373,fgd1
0.2923076923076923,pknG
0.27710843373493976,thiG
0.3333333333333333,Rv0433
0.27848101265822783,moeA2-Rv0439c
0.2,Rv0448c
0.25333333333333335,mmpL4
0.32558139534883723,Rv0452-PPE11
0.25301204819277107,Rv0458
0.3333333333333333,Rv0465c
0.2602739726027397,fadB2-umaA
0.24285714285714285,umaA
0.26666666666666666,Rv0473
0.2463768115942029,Rv0479c
0.2631578947368421,serB1
0.273972602739726,hemL
0.30303030303030304,Rv0541c
0.23943661971830985,menE
0.28205128205128205,Rv0552
0.3333333333333333,Rv0571c
0.3220338983050847,Rv0628c
0.2028985507246377,recB
0.34285714285714286,echA3
0.2535211267605634,Rv0633c
0.16,secE1
0.25,Rv0653c-Rv0654
0.34375,Rv0654
0.2571428571428571,mkl
0.3220338983050847,vapB6-Rv0658c
0.25675675675675674,Rv0658c
0.3291139240506329,rpoC-Rv0669c
0.25806451612903225,fadE8
0.19753086419753085,tuf-Rv0686
0.21739130434782608,Rv0699-rpsJ
0.171875,Rv0725c
0.25,vapC31
0.20967741935483872,Rv0756c
0.19672131147540983,adhB
0.2835820895522388,Rv0762c
0.28,Rv0776c-purB
0.35365853658536583,cyp126
0.18055555555555555,Rv0791c
0.35714285714285715,Rv0802c
0.3287671232876712,thiX
0.26153846153846155,phoT
0.2054794520547945,Rv0843-narL
0.2638888888888889,Rv0856
0.3380281690140845,Rv0876c-Rv0877
0.1935483870967742,Rv0897c
0.3076923076923077,Rv0906
0.2777777777777778,Rv0911
0.2676056338028169,betP
0.19117647058823528,betP-Rv0918
0.2878787878787879,mntH
0.2903225806451613,Rv0925c
0.29310344827586204,pstS3
0.3023255813953488,pstS1
0.2727272727272727,ligD
0.20833333333333334,Rv0942
0.32098765432098764,Rv0950c
0.35714285714285715,accA2
0.26666666666666666,arcA
0.20987654320987653,metS
0.2054794520547945,Rv1012-pks16
0.2631578947368421,mfd
0.2441860465116279,trcS
0.27586206896551724,Rv1043c
0.2972972972972973,Rv1050
0.2676056338028169,Rv1061
0.3148148148148148,Rv1063c
0.30120481927710846,Rv1069c
0.2923076923076923,fadA3
0.2535211267605634,glpX
0.2876712328767123,Rv1109c
0.19480519480519481,Rv1111c
0.3333333333333333,Rv1129c-prpD
0.2875,metE
0.2878787878787879,Rv1134-PPE16
0.19444444444444445,Rv1158c
0.2535211267605634,pks3
0.25609756097560976,papA3
0.26744186046511625,dapD
0.3142857142857143,tagA
0.203125,Rv1231c
0.2625,lpqZ
0.2153846153846154,Rv1248c
0.23170731707317074,Rv1251c
0.19117647058823528,Rv1264
0.2361111111111111,pknH
0.3466666666666667,Rv1291c-argV
0.28169014084507044,atpG
0.25,rrs
0.38461538461538464,rrl
0.34,pncB1
0.2857142857142857,mbtM
0.2903225806451613,irtA
0.23880597014925373,fabG2
0.1951219512195122,Rv1356c-Rv1357c
0.3037974683544304,mcr15
0.22535211267605634,Rv1372
0.2875,Rv1377c
0.3709677419354839,PPE20-mihF
0.2962962962962963,Rv1403c
0.2361111111111111,Rv1405c
0.3387096774193548,lipO
0.3466666666666667,Rv1428c
0.2976190476190476,tpi-Rv1439c
0.3,Rv1439c-secG
0.24561403508771928,tkt
0.31746031746031744,PE_PGRS27-ctaB
0.20987654320987653,ctaB
0.2638888888888889,Rv1473A
0.23255813953488372,Rv1500
0.3125,Rv1503c
0.20833333333333334,Rv1518
0.3188405797101449,Rv1526c
0.24050632911392406,fadD24-adh
0.19047619047619047,Rv1534-Rv1535
0.25,Rv1543
0.32857142857142857,bioD
0.21739130434782608,Rv1591
0.24675324675324675,lgt
0.24096385542168675,cya
0.38271604938271603,rpsA
0.2647058823529412,Rv1634
0.17721518987341772,tsnR
0.3472222222222222,pheT
0.23076923076923078,argH
0.22448979591836735,argH-pks10
0.3283582089552239,pks17
0.19480519480519481,Rv1672c
0.2631578947368421,dsbF
0.24242424242424243,recN
0.3076923076923077,pyrG
0.27906976744186046,engA
0.1917808219178082,fadB3
0.2727272727272727,Rv1724c
0.24615384615384617,Rv1730c-gabD2
0.2318840579710145,pknF-Rv1747
0.24,fadD1
0.2835820895522388,Rv1751
0.2564102564102564,cut1
0.23943661971830985,Rv1779c
0.2727272727272727,malQ-eccB5
0.2054794520547945,eccC5
0.16417910447761194,PPE26-PPE27
0.1927710843373494,esxM
0.24675324675324675,eccE5
0.20270270270270271,Rv1836c
0.23684210526315788,Rv1842c
0.24074074074074073,blaI
0.2692307692307692,Rv1855c
0.3235294117647059,Rv1866
0.21052631578947367,Rv1868
0.24242424242424243,Rv1875
0.15789473684210525,bfrA-Rv1877
0.17857142857142858,lppE
0.28,Rv1889c
0.22784810126582278,furA
0.26582278481012656,Rv1931c
0.3125,tpx
0.2235294117647059,ribA1
0.2777777777777778,Rv1957
0.32432432432432434,mce3R-yrbE3A
0.3333333333333333,mce3F
0.21875,Rv1975
0.3108108108108108,Rv1993c
0.28378378378378377,Rv1995-Rv1996
0.2465753424657534,Rv1996
0.2692307692307692,Rv1996-ctpF
0.17391304347826086,Rv2003c
0.24358974358974358,otsB1
0.2535211267605634,Rv2035
0.3333333333333333,ppm1
0.2839506172839506,mazF7
0.25301204819277107,Rv2073c
0.2753623188405797,Rv2074
0.27380952380952384,Rv2090
0.23809523809523808,PE21-Rv2100
0.3424657534246575,hisE-PPE37
0.29850746268656714,Rv2132
0.28205128205128205,lppL
0.18055555555555555,TB18.6
0.15714285714285714,Rv2161c
0.16901408450704225,pbpB
0.15,pimB
0.22972972972972974,ctaC-asnB
0.2153846153846154,Rv2203
0.27419354838709675,Rv2205c-Rv2206
0.23376623376623376,Rv2212
0.3181818181818182,rnpB-Rv2227
0.3230769230769231,Rv2230c
0.20967741935483872,mcr16-acpM
0.31343283582089554,Rv2252
0.2833333333333333,Rv2265
0.2625,lppN
0.2716049382716049,Rv2298
0.2876712328767123,cut2
0.3125,Rv2303c
0.27710843373493976,Rv2309c-Rv2309A
0.3064516129032258,rocE
0.23170731707317074,narK1
0.2676056338028169,glyS-smtB
0.24390243902439024,smtB
0.4,Rv2370c
0.3076923076923077,dnaJ2
0.31666666666666665,cfp2
0.22058823529411764,mbtF
0.203125,mbtE
0.2,mbtJ
0.19480519480519481,hemN
0.25333333333333335,Rv2401A-Rv2402
0.21739130434782608,Rv2407-PE24
0.3380281690140845,oxyR
0.2833333333333333,ahpD
0.20270270270270271,ndkA-Rv2446c
0.275,clpX-mmuM
0.23333333333333334,glbO
0.28378378378378377,Rv2484c
0.2465753424657534,hisT-Rv2512c
0.22972972972972974,vapC19-Rv2548A
0.30985915492957744,Rv2560-mpr11
0.26666666666666666,Rv2570
0.2638888888888889,Rv2575
0.3064516129032258,relA
0.25,vapB40
0.30303030303030304,pgsA1
0.25,Rv2627c-Rv2628
0.2261904761904762,Rv2664
0.2465753424657534,Rv2665-Rv2666
0.24096385542168675,Rv2676c
0.22857142857142856,hemY
0.2898550724637681,Rv2680
0.3068181818181818,Rv2712c-sthA
0.20512820512820512,Rv2717c-nrdR
0.2236842105263158,Rv2719c
0.35064935064935066,fadE20-hflX
0.28169014084507044,miaA
0.19696969696969696,recA-Rv2737A
0.28,Rv2779c
0.352112676056338,sirR
0.2465753424657534,Rv2807-Rv2808
0.25,Rv2815c-Rv2816c
0.3076923076923077,Rv2825c
0.2564102564102564,ugpC
0.2597402597402597,aldC
0.23376623376623376,mpt83-dipZ
0.20270270270270271,Rv2880c
0.2191780821917808,rplS-lppW
0.25925925925925924,Rv2913c
0.2537313432835821,Rv2917
0.3333333333333333,glnD
0.22857142857142856,Rv2927c
0.26666666666666666,fadD22
0.25,Rv2953-Rv2954c
0.16417910447761194,Rv2955c
0.15151515151515152,Rv2956-Rv2957
0.34285714285714286,Rv2959c-Rv2960c
0.21333333333333335,Rv2962c
0.203125,Rv2962c-Rv2963
0.22727272727272727,Rv2971
0.2962962962962963,recG
0.2222222222222222,Rv2974c
0.19736842105263158,Rv2990c
0.25,esxR
0.23076923076923078,Rv3023c-trmU
0.28169014084507044,Rv3026c
0.25,Rv3027c
0.3375,Rv3032A-Rv3033
0.3188405797101449,ctaD
0.296875,adhC
0.19230769230769232,cyp136-Rv3060c
0.3088235294117647,cstA-Rv3064c
0.375,Rv3066-Rv3067
0.2328767123287671,Rv3071
0.323943661971831,Rv3079c
0.3561643835616438,virS
0.25,Rv3085
0.2676056338028169,Rv3087
0.17647058823529413,Rv3093c
0.2702702702702703,moaC1
0.1875,tgs1
0.19718309859154928,Rv3161c
0.26666666666666666,TB7.3
0.25333333333333335,desA3
0.2676056338028169,fadE25
0.25,birA
0.2608695652173913,lat
0.3,lat-lrpA
0.3235294117647059,lrpA
0.24358974358974358,phoY1
0.3709677419354839,glpD2
0.1917808219178082,sdhC
0.2375,dacB1
0.22666666666666666,Rv3355c
0.28378378378378377,folD
0.18032786885245902,Rv3362c
0.2807017543859649,otsB2-echA18
0.21794871794871795,amiD
0.323943661971831,dxs2
0.3076923076923077,Rv3394c
0.2727272727272727,guaA
0.23076923076923078,idsA1
0.23809523809523808,Rv3435c-glmS
0.21428571428571427,rpsI
0.34375,rmlC-Rv3466
0.39705882352941174,Rv3472
0.2692307692307692,kgtP
0.21428571428571427,Rv3480c
0.2692307692307692,Rv3502c
0.17142857142857143,fadE26
0.2987012987012987,Rv3510c
0.2857142857142857,fadD19-echA19
0.22727272727272727,Rv3521
0.2714285714285714,Rv3524
0.2647058823529412,Rv3525c
0.1875,Rv3530c
0.288135593220339,hsaG
0.2857142857142857,Rv3549c-echA20
0.26744186046511625,fadE31
0.25,lppH-Rv3577
0.3,ispF
0.1917808219178082,ispD
0.23333333333333334,clpC1
0.35,Rv3630
0.22077922077922077,Rv3645
0.28125,topA
0.2222222222222222,MTS2823-Rv3662c
0.34375,Rv3684
0.17777777777777778,moxR2
0.28169014084507044,Rv3694c-Rv3695
0.2716049382716049,Rv3699
0.3333333333333333,Rv3719
0.3125,Rv3728
0.2857142857142857,Rv3732
0.27941176470588236,Rv3736
0.22535211267605634,ctpJ
0.25882352941176473,tyrA
0.3188405797101449,Rv3771c-argU
0.21052631578947367,Rv3811
0.22388059701492538,Rv3832c
0.296875,Rv3833
0.3291139240506329,whiB6
0.26865671641791045,whiB6-Rv3863
0.375,eccA1
0.19791666666666666,mycP2
0.2545454545454545,Rv3896c
0.25925925925925924,Rv3921c
0.23943661971830985,Rv2012-Rv2013
0.3684210526315789,Rv3901c
0.2714285714285714,Rv1637c
0.22988505747126436,rpmJ
0.2361111111111111,Rv0504c-serB1
0.22535211267605634,Rv0029-Rv0030
0.21212121212121213,Rv0273c-Rv0274
0.23529411764705882,iniB
0.26865671641791045,omt
0.24358974358974358,fadE22
0.2692307692307692,Rv0051
0.2625,Rv0128-fbpC
0.2807017543859649,Rv0194-Rv0195
0.3246753246753247,Rv0426c
0.25806451612903225,Rv0528
0.15517241379310345,TB27.3
0.2948717948717949,Rv0634c
0.18333333333333332,phoR
0.3333333333333333,pip
0.20634920634920634,rpfB
0.2033898305084746,Rv1140
0.2676056338028169,folP2
0.32926829268292684,Rv1627c
0.26666666666666666,uvrA
0.2727272727272727,pks11
0.27631578947368424,aceAb
0.2682926829268293,higA
0.21518987341772153,dop
0.3466666666666667,murE
0.24285714285714285,uspC
0.2972972972972973,dgt-Rv2345
0.20652173913043478,mbtI
0.3235294117647059,eis
0.26153846153846155,Rv2517c-ldtB
0.35,Rv2715
0.2753623188405797,Rv2733c
0.3466666666666667,Rv2929-fadD26
0.2537313432835821,hab
0.2375,moaR1-PPE49
0.2361111111111111,Rv3196A-Rv3197
0.3333333333333333,fbiA
0.25333333333333335,Rv3430c-Rv3431c
0.3176470588235294,eccC4
0.2537313432835821,cut4-Rv3453
0.22077922077922077,ddn
0.31645569620253167,Rv3575c
0.2073170731707317,dppB
0.3037974683544304,Rv3742c-ctpJ
0.3333333333333333,Rv2147c
0.19444444444444445,Rv0756c-phoP
0.23809523809523808,Rv0052
0.2857142857142857,vapC2-Rv0302
0.2328767123287671,Rv1734c-Rv1735c
0.3508771929824561,B11
0.4025974025974026,treS
0.26506024096385544,Rv0149
0.1875,Rv0585c
0.3050847457627119,yrbE2A
0.3181818181818182,mce2D
0.15384615384615385,Rv0837c
0.16279069767441862,Rv1019
0.22388059701492538,kdpB
0.2537313432835821,cbs-pra
0.29577464788732394,Rv1104-Rv1105
0.2564102564102564,mrp
0.24,Rv1303
0.2962962962962963,vapB10-nlhH
0.3181818181818182,Rv1598c
0.2692307692307692,Rv1610
0.3,PPE22-PPE23
0.2972972972972973,lipD
0.14473684210526316,Rv1937
0.2153846153846154,Rv2019
0.24050632911392406,metH-Rv2125
0.296875,mbtD
0.26153846153846155,gdh
0.22413793103448276,Rv2551c
0.26136363636363635,thrS
0.27631578947368424,Rv2672
0.275,arsA
0.2112676056338028,sthA
0.16666666666666666,Rv2752c
0.2987012987012987,Rv2805
0.3235294117647059,Rv2826c
0.22784810126582278,Rv2864c
0.18571428571428572,Rv2898c-fdhD
0.2564102564102564,Rv2954c
0.29577464788732394,lpqA-esxQ
0.24691358024691357,Rv3191c-metU
0.3018867924528302,Rv3202c-lipV
0.16923076923076924,Rv3335c-trpS
0.23943661971830985,Rv3338
0.2716049382716049,Rv3413c
0.3157894736842105,mce4A
0.2125,PE_PGRS58-Rv3591c
0.2777777777777778,Rv3633
0.2236842105263158,Rv3845
0.2,Rv2566
0.26153846153846155,PPE36-prcA
0.22033898305084745,lprO
0.2077922077922078,Rv0356c
0.2972972972972973,menD
0.3218390804597701,ASdes-Rv0825c
0.3194444444444444,vapB10
0.22950819672131148,Rv1711
0.2463768115942029,Rv2798c
0.19117647058823528,fdhF-Rv2901c
0.18055555555555555,eccE2
0.24324324324324326,lprA
0.24615384615384617,cspB-PE_PGRS15
0.23376623376623376,Rv0521
0.27631578947368424,Rv1004c
0.2857142857142857,Rv1566c
0.2125,ssb
0.25333333333333335,Rv0412c-mutT3
0.22727272727272727,echA2
0.27941176470588236,Rv0584
0.36619718309859156,Rv0744c
0.25609756097560976,Rv0784
0.37142857142857144,Rv0794c
0.2571428571428571,galU
0.2839506172839506,lpqX-mrp
0.29310344827586204,prfA
0.2777777777777778,PE_PGRS28-Rv1453
0.25675675675675674,Rv1457c
0.27692307692307694,ripA
0.36,mutB
0.24285714285714285,mscR
0.25,yjcE
0.26582278481012656,Rv2326c
0.23076923076923078,Rv2513-Rv2514c
0.22972972972972974,Rv2520c
0.19718309859154928,Rv2609c
0.3150684931506849,arsA-arsB1
0.19736842105263158,hsdM-vapC21
0.16216216216216217,cysG
0.27941176470588236,Rv2910c
0.21333333333333335,ligB
0.2777777777777778,agpS
0.16666666666666666,Rv3134c
0.26865671641791045,Rv3312A
0.27472527472527475,PE32-lpqG
0.2823529411764706,hisC2
0.234375,Rv2975c
0.30303030303030304,pbpA
0.11842105263157894,Rv0518
0.20588235294117646,fadD8
0.2894736842105263,Rv0829-Rv0830
0.2361111111111111,Rv0895
0.3157894736842105,Rv0913c
0.26153846153846155,Rv0963c
0.20512820512820512,Rv1136
0.2318840579710145,narI
0.21875,ppnK
0.16666666666666666,Rv1738
0.2702702702702703,erg3
0.2033898305084746,lipZ
0.23880597014925373,cmtR-Rv1995
0.25609756097560976,Rv2664-Rv2665
0.208955223880597,mapB
0.2222222222222222,Rv2997-Rv2998
0.2676056338028169,Rv3091
0.2823529411764706,Rv3177
0.33783783783783783,uvrD2
0.28,Rv3400
0.2153846153846154,rpoA
0.25842696629213485,fadE30
0.2972972972972973,Rv3767c
0.3148148148148148,PPE9-purT
0.25,Rv1866-Rv1867
0.2962962962962963,ptrBa
0.16393442622950818,vapC24
0.25287356321839083,Rv0471c
0.273972602739726,Rv2022c-Rv2023c
0.2345679012345679,lppP
0.28,Rv3254
0.325,Rv0140
0.3787878787878788,Rv0148
0.2948717948717949,mce1A
0.23636363636363636,Rv0401-mmpL1
0.30434782608695654,glnH
0.25,def-Rv0430
0.21739130434782608,vapB4-Rv0597c
0.29411764705882354,Rv0687
0.2876712328767123,Rv0737
0.3108108108108108,mshD
0.35135135135135137,Rv0845-Rv0846c
0.23809523809523808,fadB
0.19767441860465115,uvrD1
0.25,Rv1056-Rv1057
0.25333333333333335,gnd2
0.171875,Rv1129c
0.27941176470588236,Rv1171
0.29577464788732394,PE12-fbiC
0.2948717948717949,Rv1277
0.3333333333333333,Rv1288
0.2558139534883721,atpD
0.2537313432835821,lipL-Rv1498c
0.25,trpE
0.3287671232876712,Rv1667c
0.23809523809523808,vapB12-Rv1722
0.2608695652173913,pknE
0.2857142857142857,Rv1765A-Rv1766
0.26744186046511625,ctpG
0.2804878048780488,Rv2022c
0.2463768115942029,mshC
0.3157894736842105,Rv2307c-Rv2307A
0.27692307692307694,rocD1
0.32432432432432434,Rv2414c
0.3333333333333333,fas
0.29333333333333333,ruvB
0.3018867924528302,Rv2897c
0.2465753424657534,aroA
0.2948717948717949,Rv3241c
0.2465753424657534,deoD
0.19672131147540983,dnaE2
0.189873417721519,Rv3481c-Rv3482c
0.2753623188405797,Rv3705c
0.2948717948717949,eccCb1-PE35
0.1951219512195122,AS1726
0.22972972972972974,ufaA1
0.15254237288135594,cycA
0.30985915492957744,mazF5
0.2976190476190476,Rv2091c
0.2537313432835821,PE_PGRS37-ansP1
0.2857142857142857,Rv2557
0.20238095238095238,Rv2765
0.3050847457627119,Rv2802c
0.24324324324324326,Rv2803
0.25396825396825395,Rv3733c
0.2602739726027397,pks2
0.2361111111111111,gyrA-Rv0007
0.2972972972972973,vapC1
0.20967741935483872,Rv0068
0.2894736842105263,Rv0094c-Rv0095c
0.3,gmhA
0.28378378378378377,Rv0177
0.2537313432835821,bglS-mymT
0.2835820895522388,cobQ1
0.2597402597402597,Rv0263c
0.1746031746031746,tam
0.4235294117647059,Rv0340-iniB
0.3382352941176471,thiD
0.35714285714285715,Rv0449c
0.3055555555555556,Rv0457c-Rv0458
0.25,umaA-pcaA
0.2804878048780488,Rv0480c-Rv0481c
0.25,Rv0514-Rv0515
0.1625,Rv0831c
0.21739130434782608,moaC2
0.2692307692307692,ompA
0.23076923076923078,Rv1051c-mpr5
0.31746031746031744,Rv1087A-PE9
0.2676056338028169,Rv1096
0.2676056338028169,sigI
0.21739130434782608,cyp130
0.2676056338028169,Rv1273c
0.2545454545454545,oppB-canA
0.22857142857142856,rphA
0.2692307692307692,Rv1358
0.3333333333333333,Rv1359-Rv1360
0.22972972972972974,Rv1363c
0.2676056338028169,Rv1506c
0.2361111111111111,fadD24
0.15873015873015872,Rv1565c
0.2028985507246377,hisB
0.2413793103448276,hisI
0.2923076923076923,Rv1723
0.273972602739726,Rv1773c-Rv1774
0.2876712328767123,ilvG
0.2807017543859649,lipJ
0.26666666666666666,aceAa
0.2727272727272727,Rv1995
0.2857142857142857,Rv2011c
0.25,Rv2081c-Rv2082
0.208955223880597,Rv2143
0.2857142857142857,Rv2164c
0.3382352941176471,qcrB
0.29333333333333333,glnA2
0.20967741935483872,Rv2277c
0.28205128205128205,Rv2279-Rv2280
0.22580645161290322,Rv2307c
0.2361111111111111,lepA
0.2894736842105263,mrr-Rv2529
0.37333333333333335,pdxH
0.32432432432432434,aftC
0.19696969696969696,Rv2681
0.2625,ltp1
0.20253164556962025,infB
0.28205128205128205,Rv2867c
0.3287671232876712,pknI
0.323943661971831,pca
0.27586206896551724,Rv3072c
0.3333333333333333,virS-Rv3083
0.24444444444444444,smpB
0.323943661971831,Rv3218
0.26153846153846155,nei
0.2777777777777778,kgtP-PE31
0.3333333333333333,mce4F
0.21839080459770116,fadD17
0.2876712328767123,Rv3549c
0.25396825396825395,lpqE
0.2804878048780488,mpr18-PE_PGRS60
0.26666666666666666,ask-leuA
0.27692307692307694,Rv3726
0.2857142857142857,Rv3770c
0.34782608695652173,Rv3786c
0.27848101265822783,Rv3814c
0.3064516129032258,rraA
0.20987654320987653,pcnA
0.2987012987012987,Rv3912
0.23943661971830985,mmpL2
0.23943661971830985,Rv1961
0.20634920634920634,ncrMT1234-esxK
0.23076923076923078,Rv1373
0.30864197530864196,Rv2689c-Rv2690c
0.25675675675675674,Rv0039c
0.273972602739726,Rv0088
0.2619047619047619,fadA2
0.3220338983050847,Rv0260c-narK3
0.18571428571428572,Rv0373c
0.30303030303030304,gpdA1
0.2987012987012987,nrdZ
0.1935483870967742,recC
0.25333333333333335,Rv0674
0.18840579710144928,rpsG
0.08823529411764706,atsA
0.20270270270270271,fucA
0.22105263157894736,dapC-fadA
0.325,Rv0891c
0.27848101265822783,lpqV-Rv1065
0.21333333333333335,Rv1116A
0.3,Rv1410c
0.22388059701492538,Rv1424c
0.26229508196721313,Rv1480
0.29508196721311475,frdD
0.2112676056338028,bioA
0.3055555555555556,Rv1747
0.25675675675675674,lppC-fadB5
0.30952380952380953,Rv2005c
0.25,Rv2141c-leuU
0.2833333333333333,cysE
0.2222222222222222,hisS
0.24285714285714285,fadD9
0.20833333333333334,Rv2618
0.1875,suhB
0.2714285714285714,pyrH-Rv2884
0.25333333333333335,rpsB-Rv2891
0.2647058823529412,dacB2
0.25757575757575757,Rv2949c
0.2564102564102564,ppk1
0.2857142857142857,Rv3067
0.22077922077922077,Rv3094c
0.2876712328767123,Rv3333c-Rv3334
0.3023255813953488,folD-relJ
0.27710843373493976,Rv3403c
0.3291139240506329,glmS
0.20481927710843373,Rv3552
0.25609756097560976,folK
0.2625,Rv3717-Rv3718c
0.29545454545454547,mce1R
0.20967741935483872,fadE3-Rv0216
0.3068181818181818,Rv0817c-Rv0818
0.24,Rv1075c
0.34210526315789475,rpsR2
0.24,Rv2531c
0.2857142857142857,eccA3
0.1111111111111111,xthA
0.29577464788732394,Rv0579
0.3170731707317073,Rv0669c
0.21428571428571427,Rv0712
0.25,Rv0765c
0.3037974683544304,Rv0828c
0.2,Rv0910-Rv0911
0.21794871794871795,pstA1
0.2602739726027397,lprE
0.1590909090909091,Rv1279
0.3037974683544304,dnaE1
0.24,Rv2060
0.2857142857142857,nadE
0.2878787878787879,glnQ-Rv2565
0.3026315789473684,ppgK
0.3148148148148148,Rv2733c-Rv2734
0.19736842105263158,dipZ-mpt70
0.36904761904761907,cdsA
0.2988505747126437,ppsC
0.30120481927710846,Rv3073c
0.18571428571428572,Rv3531c-PPE61
0.3125,fadE34
0.2676056338028169,fadE34-kstR
0.22666666666666666,lppH
0.22641509433962265,Rv3768-Rv3769
0.3146067415730337,eccB2
0.25806451612903225,Rv3326-Rv3327
0.19230769230769232,mshD-phoT
0.19444444444444445,Rv0882
0.2054794520547945,pknD
0.3333333333333333,Rv0961
0.25757575757575757,frdD-Rv1556
0.27631578947368424,Rv1774
0.30666666666666664,rpfC
0.2894736842105263,cobM
0.352112676056338,Rv2323c-Rv2324
0.23636363636363636,fpg-rnc
0.23880597014925373,Rv3169
0.3333333333333333,Rv3324A
0.2236842105263158,clpC1-mpr17
0.2564102564102564,Rv3649
0.22784810126582278,rsfB
0.3246753246753247,Rv0029
0.22058823529411764,Rv0082
0.2894736842105263,Rv0083
0.26582278481012656,mce1B
0.3076923076923077,Rv0281
0.2714285714285714,eccB3
0.2857142857142857,Rv0296c
0.21875,PE6-Rv0336
0.30303030303030304,Rv0345
0.32432432432432434,Rv0387c-PPE9
0.3333333333333333,Rv0396
0.3194444444444444,lpqK
0.22077922077922077,mmpS1
0.22826086956521738,Rv0439c
0.35802469135802467,Rv0474-hbhA
0.2962962962962963,murB
0.20634920634920634,Rv0625c
0.32098765432098764,Rv0647c
0.2625,rplL
0.22857142857142856,lpqP
0.3275862068965517,lldD1
0.3384615384615385,Rv0697-Rv0698
0.28378378378378377,rplX
0.2903225806451613,ptrBb
0.2191780821917808,Rv0792c
0.22784810126582278,Rv0870c
0.2465753424657534,pstA2
0.23809523809523808,Rv0944
0.32142857142857145,purH
0.2625,Rv0958
0.2,Rv0959-vapB9
0.25,ctpV
0.2894736842105263,lpqT-prsA
0.28378378378378377,Rv1025
0.25,fbiC
0.29213483146067415,Rv1179c
0.2236842105263158,Rv1190-Rv1191
0.25925925925925924,Rv1245c-relE
0.21621621621621623,Rv1278
0.3387096774193548,cysN
0.328125,atpH
0.2191780821917808,glgE
0.2676056338028169,irtB
0.2857142857142857,cyp132
0.2753623188405797,rpe
0.3048780487804878,Rv1455
0.26229508196721313,Rv1460
0.3333333333333333,fadE15-PE_PGRS29
0.18181818181818182,Rv1489A
0.21428571428571427,frdA
0.2911392405063291,Rv1592c
0.2375,Rv1676
0.2602739726027397,Rv1692
0.25757575757575757,Rv1742
0.36,PE_PGRS31-Rv1769
0.30120481927710846,mycP5
0.225,Rv1804c
0.2891566265060241,secA2-pgsA2
0.16455696202531644,Rv1829-Rv1830
0.3058823529411765,apa
0.3333333333333333,Rv1874
0.19767441860465115,cyp140
0.34210526315789475,Rv1896c
0.2191780821917808,Rv1944c
0.2236842105263158,Rv1950c
0.1875,Rv1979c-mpt64
0.3188405797101449,Rv2008c-vapB15
0.23333333333333334,ppm1-Rv2052c
0.2638888888888889,cobG
0.22857142857142856,sigC
0.2692307692307692,Rv2137c
0.25,murC
0.2894736842105263,mmpS3-Rv2199c
0.22388059701492538,Rv2216
0.25,ptpA
0.3,moeW-mmpL9
0.2054794520547945,lppQ-Rv2342
0.2857142857142857,phoH1
0.2727272727272727,Rv2425c
0.23076923076923078,Rv2459-clpP2
0.1839080459770115,Rv2477c
0.2972972972972973,Rv2489c
0.21333333333333335,Rv2560
0.2153846153846154,Rv2561
0.2638888888888889,gabT
0.2,Rv2732c
0.24285714285714285,pepR
0.23684210526315788,Rv2819c
0.30337078651685395,Rv2828A
0.25675675675675674,ugpB
0.29577464788732394,ugpA
0.2608695652173913,Rv2926c
0.23880597014925373,tesA
0.25274725274725274,papA5
0.2923076923076923,mmpL7
0.2222222222222222,Rv2989
0.4126984126984127,trmU
0.2727272727272727,Rv3054c
0.25675675675675674,Rv3074
0.2328767123287671,fadD13
0.2537313432835821,Rv3113
0.2727272727272727,moeB2
0.2318840579710145,Rv3123-moaR1
0.35135135135135137,fadE24
0.24691358024691357,nuoD
0.2926829268292683,moxR3
0.2597402597402597,Rv3189
0.3150684931506849,Rv3192
0.2911392405063291,Rv3239c-secA1
0.31343283582089554,Rv3300c
0.30434782608695654,lpdA-Rv3304
0.2463768115942029,icd1
0.2375,Rv3369
0.24705882352941178,acrA1
0.3333333333333333,rplM
0.24,rmlB
0.2361111111111111,ilvB2
0.2112676056338028,yrbE4A-Rv3502c
0.27710843373493976,Rv3527
0.21951219512195122,arsB2
0.3125,Rv3579c
0.26582278481012656,Rv3600c
0.21052631578947367,Rv3658c
0.2727272727272727,Rv3660c-B11
0.34146341463414637,Rv3662c
0.2911392405063291,cyp137
0.2537313432835821,Rv3695
0.21666666666666667,Rv3698
0.3194444444444444,Rv3705A
0.19117647058823528,Rv3723
0.25,Rv3787c
0.18309859154929578,Rv3796
0.21333333333333335,fbpD
0.16393442622950818,Rv3832c-Rv3833
0.2597402597402597,Rv3856c
0.2625,gltD
0.23943661971830985,espG1
0.2962962962962963,eccB1
0.323943661971831,espB-eccE1
0.25892857142857145,mycP1
0.3235294117647059,parA
0.2682926829268293,glyA2
0.2222222222222222,ptkA
0.375,Rv1419
0.3055555555555556,nrdR-Rv2719c
0.22580645161290322,pheA
0.2923076923076923,Rv3857c
0.2608695652173913,Rv0077c
0.31746031746031744,hycQ
0.29577464788732394,Rv0204c
0.2972972972972973,Rv0272c
0.26865671641791045,Rv0293c-tam
0.24561403508771928,Rv0406c
0.21951219512195122,Rv0680c-Rv0681
0.23376623376623376,Rv0776c
0.2804878048780488,Rv0955
0.22727272727272727,mscL
0.3287671232876712,alaV-Rv0997
0.2833333333333333,Rv1047-Rv1048c
0.3548387096774194,mazE3
0.2289156626506024,Rv1138c
0.20588235294117646,mmpL13b
0.16176470588235295,lprA-Rv1271c
0.22388059701492538,Rv1322
0.19696969696969696,MTS1082-Rv1375
0.3108108108108108,PPE21-fadD11.1
0.23076923076923078,Rv1615
0.29333333333333333,Rv1647
0.3333333333333333,gabD2
0.25,cyp144
0.20987654320987653,Rv1976c
0.2545454545454545,pncA
0.2647058823529412,Rv2251
0.16883116883116883,oxyR-ahpC
0.32857142857142857,secF
0.18666666666666668,sigB
0.2,vapB21
0.225,rip
0.3188405797101449,mpt53
0.23076923076923078,smc
0.26153846153846155,purU-kdtB
0.23529411764705882,cyp141
0.19047619047619047,Rv3242c-Rv3243c
0.203125,Rv3399-Rv3400
0.21978021978021978,groEL1
0.2571428571428571,yrbE4B
0.25,PE_PGRS56-fadD18
0.22058823529411764,radA
0.2535211267605634,thrC-thrB
0.21666666666666667,Rv0743c
0.2535211267605634,papA4
0.22666666666666666,Rv1986-Rv1987
0.24615384615384617,Rv2631
0.2948717948717949,PPE56-Rv3351c
0.19298245614035087,whiB4
0.25,Rv0104-rpmB1
0.2857142857142857,Rv0157A-Rv0158
0.2727272727272727,mce1C
0.3037974683544304,ilvD
0.2830188679245283,php
0.23529411764705882,narU
0.3611111111111111,mycP3
0.2289156626506024,Rv0318c
0.34328358208955223,pta
0.2125,Rv0435c
0.22666666666666666,Rv0487-Rv0488
0.25301204819277107,galE2
0.30952380952380953,mgtA
0.2875,Rv0561c
0.2602739726027397,fabD2
0.3048780487804878,Rv0689c-Rv0690c
0.26865671641791045,Rv0750
0.3333333333333333,Rv0774c
0.25,Rv0811c
0.3188405797101449,Rv0849
0.19767441860465115,mscL-Rv0986
0.3064516129032258,Rv0999
0.273972602739726,PE10-celA2a
0.208955223880597,vapC32-Rv1115
0.2054794520547945,Rv1139c
0.21739130434782608,typA
0.2537313432835821,Rv1191
0.2878787878787879,Rv1233c
0.21052631578947367,sugB
0.27631578947368424,Rv1276c
0.2777777777777778,Rv1312-Rv1313c
0.2625,alkA
0.34782608695652173,Rv1508c
0.208955223880597,treY
0.22535211267605634,cyp139
0.3333333333333333,Rv1744c
0.18309859154929578,Rv1786-PPE25
0.2028985507246377,apa-Rv1861
0.26153846153846155,mazE6-ctpG
0.2236842105263158,Rv2170
0.21818181818181817,Rv2223c
0.23880597014925373,Rv2466c-pepN
0.17647058823529413,Rv2480c-Rv2481c
0.24324324324324326,vapC19
0.27419354838709675,Rv2577
0.23595505617977527,secD-yajC
0.23333333333333334,Rv2597
0.30303030303030304,tesB2
0.22857142857142856,Rv2622
0.23684210526315788,msrB-Rv2675c
0.25333333333333335,recA
0.3698630136986301,Rv2854
0.2727272727272727,rpsB
0.208955223880597,ligA
0.26666666666666666,topA-Rv3647c
0.18888888888888888,Rv3730c
0.25757575757575757,proW
0.30434782608695654,Rv3818
0.3116883116883117,Rv3850
0.19736842105263158,gid-Rv3920c
0.2375,Rv2250A
0.32,ephA
0.25396825396825395,Rv0268c
0.29577464788732394,galK
0.19480519480519481,Rv1645c
0.32,Rv2304c-Rv2305
0.2571428571428571,Rv0216
0.2375,fadE4
0.19767441860465115,vapC27
0.3230769230769231,rplD
0.2753623188405797,emrB
0.2463768115942029,lpqQ-Rv0836c
0.32894736842105265,lprP
0.16129032258064516,Rv1046c-Rv1047
0.26506024096385544,Rv1086
0.25,Rv1120c
0.27692307692307694,Rv1186c-rocA
0.24675324675324675,htrA
0.21875,PPE19-Rv1362c
0.30120481927710846,hisH
0.18333333333333332,impA
0.27631578947368424,proT-vapC12
0.24691358024691357,PPE35-Rv1919c
0.15384615384615385,Rv1954A
0.35,Rv2038c
0.24242424242424243,Rv2273-mazF8
0.3048780487804878,PE_PGRS45-Rv2616
0.2638888888888889,Rv2799
0.38461538461538464,Rv2857c
0.30303030303030304,amiC
0.2375,Rv3230c
0.27631578947368424,Rv3519
0.24691358024691357,fadD3
0.3058823529411765,canB
0.29508196721311475,Rv3714c
0.25925925925925924,fadE36
0.34782608695652173,Rv3902c
0.2361111111111111,orn
0.2898550724637681,pheA-Rv3839
0.22077922077922077,Rv3134c-PPE50
0.27941176470588236,Rv3187-Rv3188
0.24691358024691357,Rv3651-mpr18
0.30952380952380953,citA
0.2638888888888889,cysO
0.3972602739726027,cobC
0.2923076923076923,Rv0042c
0.2777777777777778,Rv0161
0.21212121212121213,Rv0218
0.273972602739726,Rv0368c
0.21621621621621623,Rv0539
0.2894736842105263,mmsA
0.24050632911392406,Rv0804-Rv0805
0.23880597014925373,Rv0846c
0.24242424242424243,echA10
0.3389830508474576,relB-Rv1248c
0.2441860465116279,Rv1421
0.3108108108108108,mutA
0.2857142857142857,Rv1648
0.23333333333333334,helY
0.2804878048780488,Rv2172c
0.24358974358974358,Rv2372c
0.2602739726027397,Rv2706c
0.2191780821917808,thyX-hsdS.1
0.18888888888888888,thyA
0.2839506172839506,lppU
0.3188405797101449,mpt83
0.2054794520547945,ung
0.2962962962962963,Rv3114
0.25,nuoH
0.2073170731707317,Rv3179
0.2823529411764706,Rv3197
0.2972972972972973,Rv3755c
0.2857142857142857,Rv3847-Rv3848
0.25316455696202533,ethA
0.25675675675675674,argR
0.28378378378378377,vapB46
0.28378378378378377,Rv2993c-Rv2994
0.2702702702702703,Rv0311-Rv0312
0.24096385542168675,Rv1057-fadD14
0.3333333333333333,cobL
0.2857142857142857,echA14-PE_PGRS42
0.2876712328767123,argA-ftsK
0.19117647058823528,serV-Rv3723
0.3013698630136986,fcoT
0.2,Rv0147
0.31343283582089554,Rv0446c
0.2711864406779661,Rv0492A
0.2727272727272727,lprL
0.2571428571428571,rplV
0.18823529411764706,Rv0787
0.28,Rv1026-kdpE
0.23376623376623376,rfe-Rv1303
0.3333333333333333,metK
0.24705882352941178,mpg
0.36065573770491804,cmk
0.2753623188405797,mgtC
0.2028985507246377,lppE-Rv1882c
0.30434782608695654,Rv1948c
0.21739130434782608,fabG3-Rv2003c
0.3058823529411765,Rv2017-Rv2018
0.296875,Rv2025c
0.30303030303030304,pfkB
0.26582278481012656,Rv2132-Rv2133c
0.2153846153846154,vapC18
0.36363636363636365,Rv2617c-Rv2618
0.2916666666666667,mpt70
0.25333333333333335,mas-fadD28
0.2714285714285714,Rv2993c
0.29333333333333333,nuoG
0.3333333333333333,Rv3217c-Rv3218
0.21428571428571427,Rv3278c-birA
0.30985915492957744,sigD
0.2786885245901639,truA
0.2727272727272727,aspB
0.27631578947368424,Rv3673c
0.22666666666666666,Rv3735
0.2727272727272727,Rv2407
0.2676056338028169,rplW
0.2625,Rv0192A-Rv0193c
0.26153846153846155,Rv0349-dnaK
0.2835820895522388,fadE7
0.22058823529411764,pstC1
0.27380952380952384,mku
0.2535211267605634,tatB
0.28169014084507044,Rv1320c
0.3068181818181818,Rv1393c
0.323943661971831,hisD
0.2727272727272727,yrbE3B
0.27710843373493976,Rv2449c
0.2625,Rv2478c
0.2878787878787879,Rv2640c
0.25,Rv2670c
0.2698412698412698,Rv3405c-Rv3406
0.16883116883116883,Rv3639c
0.1917808219178082,Rv0260c
0.23076923076923078,htpG
0.24,fhaB-fhaA
0.2753623188405797,ctpB-Rv0104
0.22058823529411764,lpqI-Rv0238
0.3424657534246575,mce2A
0.28205128205128205,Rv0681
0.25,pqqE
0.3333333333333333,Rv0805
0.3125,Rv1002c
0.25,glgC
0.25862068965517243,infC-rpmI
0.2465753424657534,Rv1922
0.3939393939393939,Rv2190c-Rv2191
0.18333333333333332,Rv2297-Rv2298
0.21333333333333335,Rv2469c-glbO
0.17647058823529413,cut4
0.18666666666666668,Rv3683
0.28,Rv3740c
0.28169014084507044,lipE
0.24193548387096775,Rv3898c-Rv3899c
0.21621621621621623,embC-embA
0.20689655172413793,Rv0060
0.20588235294117646,hycP
0.2711864406779661,yrbE1B
0.2542372881355932,Rv0178
0.30303030303030304,Rv0209
0.2716049382716049,fadE5-Rv0245
0.24050632911392406,mmpL1
0.2727272727272727,Rv0538
0.25,rpoB
0.3181818181818182,pepD
0.2753623188405797,narG
0.23809523809523808,esxL-Rv1199c
0.34375,glgA
0.18309859154929578,Rv1249c-Rv1250
0.22388059701492538,ogt
0.27631578947368424,Rv1443c
0.3424657534246575,trxB1
0.3125,Rv1488
0.22580645161290322,tyrS
0.2375,Rv1714
0.2839506172839506,PPE30-PE_PGRS32
0.1875,fbpB-Rv1887
0.2289156626506024,higB
0.32142857142857145,vapC35
0.36923076923076925,yrbE3A
0.28169014084507044,mce3B
0.19696969696969696,mce3C
0.30337078651685395,vapB36
0.28,Rv2017
0.2625,Rv2037c
0.20833333333333334,blaC
0.2535211267605634,Rv2190c
0.2972972972972973,Rv2228c
0.23214285714285715,Rv2286c
0.27848101265822783,amiA2
0.23529411764705882,efp
0.29333333333333333,Rv2556c
0.3142857142857143,mpr11-Rv2561
0.2976190476190476,Rv2568c
0.31645569620253167,Rv2638-Rv2639c
0.24285714285714285,Rv2696c
0.3258426966292135,Rv2729c
0.25675675675675674,35kd_ag
0.28205128205128205,PE27-PPE44
0.24242424242424243,dinF
0.3194444444444444,Rv2896c
0.273972602739726,lppZ
0.3076923076923077,fecB
0.2727272727272727,Rv3064c
0.2676056338028169,moaE1
0.17204301075268819,Rv3439c
0.32926829268292684,eccB4-cut3
0.21686746987951808,ilvX
0.22727272727272727,kshA
0.2328767123287671,Rv3586
0.32432432432432434,Rv3627c-ppa
0.3194444444444444,espH
0.2716049382716049,PE_PGRS7-Rv0579
0.3194444444444444,Rv1533
0.20689655172413793,helZ
0.2786885245901639,Rv3064c-mmr
0.2777777777777778,mesT
0.1951219512195122,Rv0139
0.21212121212121213,Rv0146-Rv0147
0.3026315789473684,Rv0207c
0.3150684931506849,Rv0547c
0.24705882352941178,rpsQ
0.3157894736842105,Rv0760c
0.18181818181818182,Rv0842
0.3055555555555556,Rv0845
0.2127659574468085,Rv0894
0.20481927710843373,pstC2
0.2535211267605634,ispE
0.32857142857142857,Rv1188
0.2361111111111111,Rv1260-Rv1261c
0.20930232558139536,argS
0.3380281690140845,Rv1719
0.2222222222222222,PPE24-Rv1754c
0.234375,Rv2160c-Rv2161c
0.24675324675324675,trpD
0.22784810126582278,Rv2209
0.25316455696202533,caeA-panB
0.20588235294117646,cysW
0.2875,Rv2558-Rv2559c
0.29411764705882354,Rv3163c
0.27380952380952384,metA
0.2328767123287671,alr-Rv3424c
0.30303030303030304,Rv3712
0.2676056338028169,vapC28
0.2702702702702703,Rv2226
0.21333333333333335,Rv2522c
0.2972972972972973,Rv2743c
0.21621621621621623,Rv3603c
0.2465753424657534,Rv3815c
0.20689655172413793,Rv0028
0.20967741935483872,mtn
0.26153846153846155,Rv0920c-Rv0921
0.37349397590361444,gpgP
0.2894736842105263,ask
0.34285714285714286,Rv0048c
0.225,Rv0057
0.30158730158730157,espG3
0.3387096774193548,rskA-sigK
0.23880597014925373,gpdA1-Rv0565c
0.20588235294117646,Rv0812
0.2361111111111111,kdpA
0.24324324324324326,celA2b-PE_PGRS22
0.208955223880597,fum
0.27941176470588236,gpgS-Rv1209
0.26582278481012656,Rv1220c-sigE
0.19696969696969696,Rv1341
0.2692307692307692,Rv1424c-Rv1425
0.28,mazE4
0.2948717948717949,Rv1507A
0.3188405797101449,Rv1510
0.28,trpC-trpB
0.19736842105263158,Rv1638A
0.3150684931506849,Rv1682-Rv1683
0.2542372881355932,G2
0.2375,nanT
0.24390243902439024,Rv1930c
0.26229508196721313,Rv2571c
0.21428571428571427,Rv2611c
0.19718309859154928,Rv2795c
0.3055555555555556,Rv2972c
0.2545454545454545,Rv2975c-ung
0.2857142857142857,Rv3172c
0.26744186046511625,Rv3268
0.2875,cyp125
0.30864197530864196,Rv3706c-Rv3707c
0.2714285714285714,leuA
0.2222222222222222,dnaZX
0.2716049382716049,Rv3725-Rv3726
0.2,Rv3821
0.225,F6
0.2682926829268293,purM-Rv0810c
0.234375,PE8-Rv1041c
0.23880597014925373,Rv3060c
0.26666666666666666,Rv0043c-Rv0044c
0.3382352941176471,mmpL3
0.3333333333333333,udgA
0.2535211267605634,fadA
0.2682926829268293,xseA
0.2727272727272727,Rv1112-vapB32
0.265625,Rv1135A
0.375,Rv1218c
0.2537313432835821,Rv1431
0.24324324324324326,fadD25
0.3466666666666667,hisC1
0.31746031746031744,Rv1869c
0.2727272727272727,mce3R
0.23333333333333334,Rv2050
0.25,cobI
0.3055555555555556,rnpB
0.2619047619047619,Rv2315c
0.2631578947368421,uspB
0.2698412698412698,folC
0.25,Rv2842c
0.27710843373493976,Rv3033
0.2236842105263158,Rv3103c
0.25333333333333335,Rv3241c-Rv3242c
0.28169014084507044,acs
0.2191780821917808,leuA-dnaQ
0.3,Rv3777
0.2463768115942029,Rv2205c
0.2891566265060241,Rv2980
0.20634920634920634,Rv1754c
0.23376623376623376,Rv0010c-Rv0011c
0.15,mazE2-vapC7
0.2608695652173913,nagA
0.2328767123287671,PPE60-Rv3479
0.25806451612903225,Rv0428c
0.3125,menB
0.32051282051282054,cyp135B1
0.18518518518518517,Rv0919
0.26153846153846155,pabB-Rv1006
0.2804878048780488,Rv1230c
0.3333333333333333,Rv1531
0.17073170731707318,Rv1619
0.38235294117647056,Rv1700
0.22388059701492538,murG
0.26666666666666666,Rv2191
0.3125,era
0.2727272727272727,Rv2409c
0.2361111111111111,Rv2417c
0.28,citE
0.19736842105263158,Rv2735c
0.2619047619047619,Rv2851c
0.34146341463414637,drrB
0.3157894736842105,Rv2960c
0.2345679012345679,Rv3008
0.3,fadE23
0.3,Rv3415c-whiB3
0.2857142857142857,mce4D
0.20588235294117646,fadA5
0.29069767441860467,fadE33
0.23076923076923078,Rv3594
0.22058823529411764,Rv3659c
0.3424657534246575,fbpA-aftB
0.26865671641791045,Rv3807c
0.3188405797101449,Rv3888c-espG2
0.2972972972972973,cfp29
0.21621621621621623,Rv0647c-Rv0648
0.28378378378378377,ftsZ-ftsQ
0.2727272727272727,Rv0078-Rv0078A
0.28169014084507044,Rv0246
0.3380281690140845,Rv0340
0.14925373134328357,Rv0519c
0.25,Rv0680c
0.25,Rv0826
0.22857142857142856,Rv0854
0.22388059701492538,lpqY
0.2222222222222222,corA
0.23943661971830985,mdh
0.2948717948717949,lspA
0.30434782608695654,nadA
0.25,nadB
0.27848101265822783,Rv1674c-cmr
0.2808988764044944,Rv1686c
0.2597402597402597,accD6-Rv2248
0.2835820895522388,Rv2627c
0.2571428571428571,valT-glyT
0.21794871794871795,ftsK
0.2923076923076923,Rv2968c
0.30434782608695654,nuoL
0.2361111111111111,Rv3226c
0.2638888888888889,Rv3520c
0.2608695652173913,hsaC
0.2328767123287671,lpqF
0.29333333333333333,Rv3779
0.3058823529411765,Rv3819-papA2
0.22535211267605634,Rv3839
0.2987012987012987,sodA
0.2692307692307692,eccCa1
0.2875,Rv3888c
0.2463768115942029,Rv0192
0.225,mmsA-PE_PGRS11
0.375,Rv1989c
0.2602739726027397,eccC3
0.1927710843373494,Rv1112
0.2597402597402597,MTS1082
0.325,lprJ
0.3088235294117647,Rv1941
0.3225806451612903,rbsK
0.2602739726027397,acpS-fas
0.33766233766233766,pgsA3
0.28205128205128205,mesT-Rv3177
0.3382352941176471,ribH
0.18181818181818182,bglS
0.25,Rv0200
0.2236842105263158,fabG4
0.24096385542168675,Rv0274
0.3125,Rv0381c
0.25675675675675674,Rv0406c-fgd1
0.26436781609195403,Rv0424c
0.3442622950819672,Rv0495c
0.3333333333333333,lpqQ
0.21739130434782608,narL-Rv0845
0.25333333333333335,rpfA-moaD2
0.23880597014925373,Rv1200
0.3424657534246575,mbtK-leuW
0.2608695652173913,Rv1687c
0.2835820895522388,vapB20
0.37037037037037035,Rv2426c-proA
0.2976190476190476,Rv2944-lppX
0.25,ppiA
0.24,Rv0111
0.296875,Rv0441c
0.27450980392156865,sppA
0.14516129032258066,serA2
0.34285714285714286,lprM
0.273972602739726,Rv2464c
0.35135135135135137,Rv2508c
0.27848101265822783,lpdA
0.3333333333333333,Rv3703c
0.3170731707317073,Rv3920c
0.3023255813953488,Rv1890c
0.23684210526315788,Rv2620c
0.3548387096774194,Rv3898c
0.2727272727272727,PE_PGRS1-Rv0110
0.2857142857142857,Rv0228
0.21794871794871795,Rv0339c-Rv0340
0.29310344827586204,lpqL
0.2028985507246377,Rv0485
0.34328358208955223,rocA
0.15942028985507245,ncrMT1234
0.2112676056338028,Rv1337
0.23684210526315788,Rv1453
0.21428571428571427,csd
0.3188405797101449,trpB
0.32051282051282054,vapB36-PE_PGRS35
0.26865671641791045,Rv2011c-Rv2012
0.3194444444444444,qcrB-Rv2197c
0.3055555555555556,cobT
0.29213483146067415,mbtI-Rv2387
0.3076923076923077,Rv2469c
0.2153846153846154,scoB
0.296875,frr-pyrH
0.3088235294117647,acyP
0.265625,fixB
0.2571428571428571,moaC3
0.20512820512820512,Rv3402c-Rv3403c
0.2289156626506024,Rv3680-whiB4
0.30666666666666664,trxB2
0.23529411764705882,Rv0133-ephF
0.23076923076923078,esxJ-PPE15
0.28169014084507044,Rv2307B
0.3146067415730337,Rv0110-Rv0111
0.3220338983050847,fadE6
0.375,Rv0412c
0.25,Rv0454-Rv0455c
0.3253012048192771,Rv0497
0.3333333333333333,hemC
0.25609756097560976,Rv0616c
0.21428571428571427,Rv0688
0.2972972972972973,Rv0939-Rv0940c
0.23214285714285715,Rv1084
0.23809523809523808,Rv1199c-Rv1200
0.22077922077922077,Rv1376
0.2,lprH
0.25,Rv1717
0.2833333333333333,Rv1760
0.2602739726027397,Rv1770
0.2465753424657534,Rv1773c
0.2647058823529412,hspX
0.25,ctaC
0.2962962962962963,glnE
0.2318840579710145,glpD1
0.27692307692307694,mazE9-Rv2802c
0.1794871794871795,Rv2818c
0.2463768115942029,gcpE
0.2727272727272727,Rv3237c
0.2926829268292683,Rv3412
0.21428571428571427,Rv3424c-PPE57
0.2463768115942029,Rv0612
0.32142857142857145,Rv1882c
0.24242424242424243,Rv1762c-Rv1763
0.2597402597402597,Rv2014-Rv2015c
0.21333333333333335,cut5a
0.26666666666666666,galTa
0.2857142857142857,cobL-Rv2073c
0.21333333333333335,Rv2100-helZ
0.2463768115942029,Rv0007
0.2597402597402597,Rv0078
0.2597402597402597,mgtE
0.25396825396825395,pepC
0.2535211267605634,Rv0843
0.29411764705882354,echA6
0.24691358024691357,glmU
0.23170731707317074,thrB-rho
0.2318840579710145,fabG1
0.3150684931506849,PE_PGRS43-Rv2491
0.2698412698412698,Rv2603c
0.25301204819277107,Rv2800
0.3333333333333333,tgs4
0.21739130434782608,Rv3267
0.2676056338028169,cysG-cobB
0.25396825396825395,Rv0235c
0.20588235294117646,Rv3700c
0.2236842105263158,Rv0846c-lpqS
0.2676056338028169,pgi
0.23595505617977527,oppD
0.24675324675324675,cyp124
0.20588235294117646,cysH
0.29411764705882354,Rv2843
0.21311475409836064,moaB1
0.2948717948717949,Rv3126c
0.2857142857142857,esxW-PPE65
0.27848101265822783,Rv2015c
0.2571428571428571,kdpC
0.2857142857142857,fadB4
0.3194444444444444,grcC1
0.25925925925925924,atpF
0.25609756097560976,Rv2337c
0.3235294117647059,clpC2
0.3055555555555556,agpS-Rv3108
0.189873417721519,Rv3304
0.2698412698412698,iunH
0.19736842105263158,proY-cyp137
0.2,Rv2160c
0.3150684931506849,Rv2160A
0.25757575757575757,Rv0349
0.2753623188405797,Rv0281-eccA3
0.3375,Rv0567
0.25,vapB26
0.22666666666666666,Rv0597c
0.24,Rv1257c
0.34328358208955223,atpA
0.2692307692307692,Rv1339
0.2916666666666667,echA13
0.2698412698412698,hisE
0.19117647058823528,Rv2181
0.2823529411764706,lipM
0.2898550724637681,nuoJ
0.21428571428571427,Rv3353c
0.26785714285714285,Rv3492c
0.32857142857142857,hsaD
0.22666666666666666,glf
0.273972602739726,Rv3910
0.3157894736842105,Rv3778c-Rv3779
0.2625,lppX-pks1
0.24390243902439024,hbhA
0.25675675675675674,mmaA4-mmaA3
0.2638888888888889,Rv1003
0.3291139240506329,PPE2-Rv0257
0.29333333333333333,Rv0276
0.2777777777777778,Rv0365c
0.2,Rv0465c-Rv0466
0.2077922077922078,hemD
0.24242424242424243,ercc3
0.2916666666666667,ribC
0.34285714285714286,dinX
0.2597402597402597,Rv1683
0.23809523809523808,pknF
0.32,Rv1779c-Rv1780
0.27941176470588236,gcvB-Rv1833c
0.2153846153846154,Rv1833c
0.2727272727272727,Rv2237A
0.29577464788732394,cysA1
0.23943661971830985,Rv2510c
0.23529411764705882,Rv2638
0.25882352941176473,Rv3050c
0.22972972972972974,Rv3421c
0.323943661971831,PE_PGRS53-PE_PGRS54
0.34177215189873417,Rv3649-PE33
0.2465753424657534,PE34-Rv3747
0.36585365853658536,Rv3796-fadE35
0.2857142857142857,Rv1370c-Rv1371
0.21428571428571427,Rv3762c
0.2361111111111111,nrdB
0.1744186046511628,zwf2
0.25,Rv2282c
0.29473684210526313,Rv2452c
0.21212121212121213,pimA
0.2777777777777778,ideR
0.2028985507246377,gshA
0.3055555555555556,Rv3863
0.1917808219178082,Rv0976c-PE_PGRS16
0.2608695652173913,rseA-htrA
0.1791044776119403,Rv1861-adhA
0.19047619047619047,Rv2294-Rv2295
0.3150684931506849,Rv0986
0.30120481927710846,Rv2411c
0.2823529411764706,Rv3671c
0.21794871794871795,oxcA
0.234375,Rv0229c
0.2608695652173913,Rv0298
0.19230769230769232,Rv0372c
0.2976190476190476,Rv0461
0.20833333333333334,Rv1674c
0.29577464788732394,malQ
0.2916666666666667,Rv2179c
0.265625,Rv2183c
0.23880597014925373,Rv2255c-Rv2256c
0.20833333333333334,Rv2312-Rv2313c
0.22093023255813954,Rv2807
0.2,Rv2956
0.1232876712328767,Rv2959c
0.2857142857142857,Rv2963
0.325,Rv3030
0.3333333333333333,Rv3127
0.27631578947368424,ppk2
0.17105263157894737,esxT-esxU
0.26666666666666666,espA
0.26153846153846155,dppA-acs
0.3050847457627119,msrA
0.3333333333333333,Rv0145
0.29310344827586204,csoR
0.35294117647058826,Rv1491c
0.3389830508474576,aceE-Rv2242
0.3013698630136986,ligC-Rv3732
0.2328767123287671,Rv0293c
0.22077922077922077,Rv0366c
0.22666666666666666,Rv2129c
0.24,eccD1
0.3611111111111111,Rv0037c-Rv0038
0.3,Rv0047c
0.3291139240506329,icd2
0.28378378378378377,Rv0089
0.21951219512195122,Rv0269c
0.30864197530864196,mmpS2
0.25,lipG
0.31343283582089554,tuf
0.3582089552238806,Rv0686
0.19718309859154928,Rv0740
0.3291139240506329,Rv0770
0.1875,cysA2-thiX
0.2535211267605634,Rv0879c-Rv0880
0.21951219512195122,Rv0885
0.24390243902439024,Rv1021
0.1891891891891892,Rv1021-lpqU
0.2807017543859649,Rv1049
0.25675675675675674,Rv1132
0.24050632911392406,pks4
0.25301204819277107,rseA
0.30120481927710846,Rv1225c-Rv1226c
0.2345679012345679,Rv1351
0.1780821917808219,cyp132-Rv1395
0.2833333333333333,Rv1558
0.3448275862068966,Rv1678
0.22413793103448276,Rv1716
0.24242424242424243,Rv1749c
0.2777777777777778,Rv1812c
0.24358974358974358,Rv1887
0.3116883116883117,Rv2018
0.2753623188405797,aprA-aprB
0.22727272727272727,Rv2499c
0.27710843373493976,scoA-fadD35
0.2125,Rv2635
0.29577464788732394,Rv2687c
0.31645569620253167,mtr
0.1791044776119403,relG-Rv2867c
0.2876712328767123,glnU-gltS
0.25301204819277107,Rv2998
0.3918918918918919,sahH
0.28125,cdd
0.25,Rv3555c-fadA6
0.24285714285714285,ephE
0.3,Rv3760-fadE36
0.26506024096385544,Rv3840-bfrB
0.21839080459770116,eccCa1-eccCb1
0.25,PE36-eccC2
0.2727272727272727,Rv0531
0.3333333333333333,esxP-Rv2348c
0.2682926829268293,Rv0307c
0.27710843373493976,pssA
0.25396825396825395,Rv0502
0.2375,kmtR-Rv0828c
0.28125,Rv1044
0.2857142857142857,coaA
0.24390243902439024,epiA
0.2692307692307692,argC
0.27419354838709675,Rv1680
0.18055555555555555,erm(37)-Rv1989c
0.4084507042253521,Rv2166c
0.20987654320987653,mrr
0.25757575757575757,fadD13-Rv3090
0.18309859154929578,guaB2-Rv3412
0.23684210526315788,panC
0.20238095238095238,fadE6-Rv0272c
0.3157894736842105,Rv0837c-lpqR
0.2361111111111111,Rv2423
0.30864197530864196,rne
0.2222222222222222,Rv0110
0.21428571428571427,mmpL11
0.3064516129032258,mmpL11-Rv0203
0.3283582089552239,Rv0323c
0.28,thiG-lpqL
0.2597402597402597,hemA
0.30120481927710846,mazE2
0.25,secY
0.3684210526315789,accD3
0.2647058823529412,Rv0940c
0.31343283582089554,vapB9
0.2,mprB
0.1780821917808219,Rv1004c-pabB
0.23170731707317074,echA9-Rv1072
0.3055555555555556,dapE
0.23529411764705882,Rv1254
0.22784810126582278,rrf-ogt
0.22950819672131148,argD
0.2289156626506024,Rv2024c-Rv2025c
0.2537313432835821,ephD
0.2777777777777778,arsB1
0.20238095238095238,Rv2776c
0.29577464788732394,cobO
0.2692307692307692,mmpL7-Rv2943
0.3380281690140845,Rv3038c
0.16883116883116883,Rv3049c
0.25,Rv3114-Rv3115
0.3150684931506849,nuoN
0.3076923076923077,sugI
0.22727272727272727,Rv3454
0.3472222222222222,Rv3695-glpK
0.21052631578947367,esxF
0.3055555555555556,mcr-Rv1144
0.2571428571428571,Rv3077
0.3287671232876712,PE2-ptbB
0.17567567567567569,lprK
0.22388059701492538,Rv0799c-pepC
0.24285714285714285,Rv0862c
0.2236842105263158,Rv0990c
0.26506024096385544,sigE-mpr6
0.3235294117647059,bioF1
0.27692307692307694,fadE18
0.1746031746031746,Rv2507
0.25,Rv3295
0.2597402597402597,Rv3572
0.2571428571428571,lipV
0.3829787234042553,rplW-rplB
0.16393442622950818,Rv0559c
0.20987654320987653,blaC-sigC
0.2698412698412698,Rv2529
0.2608695652173913,dedA-Rv2638
0.2857142857142857,fadD18
0.16304347826086957,Rv3906c
0.23880597014925373,ino1
0.2608695652173913,Rv0247c
0.3116883116883117,vapC3
0.2702702702702703,Rv0689c
0.2891566265060241,Rv0750-mmsB
0.3150684931506849,oppC
0.14705882352941177,cydA
0.2535211267605634,Rv1733c
0.20588235294117646,eccA5-lppT
0.3023255813953488,Rv2008c
0.2608695652173913,Rv2204c
0.22857142857142856,Rv2302
0.18461538461538463,fadD35
0.24,Rv2512c-Rv2513
0.2698412698412698,Rv2581c-ppiB
0.35526315789473684,ald
0.3225806451612903,PE_PGRS57-fadD19
0.2753623188405797,Rv3517
0.2911392405063291,Rv3737
0.22058823529411764,esxA-espI
0.2571428571428571,eccA2
0.22972972972972974,Rv3225c
0.2571428571428571,gmdA
0.2702702702702703,Rv1904-aao
0.3055555555555556,Rv2015c-Rv2016
0.2597402597402597,ctaE
0.2638888888888889,iunH-Rv3394c
0.18840579710144928,Rv1134
0.2698412698412698,plsB1-frdA
0.3116883116883117,pepB
0.16393442622950818,lprN
0.22950819672131148,Rv0348
0.23943661971830985,mazF2
0.31746031746031744,PE_PGRS20-Rv1069c
0.3283582089552239,Rv1209
0.37333333333333335,acg-Rv2033c
0.2375,Rv2271-Rv2272
0.20754716981132076,echA14
0.28125,Rv2576c-Rv2577
0.17105263157894737,cyp136
0.23376623376623376,upp-sapM
0.2571428571428571,Rv0953c
0.29850746268656714,Rv3399
0.30303030303030304,Rv3528c-Rv3529c
0.23170731707317074,Rv0090-mtn
0.26582278481012656,Rv0316
0.296875,ansP2
0.3146067415730337,Rv0517
0.25,rslA-Rv0737
0.3333333333333333,Rv1026
0.3448275862068966,Rv1154c
0.19696969696969696,Rv1176c-fdxC
0.3484848484848485,Rv1324
0.2823529411764706,Rv1616
0.21311475409836064,Rv1639c
0.2608695652173913,Rv2118c
0.3466666666666667,aroG-Rv2179c
0.23684210526315788,dnaG
0.1864406779661017,bkdB
0.28169014084507044,accA1
0.22666666666666666,lysU-PE26
0.24691358024691357,apt
0.2777777777777778,Rv2662
0.225,thiL
0.31645569620253167,Rv3050c-nrdE
0.34375,Rv3207c-Rv3208
0.31343283582089554,Rv3212
0.3333333333333333,echA20
0.3055555555555556,Rv3587c
0.2375,dppD
0.28,Rv2541
0.2647058823529412,Rv0338c
0.22077922077922077,fadD17-PE_PGRS53
0.24691358024691357,mazE1-Rv0457c
0.4155844155844156,Rv0574c
0.2465753424657534,vapC4
0.2537313432835821,Rv0793
0.35365853658536583,Rv1144
0.27631578947368424,Rv1232c
0.2676056338028169,mcr3
0.2875,Rv1354c
0.25,Rv1523
0.24242424242424243,lgt-Rv1615
0.25,Rv1729c
0.2,PPE33-Rv1810
0.2077922077922078,ureC
0.2711864406779661,wag31
0.2647058823529412,Rv2307A-Rv2307B
0.24050632911392406,Rv2417c-Rv2418c
0.20253164556962025,mmuM-Rv2459
0.27692307692307694,Rv2576c
0.30985915492957744,lppY
0.2638888888888889,iscS-Rv3026c
0.3026315789473684,Rv3485c
0.2638888888888889,tcrX-Rv3766
0.2,Rv3822-mmpL8
0.18461538461538463,Rv0076c
0.3142857142857143,PPE34-PPE35
0.2375,ldtB
0.2125,Rv1147
0.2786885245901639,Rv1669
0.2463768115942029,tatC
0.2909090909090909,Rv2809
0.225,Rv3239c
0.26666666666666666,Rv3922c
0.323943661971831,glpQ2-glyU
0.296875,Rv2542
0.22535211267605634,PE_PGRS5-Rv0298
0.23076923076923078,Rv0494
0.31343283582089554,Rv0731c
0.3225806451612903,pgi-Rv0947c
0.2878787878787879,oppA
0.19718309859154928,cydD
0.23809523809523808,narK2
0.296875,narK2-Rv1738
0.3125,nadD
0.18421052631578946,Rv2625c
0.2702702702702703,ceoC
0.27631578947368424,mqo
0.22727272727272727,fixA-Rv3030
0.2608695652173913,nuoA
0.3333333333333333,esxT
0.16176470588235295,amiB2-Rv1264
0.2112676056338028,dnaN
0.26865671641791045,Rv0097
0.24193548387096775,rpmB1-Rv0106
0.2564102564102564,Rv0138
0.27419354838709675,Rv0459
0.18309859154929578,Rv0470A
0.28378378378378377,hadC
0.3,PE_PGRS21-Rv1087A
0.24,Rv1366
0.2676056338028169,Rv1842c-guaB1
0.2647058823529412,Rv2273
0.27956989247311825,proB
0.22535211267605634,mmuM
0.27906976744186046,dprE2
0.24675324675324675,Rv3813c
0.2898550724637681,dnaA
0.24691358024691357,ctpI-Rv0108c
0.28205128205128205,pntAb
0.1791044776119403,fadD4-fadE3
0.2898550724637681,senX3
0.2261904761904762,Rv1118c
0.2535211267605634,ephC
0.24096385542168675,Rv1186c
0.2911392405063291,vapC33
0.19047619047619047,Rv1357c
0.27631578947368424,chaA
0.3230769230769231,engA-Rv1714
0.26582278481012656,Rv2331A
0.19444444444444445,mbtG
0.38235294117647056,dxs1
0.27586206896551724,fdhF
0.2982456140350877,sigF
0.24242424242424243,amiB1
0.21052631578947367,lytB1
0.3188405797101449,folP1
0.19402985074626866,lpqN
0.2857142857142857,Rv3657c
0.3835616438356164,Rv0031-bioF2
0.2823529411764706,Rv0071-Rv0072
0.24324324324324326,aspC
0.20588235294117646,vapB29
0.2345679012345679,Rv0749A
0.22972972972972974,cspB
0.2698412698412698,fmt
0.2597402597402597,Rv1466
0.29411764705882354,Rv1571
0.22666666666666666,Rv1702c-Rv1703c
0.21875,Rv1722
0.20987654320987653,adoK-Rv2203
0.19117647058823528,panB
0.1774193548387097,cfp6
0.28,Rv3481c
0.3389830508474576,rsfB-Rv3688c
0.225,esxB
0.32432432432432434,whiB2-fbiA
0.28125,Rv1360
0.18181818181818182,Rv1951c-vapB14
0.26865671641791045,Rv0059
0.3150684931506849,Rv0248c
0.28125,iniC
0.3103448275862069,Rv0387c
0.2361111111111111,Rv0807
0.25,Rv1062
0.2711864406779661,Rv1219c-Rv1220c
0.31645569620253167,ileS-dinX
0.16666666666666666,pgsA2
0.2727272727272727,Rv1861
0.31343283582089554,Rv2159c
0.21951219512195122,cdh
0.3235294117647059,Rv2491
0.25,Rv2722
0.26865671641791045,PPE46-PE27A
0.2638888888888889,ctpC
0.2857142857142857,Rv3527-Rv3528c
0.17647058823529413,Rv3916c
0.2972972972972973,Rv1892
0.2,vapB1
0.2463768115942029,Rv0181c
0.34782608695652173,Rv0219
0.21621621621621623,hemD-hemB
0.23076923076923078,Rv0566c
0.30337078651685395,Rv0580c-vapB26
0.25,tcrA
0.3108108108108108,Rv0607-vapB28
0.29333333333333333,Rv0666-rpoB
0.2647058823529412,Rv0779c
0.22972972972972974,Rv0943c
0.27692307692307694,Rv1000c
0.30303030303030304,fadH
0.2857142857142857,Rv1219c
0.22857142857142856,Rv1490-Rv1491c
0.24691358024691357,TB15.3
0.21311475409836064,Rv1987
0.2535211267605634,Rv2360c
0.18181818181818182,hrcA
0.2619047619047619,plsB2
0.323943661971831,ribF
0.2,Rv2797c
0.2558139534883721,Rv3169-aofH
0.18309859154929578,purK
0.2,Rv3675
0.25862068965517243,Rv2774c
0.25,Rv3243c-lpqB
0.3225806451612903,Rv0257-Rv0258c
0.26666666666666666,metZ
0.23333333333333334,thiS
0.18181818181818182,lpdC
0.2459016393442623,Rv0836c
0.1951219512195122,pdc
0.35802469135802467,ksgA
0.3333333333333333,pyrR
0.24615384615384617,Rv1635c
0.3287671232876712,mctB-pyrG
0.273972602739726,PPE27-PE19
0.2,fbpB
0.23529411764705882,lppG
0.3055555555555556,Rv2001-fabG3
0.2361111111111111,lppI
0.2682926829268293,qcrA
0.22388059701492538,Rv2237
0.15,rpiB
0.3333333333333333,Rv2513
0.21951219512195122,Rv2751
0.19402985074626866,truB
0.21794871794871795,lepB
0.352112676056338,hpx
0.25333333333333335,fdxB-Rv3555c
0.18518518518518517,fadE32
0.23684210526315788,dprE1
0.30120481927710846,Rv3651
0.21739130434782608,galK-Rv0621
0.26136363636363635,Rv0922-Rv0923c
0.29577464788732394,Rv0945
0.2608695652173913,Rv1194c-PE13
0.24444444444444444,wbbL2
0.3375,lysX-infC
0.2608695652173913,Rv1748
0.25,PPE31-PPE32
0.21951219512195122,Rv1913
0.275,dctA
0.3088235294117647,Rv0034
0.3150684931506849,Rv0089-Rv0090
0.296875,pntB
0.24285714285714285,lpqI
0.29577464788732394,Rv0813c-sseC2
0.16901408450704225,Rv0883c-serC
0.3287671232876712,Rv0887c-Rv0888
0.345679012345679,Rv0892
0.325,Rv0954
0.27692307692307694,Rv1051c
0.23076923076923078,Rv1053c-Rv1054
0.28,PE_PGRS19-PE_PGRS20
0.3253012048192771,Rv1073
0.25,bpoB
0.27472527472527475,Rv1128c-Rv1129c
0.2602739726027397,mmpL13b-Rv1147
0.3561643835616438,Rv1147-Rv1148c
0.15853658536585366,Rv1429-PE16
0.2962962962962963,Rv1473
0.29473684210526313,Rv1510-gmdA
0.38235294117647056,Rv1556
0.325,bioB
0.22950819672131148,Rv1645c-PE17
0.2638888888888889,MTS1338
0.35555555555555557,Rv1825
0.3291139240506329,guaB1
0.23529411764705882,Rv1947-Rv1948c
0.2328767123287671,Rv2184c
0.22666666666666666,asnB
0.2625,narK1-lppP
0.28125,lppQ
0.32432432432432434,Rv2515c
0.2972972972972973,Rv2563
0.25,Rv2688c
0.2,rpsO
0.18309859154929578,Rv2842c-Rv2843
0.37037037037037035,relG
0.24324324324324326,Rv2876-Rv2877c
0.2923076923076923,lpqA
0.2835820895522388,Rv3057c
0.3108108108108108,Rv3075c
0.22857142857142856,Rv3205c
0.24,whiB1-Rv3220c
0.208955223880597,Rv3378c
0.23684210526315788,fadA6
0.2537313432835821,Rv3559c
0.2535211267605634,mpr17-lsr2
0.2235294117647059,cspA-Rv3649
0.3076923076923077,vapC48
0.3125,accD4
0.2948717948717949,mmpL8-papA1
0.23376623376623376,Rv0183
0.29310344827586204,nirD
0.21621621621621623,Rv0790c
0.20238095238095238,Rv3900c
0.2222222222222222,Rv0004-gyrB
0.2804878048780488,Rv0037c
0.21739130434782608,Rv0052-rpsF
0.3088235294117647,sdaA
0.19753086419753085,fgd2
0.2926829268292683,Rv0157A
0.30612244897959184,Rv0295c
0.26666666666666666,Rv0320
0.24615384615384617,Rv0395
0.2222222222222222,Rv0430
0.3333333333333333,cmaA2
0.18518518518518517,Rv0546c
0.24285714285714285,recC-echA3
0.30666666666666664,Rv0690c
0.3372093023255814,Rv0787A
0.2638888888888889,Rv0839
0.2692307692307692,Rv0901
0.24675324675324675,prrB
0.2,prsA
0.24691358024691357,Rv1156
0.22666666666666666,Rv1216c
0.2191780821917808,cysM
0.24561403508771928,Rv1456c
0.21621621621621623,Rv1476
0.2894736842105263,tesB1
0.22388059701492538,argB
0.2597402597402597,AS1726-Rv1727
0.2602739726027397,wag22-Rv1760
0.24175824175824176,Rv1910c
0.19047619047619047,Rv2133c
0.25,dlaT
0.29411764705882354,Rv2311
0.3023255813953488,hrcA-Rv2375
0.2894736842105263,che1
0.3055555555555556,Rv2426c
0.1780821917808219,vapB41
0.26865671641791045,Rv2723
0.25,Rv2876
0.28169014084507044,Rv2966c-pca
0.20967741935483872,gpdA2
0.24050632911392406,Rv3046c-Rv3047c
0.23170731707317074,Rv3071-Rv3072c
0.23076923076923078,cyp141-Rv3122
0.2916666666666667,Rv3188
0.27631578947368424,Rv3256c
0.296875,sdhB
0.29508196721311475,Rv3322c
0.203125,Rv3415c
0.2,Rv3510c-PE_PGRS55
0.3125,lpqH
0.3424657534246575,pks2-fadD23
0.3116883116883117,Rv1732c
0.28378378378378377,Rv2767c-PPE43
0.3291139240506329,pyrF-PE15
0.20253164556962025,bkdA
0.27906976744186046,Rv0336-aspC
0.22784810126582278,Rv0653c
0.26666666666666666,hsp-nirB
0.2876712328767123,Rv1728c
0.21428571428571427,otsB1-fdxA
0.328125,Rv3173c
0.2777777777777778,Rv3528c
0.17647058823529413,narK3
0.26582278481012656,Rv0360c
0.24,groEL2-Rv0441c
0.2857142857142857,fabH-menA
0.27848101265822783,mmpS5
0.26804123711340205,rsfA-Rv1366
0.2833333333333333,Rv1482c
0.2692307692307692,Rv1725c
0.3561643835616438,Rv2473
0.24285714285714285,Rv0236A
0.23943661971830985,esxH
0.2222222222222222,Rv0299-vapB2
0.3235294117647059,Rv0385-Rv0386
0.2564102564102564,B55-Rv0610c
0.3026315789473684,Rv0678
0.2903225806451613,Rv0810c-Rv0811c
0.28169014084507044,Rv0825c-Rv0826
0.30985915492957744,Rv0955-purN
0.24358974358974358,esxJ
0.2222222222222222,cbs
0.16216216216216217,Rv1126c
0.30666666666666664,glgC-PE14
0.27692307692307694,tatB-Rv1225c
0.24675324675324675,mcr3-rrs
0.234375,Rv1333
0.2777777777777778,Rv1353c
0.2876712328767123,Rv1367c
0.208955223880597,vapB11
0.3194444444444444,argF
0.2898550724637681,Rv1812c-Rv1813c
0.23376623376623376,modC
0.2839506172839506,Rv1929c
0.29850746268656714,Rv1941-mazF5
0.20967741935483872,vapC36
0.25,Rv2040c
0.35,pncA-Rv2044c
0.3013698630136986,Rv2078
0.1891891891891892,Rv2141c
0.21621621621621623,Rv2146c
0.2535211267605634,Rv2172c-idsA2
0.22093023255813954,kasA
0.3050847457627119,Rv2264c-Rv2265
0.3026315789473684,Rv2413c
0.20634920634920634,Rv2420c
0.30434782608695654,Rv2481c
0.19672131147540983,scoA
0.2619047619047619,Rv2636
0.25,sigA
0.22857142857142856,Rv2707
0.19117647058823528,Rv2787
0.2463768115942029,dxr-vapB43
0.2465753424657534,lppX
0.2967032967032967,Rv3108
0.2054794520547945,PPE52-nuoA
0.27710843373493976,Rv3168
0.26785714285714285,cut3
0.27710843373493976,Rv3486
0.21621621621621623,cyp142
0.325,hsaE
0.2676056338028169,mutY
0.2891566265060241,mpr17
0.29411764705882354,Rv3672c
0.3614457831325301,dnaQ-Rv3712
0.2537313432835821,Rv3749c
0.3058823529411765,psd
0.23684210526315788,rplY
0.29850746268656714,ppdK-Rv1128c
0.29411764705882354,secG-PE_PGRS26
0.2345679012345679,Rv0146
0.2463768115942029,fadE2-pntAa
0.3333333333333333,hadA
0.2786885245901639,mkl-vapC6
0.18292682926829268,Rv0695
0.2702702702702703,atsA-Rv0712
0.2222222222222222,phoY2-Rv0822c
0.2823529411764706,fprB
0.2833333333333333,purH-Rv0958
0.21951219512195122,fadE13
0.21428571428571427,Rv1006
0.24561403508771928,Rv1059
0.2962962962962963,PE_PGRS22-coaA
0.2625,desA2-phoH2
0.2571428571428571,TB8.4-fadH
0.23880597014925373,Rv1192
0.31343283582089554,esxK
0.25675675675675674,gpgS
0.25862068965517243,Rv1478
0.15,Rv1481
0.2361111111111111,Rv1482c-fabG1
0.29333333333333333,Rv1502
0.28125,Rv1686c-Rv1687c
0.18840579710144928,scpB
0.2923076923076923,vapC13
0.24242424242424243,blaR
0.28,cinA
0.24,Rv1914c
0.21875,mpt64
0.21794871794871795,Rv2001
0.25675675675675674,acg
0.2465753424657534,pup
0.2571428571428571,Rv2135c
0.24193548387096775,leuU-parE2
0.3389830508474576,pknL
0.2361111111111111,Rv2184c-TB16.3
0.2696629213483146,glnA2-Rv2223c
0.2682926829268293,mbtC
0.273972602739726,Rv2390c-sirA
0.32786885245901637,ahpC
0.22950819672131148,speE
0.2835820895522388,hrp1
0.2222222222222222,Rv2721c
0.29411764705882354,Rv3208
0.25,vapB44
0.23943661971830985,Rv3329
0.2318840579710145,Rv3329-dacB1
0.3283582089552239,Rv3371-otsB2
0.36,mesJ
0.30666666666666664,Rv3668c-Rv3669
0.3013698630136986,Rv3688c
0.2112676056338028,tgs2-Rv3735
0.34210526315789475,Rv3770B-Rv3771c
0.2375,Rv3829c-Rv3830c
0.18840579710144928,eccE1
0.2236842105263158,Rv0514
0.2361111111111111,ccdA
0.3037974683544304,vapB32
0.3026315789473684,Rv2983
0.14473684210526316,manA
0.2753623188405797,mrsA
0.26666666666666666,Rv0195
0.265625,Rv0910
0.2976190476190476,kasB
0.17647058823529413,Rv0250c
0.30864197530864196,pheU-PE_PGRS12
0.29577464788732394,serC
0.3176470588235294,vapC9
0.18666666666666668,phoH2
0.23529411764705882,pknH-embR
0.2375,Rv1817
0.26136363636363635,Rv1830
0.2702702702702703,Rv2067c
0.19753086419753085,Rv2169c
0.275,aroG
0.2753623188405797,Rv2271
0.30434782608695654,Rv2313c
0.189873417721519,Rv2716
0.225,Rv2728c
0.30303030303030304,Rv2850c
0.2222222222222222,Rv3542c
0.3148148148148148,Rv2811
0.28169014084507044,lprO-Rv0180c
0.3076923076923077,Rv0397-Rv0397A
0.22727272727272727,vapC7
0.2597402597402597,fadA3-Rv1075c
0.27631578947368424,Rv1204c-Rv1205
0.22727272727272727,cyp130-Rv1257c
0.25806451612903225,Rv1432
0.2638888888888889,tpi
0.39436619718309857,Rv1928c
0.24242424242424243,Rv1974
0.1728395061728395,cysQ
0.22535211267605634,murD
0.2807017543859649,Rv2305
0.3088235294117647,esxQ
0.3287671232876712,nuoM
0.22857142857142856,entC
0.2692307692307692,tmk
0.2777777777777778,rplQ
0.1780821917808219,dppC
0.27631578947368424,aftA
0.3258426966292135,Rv3843c-MTS2975
0.22950819672131148,Rv0481c-murB
0.21428571428571427,TB18.5
0.2535211267605634,Rv0976c
0.32857142857142857,Rv1087A
0.2967032967032967,fbiC-TB8.4
0.23333333333333334,mpt63
0.2727272727272727,echA13-Rv1936
0.25,Rv1939
0.3382352941176471,Rv2120c
0.3116883116883117,recO
0.234375,rne-ndkA
0.2537313432835821,Rv3204
0.2833333333333333,Rv3778c
0.3484848484848485,thrV-Rv0756c
0.20987654320987653,lppR
0.3026315789473684,Rv0203
0.24675324675324675,Rv0738
0.35,Rv0801
0.14285714285714285,lpqX
0.23529411764705882,tkt-PE_PGRS27
0.46153846153846156,Rv1735c
0.25316455696202533,Rv2049c-Rv2050
0.2222222222222222,Rv2077c
0.1875,yfiH
0.2676056338028169,valS
0.29411764705882354,Rv2573
0.25,fpg
0.20588235294117646,gatB
0.2,Rv3090
0.2911392405063291,Rv3702c
0.24675324675324675,parB
0.29508196721311475,Rv0025-Rv0026
0.36619718309859156,Rv0199
0.28205128205128205,Rv1507c
0.34285714285714286,PPE32-PPE33
0.2987012987012987,Rv2808
0.2465753424657534,fdxD
0.19736842105263158,ltp4
0.23376623376623376,hsdM
0.22972972972972974,Rv0308
0.25,pth
0.30303030303030304,Rv2077A-Rv2078
0.22666666666666666,Rv3312c
0.3142857142857143,Rv3768
0.2558139534883721,Rv1106c
0.275,Rv2323c
0.2465753424657534,Rv3142c
0.3181818181818182,hycD
0.22033898305084745,gca
0.36666666666666664,Rv2300c
0.2537313432835821,cadI
0.32098765432098764,pncB1-Rv1331
0.2682926829268293,Rv0142
0.22784810126582278,Rv2134c
0.23076923076923078,mcr7
0.22727272727272727,Rv2665
0.2535211267605634,echA15-Rv2680
0.3013698630136986,dfrA
0.30434782608695654,ddlA
0.2571428571428571,alkB
0.2191780821917808,Rv3263-manB
0.2345679012345679,fbpD-fbpA
0.2535211267605634,Rv0358
0.27906976744186046,rplK
0.2222222222222222,Rv2915c
0.34146341463414637,fxsA
0.25925925925925924,Rv2295
0.25,Rv2466c
0.23076923076923078,iscS
0.24615384615384617,Rv3183
0.18309859154929578,Rv3395A-guaA
0.2702702702702703,Rv3405c
0.12345679012345678,Rv3632
0.26153846153846155,Rv2166c-Rv2167c
0.2597402597402597,cobG-cobH
0.21794871794871795,ggtB-Rv2395
0.23529411764705882,Rv2700
0.23376623376623376,leuB
0.35064935064935066,ncrMT3949-Rv3843c
0.22857142857142856,Rv0530A
0.3235294117647059,pitA
0.3013698630136986,Rv0787-Rv0787A
0.25,purL
0.21428571428571427,Rv1139c-Rv1140
0.2602739726027397,ugpE
0.24175824175824176,mihF
0.25757575757575757,ilvA
0.2571428571428571,argG
0.3055555555555556,Rv1867
0.27631578947368424,mpa
0.36065573770491804,sigJ
0.30666666666666664,vapB46-Rv3386
0.2916666666666667,fadE35-Rv3798
0.24390243902439024,Rv1227c
0.3253012048192771,murF
0.2875,galE1
0.28378378378378377,gmhB
0.25757575757575757,Rv0650-rplJ
0.3026315789473684,rfe
0.2625,mbtN
0.2823529411764706,lprG
0.3125,Rv1626-Rv1627c
0.32,Rv3292
0.15789473684210525,eccB4
0.3939393939393939,cysS1
0.22058823529411764,thiO
0.30864197530864196,Rv1157c
0.2891566265060241,tlyA
0.2916666666666667,PE_PGRS41-cysA1
0.34285714285714286,Rv2781c
0.23076923076923078,fadE12
0.30666666666666664,fadD10
0.3939393939393939,Rv1459c
0.22580645161290322,Rv2049c
0.28205128205128205,ftsQ
0.2916666666666667,Rv2731
0.2112676056338028,Rv0326
0.2988505747126437,lpqG
0.265625,Rv3661
0.3235294117647059,Rv3789
0.2962962962962963,Rv0375c
0.2923076923076923,Rv0841
0.2,ctpE-Rv0909
0.20253164556962025,aroF
0.32051282051282054,Rv1726
0.390625,cfp21
0.4153846153846154,asnB-adoK
0.2702702702702703,Rv2258c
0.2835820895522388,Rv2336
0.18823529411764706,Rv2541-Rv2542
0.19480519480519481,glnA4
0.22535211267605634,menC
0.2878787878787879,rpmC
0.3372093023255814,Rv0996-alaV
0.2753623188405797,Rv0948c-uvrD1
0.30952380952380953,sucC
0.25842696629213485,serB2
0.2631578947368421,Rv3175
0.234375,mctB
0.323943661971831,gcvT
0.22077922077922077,rpsP
0.31645569620253167,rhlE
0.208955223880597,Rv3395A
0.3116883116883117,end
0.25,lpqS
0.323943661971831,Rv0011c
0.23880597014925373,purA
0.37681159420289856,Rv1487
0.22826086956521738,mazF9
0.2777777777777778,Rv3233c
0.328125,Rv3238c
0.234375,gcp
0.30337078651685395,Rv3683-Rv3684
0.203125,Rv2721c-Rv2722
0.2823529411764706,Rv2766c
0.23943661971830985,Rv0401
0.3235294117647059,Rv0421c
0.273972602739726,Rv1954A-higB
0.32432432432432434,ligC
0.22413793103448276,pks16-pth
0.3,Rv1598c-hisD
0.25757575757575757,Rv1813c
0.2537313432835821,Rv2565
0.3246753246753247,yajC
0.3382352941176471,ribD
0.20689655172413793,Rv3195
0.27710843373493976,Rv3678A
0.3188405797101449,Rv1588c-bioB
0.2441860465116279,fadD7
0.2558139534883721,qor
0.21212121212121213,pckA
0.2894736842105263,aroB
0.24675324675324675,snzP
0.28205128205128205,Rv2669
0.22727272727272727,Rv2762c
0.22727272727272727,Rv2806-Rv2807
0.234375,Rv2912c
0.2876712328767123,ffh
0.2361111111111111,pfkA
0.2911392405063291,Rv3120
0.2727272727272727,Rv3437
0.25396825396825395,glfT2
0.2413793103448276,mtc28
0.3258426966292135,vapB7
0.16923076923076924,gluT-aspT
0.29069767441860467,Rv3098A
0.2054794520547945,Rv0273c
0.2727272727272727,rpsS
0.27631578947368424,Rv1075c-lipU
0.24324324324324326,polA-rpsA
0.3125,cysK1
0.25,Rv2578c
0.21794871794871795,Rv2649-Rv2650c
0.22413793103448276,Rv2688c-Rv2689c
0.2033898305084746,hupB
0.2602739726027397,Rv1772-Rv1773c
0.2558139534883721,PPE13-Rv0879c
0.3939393939393939,Rv0880
0.1774193548387097,PE14-Rv1215c
0.2631578947368421,coaE
0.22807017543859648,Rv0609A-B55
0.3125,lpqT
0.26666666666666666,Rv1535-ileS
0.32926829268292684,Rv1593c
0.2962962962962963,trpC
0.2894736842105263,Rv1771
0.15254237288135594,Rv2026c
0.24390243902439024,Rv2054
0.3076923076923077,aceE
0.22727272727272727,Rv3656c
0.26666666666666666,Rv3727-Rv3728
0.2222222222222222,ctpJ-nmtR
0.2571428571428571,Rv1137c
0.273972602739726,lysA
0.16049382716049382,acn
0.3225806451612903,Rv1546
0.27692307692307694,ureG
0.27586206896551724,Rv2474c
0.29850746268656714,gabD1
0.19767441860465115,Rv2739c
0.25757575757575757,Rv3197-whiB7
0.2328767123287671,eccD4
0.23636363636363636,fadE29
0.21951219512195122,Rv3631
0.21666666666666667,glpQ1
0.28169014084507044,Rv0044c
0.2459016393442623,hycE
0.3048780487804878,Rv2633c
0.17333333333333334,thiC-Rv0424c
0.208955223880597,Rv0523c
0.21794871794871795,Rv1081c
0.23809523809523808,ctaB-PE_PGRS28
0.2692307692307692,Rv1540
0.20634920634920634,pheS
0.2786885245901639,Rv1879
0.17073170731707318,Rv2272
0.325,tsf
0.35384615384615387,Rv2997
0.3,Rv3005c
0.2807017543859649,Rv3104c
0.32,Rv3289c
0.21621621621621623,Rv3577
0.3157894736842105,Rv3632-Rv3633
0.3142857142857143,pirG-Rv3811
0.2236842105263158,moaB2
0.23595505617977527,Rv1524
0.22988505747126436,whiB5
0.18181818181818182,Rv3209
0.28205128205128205,esxD-PPE69
0.24285714285714285,Rv0049-ponA1
0.3333333333333333,rpsH
0.24390243902439024,aglA-Rv2472
0.2857142857142857,Rv3604c
0.3561643835616438,metB-greA
0.2808988764044944,ctpD-trxA
0.27710843373493976,hemZ
0.25757575757575757,ureF
0.2222222222222222,Rv2459
0.2638888888888889,Rv3349c-PPE56
0.3114754098360656,infA-Rv3463
0.2839506172839506,hsaF
0.29069767441860467,Rv3748
0.3026315789473684,fabH
0.19047619047619047,rslA
0.2857142857142857,pcp
0.2111111111111111,Rv1373-Rv1374c
0.3466666666666667,Rv1486c
0.25,Rv1567c
0.26666666666666666,Rv1671
0.23076923076923078,Rv2113
0.3055555555555556,Rv2435c-rbsK
0.26744186046511625,Rv2514c
0.265625,Rv3677c
0.3235294117647059,hemK
0.18666666666666668,Rv2197c
0.21621621621621623,Rv3032
0.2638888888888889,Rv3679
0.19101123595505617,Rv1104
0.3382352941176471,Rv3166c-Rv3167c
0.25757575757575757,Rv0021c-whiB5
0.25675675675675674,purC
0.275,Rv2772c-dapB
0.2597402597402597,proS
0.20833333333333334,Rv1056
0.2777777777777778,Rv1466-fadE15
0.2727272727272727,lppL-pyrD
0.2361111111111111,vapB16
0.25,Rv2285-Rv2286c
0.28169014084507044,rpiB-Rv2466c
0.17857142857142858,Rv3013
0.35384615384615387,add
0.2638888888888889,Rv3752c
0.3150684931506849,bpoC
0.30666666666666664,Rv0008c
0.2625,groEL2
0.25675675675675674,rimJ-Rv0996
0.34328358208955223,echA9
0.25333333333333335,PE_PGRS29-ctpD
0.25,pafA
0.35135135135135137,yrbE4A
0.22093023255813954,mec
0.3793103448275862,Rv2689c
0.2222222222222222,Rv0738-Rv0739
0.23376623376623376,Rv2492
0.32142857142857145,htdZ
0.29333333333333333,mazE1
0.3132530120481928,B55
0.234375,Rv0898c
0.2564102564102564,Rv1514c
0.21621621621621623,plcD
0.3125,ndh
0.2777777777777778,Rv2415c-eis
0.24691358024691357,Rv2536
0.2835820895522388,Rv2642
0.14634146341463414,arsC
0.296875,Rv3491
0.2911392405063291,Rv3851
0.2676056338028169,Rv3915
0.2647058823529412,Rv1271c
0.22033898305084745,Rv3720
0.3076923076923077,Rv2361c
0.34210526315789475,Rv3324A-Rv3325
0.265625,Rv1414
0.27631578947368424,Rv0201c
0.27631578947368424,Rv2613c
0.2716049382716049,Rv1036c-esxI
0.375,lpqO-Rv0605
0.28125,fusA1
0.24242424242424243,Rv1151c-Rv1152
0.2564102564102564,vapB44-Rv3322c
0.2786885245901639,Rv3438
0.2602739726027397,Rv1100
0.2235294117647059,Rv1167c
0.2571428571428571,Rv1312
0.37142857142857144,Rv1815
0.23170731707317074,Rv3055
0.23076923076923078,Rv3548c
0.2535211267605634,Rv3575c-lppH
0.21311475409836064,thrU-Rv3644c
0.26666666666666666,Rv0610c-Rv0611c
0.2891566265060241,Rv1101c
0.275,TB8.4
0.25,dfp
0.23809523809523808,cydB
0.15384615384615385,glnA3
0.24285714285714285,Rv1897c
0.25,Rv1977-Rv1978
0.25333333333333335,dgt
0.3492063492063492,vapB19
0.27906976744186046,Rv2600
0.345679012345679,Rv3092c
0.22857142857142856,Rv3485c-Rv3486
0.17567567567567569,Rv3603c-Rv3604c
0.23943661971830985,sodC
0.30864197530864196,deoC
0.2571428571428571,Rv2824c
0.32926829268292684,Rv0187
0.25,Rv0265c
0.1791044776119403,Rv0571c-Rv0572c
0.23684210526315788,Rv1072
0.23170731707317074,Rv1184c-fadD21
0.30666666666666664,Rv1255c
0.32051282051282054,Rv1268c
0.29411764705882354,lprC-Rv1276c
0.26865671641791045,Rv1359
0.3333333333333333,rsfA
0.2597402597402597,Rv1404-Rv1405c
0.323943661971831,PPE29-PPE30
0.2698412698412698,Rv1867-Rv1868
0.26136363636363635,Rv2028c
0.25301204819277107,lppJ-Rv2081c
0.21212121212121213,35kd_ag-clgR
0.20588235294117646,gpsI-lppU
0.2823529411764706,lipN
0.27710843373493976,ilvB1
0.19696969696969696,TB22.2
0.225,devR
0.2222222222222222,usfY
0.2702702702702703,Rv3440c
0.2441860465116279,Rv3686c-rsfB
0.30158730158730157,Rv3707c
0.2835820895522388,Rv1115
0.1780821917808219,sugC
0.27419354838709675,Rv1261c
0.24358974358974358,pknE-Rv1744c
0.140625,lipP
0.22580645161290322,Rv3120-cyp141
0.21176470588235294,Rv3216
0.19672131147540983,guaB3
0.2631578947368421,Rv3848
0.29411764705882354,Rv1249c
0.2625,Rv1810-mgtC
0.2976190476190476,vapC22
0.2222222222222222,Rv0227c
0.30158730158730157,rpsC
0.28378378378378377,Rv1465
0.19696969696969696,frdB
0.24390243902439024,sirA
0.3472222222222222,PPE57-PPE58
0.3384615384615385,vapB48
0.25333333333333335,ethA-ethR
0.23529411764705882,Rv1685c
0.2682926829268293,fdxA-Rv2008c
0.16483516483516483,rpsN2
0.2318840579710145,hemE
0.3157894736842105,Rv3000
0.17857142857142858,nat
0.25882352941176473,asd
0.3157894736842105,Rv0881
0.36363636363636365,Rv0227c-Rv0228
0.3246753246753247,Rv0259c
0.2564102564102564,menE-Rv0543c
0.2235294117647059,Rv1356c
0.2191780821917808,Rv1367c-lprF
0.24242424242424243,lprI
0.24,Rv2410c
0.2647058823529412,proA
0.2191780821917808,ldtB-lysU
0.2222222222222222,Rv2581c
0.26582278481012656,Rv2640c-cadI
0.18421052631578946,Rv2749
0.2676056338028169,Rv2774c-Rv2775
0.3442622950819672,Rv2817c
0.2619047619047619,Rv3354
0.23076923076923078,glgE-glgP
0.3181818181818182,Rv0196
0.25,Rv3463
0.2318840579710145,mapA
0.11475409836065574,Rv0799c
0.22666666666666666,sucD-Rv0953c
0.31666666666666665,Rv2177c-aroG
0.4,fba
0.27380952380952384,lprQ
0.25675675675675674,Rv0857
0.27692307692307694,erm(37)
0.2077922077922078,pafC
0.15492957746478872,ahpE
0.2911392405063291,aroE
0.2716049382716049,glnA4-mapB
0.21333333333333335,Rv3040c
0.2465753424657534,PPE58-Rv3427c
0.19672131147540983,gshA-Rv3705c
0.2608695652173913,Rv2075c
0.3466666666666667,Rv0232
0.265625,hsp
0.2,Rv1508A
0.3384615384615385,PE4-Rv0161
0.2625,Rv0333
0.24096385542168675,Rv0472c
0.3548387096774194,PE_PGRS8-Rv0743c
0.2289156626506024,Rv0813c
0.2625,Rv0841-Rv0842
0.29333333333333333,esxI
0.234375,PE_PGRS25-vapC10
0.28125,Rv1474c
0.27692307692307694,pheT-PE_PGRS30
0.24285714285714285,Rv1856c
0.3150684931506849,Rv1887-Rv1888c
0.3157894736842105,Rv2239c-Rv2240c
0.22033898305084745,Rv2242
0.37142857142857144,Rv2390c
0.20481927710843373,echA15
0.18666666666666668,thyX
0.28735632183908044,fadE21
0.30434782608695654,Rv3162c
0.24705882352941178,accD5
0.25,deoA
0.2727272727272727,Rv3529c
0.29411764705882354,Rv3583c-lpqE
0.3246753246753247,Rv3605c
0.345679012345679,Rv3686c
0.24242424242424243,Rv2879c
0.24324324324324326,Rv1947
0.24285714285714285,lipA
0.22784810126582278,Rv0480c
0.22077922077922077,cysA2
0.15714285714285714,Rv1184c
0.24,fadD21-Rv1186c
0.30985915492957744,Rv2525c
0.19696969696969696,rbfA
0.20512820512820512,pirG
0.26666666666666666,vapC8
0.21621621621621623,rplO-sppA
0.2222222222222222,Rv0079
0.29411764705882354,gpsI
0.23809523809523808,adhD
0.19402985074626866,sigH-Rv3224
0.24050632911392406,Rv3235
0.3411764705882353,cobH
0.24,Rv1422
0.3,modB
0.2403846153846154,ftsW
0.25675675675675674,Rv0208c-Rv0209
0.27058823529411763,Rv2737A
0.2602739726027397,fadE23-fadB4
0.288135593220339,lpqD
0.3103448275862069,clpB
0.2236842105263158,pcaA
0.31343283582089554,gpm1
0.3333333333333333,icl1
0.2727272727272727,Rv2219A
0.28378378378378377,Rv2405
0.26229508196721313,upp
0.29411764705882354,amiD-Rv3376
0.24358974358974358,Rv3435c
0.30985915492957744,Rv3690
0.23529411764705882,Rv1990c
0.3333333333333333,fhaB
0.3548387096774194,vapC25
0.2537313432835821,Rv1276c-Rv1277
0.2878787878787879,murX
0.2535211267605634,Rv2253
0.23880597014925373,ephG
0.2976190476190476,dapA
0.24050632911392406,Rv2991
0.22972972972972974,whiB7-uvrD2
0.35714285714285715,pmmA
0.2631578947368421,Rv3840
0.22727272727272727,rplM-esxT
0.3,Rv1544
0.36231884057971014,kmtR
0.19767441860465115,Rv3647c-cspA
0.23880597014925373,Rv0023
0.2361111111111111,fbpC
0.22727272727272727,Rv0250c-hsp
0.234375,fadB2
0.2876712328767123,echA7
0.23529411764705882,Rv1898
0.3787878787878788,TB16.3
0.2328767123287671,caeA
0.35714285714285715,Rv2387
0.19230769230769232,Rv3831
0.2077922077922078,Rv2370c-PE_PGRS40
0.22972972972972974,zwf1
0.2328767123287671,viuB
0.3088235294117647,esxG
0.32142857142857145,Rv3212-Rv3213c
0.29213483146067415,phyA
0.2535211267605634,Rv0324
0.1643835616438356,proZ
0.225,thiC
0.21052631578947367,gltA2
0.35714285714285715,dapF
0.3157894736842105,moaX
0.2631578947368421,espD-espC
0.21333333333333335,Rv3817
0.30303030303030304,vapC40
0.3287671232876712,mku-ligD
0.2608695652173913,Rv1097c
0.34831460674157305,sugC-corA
0.2625,Rv2771c
0.29411764705882354,accA3
0.20588235294117646,Rv3468c
0.26666666666666666,mutT1
0.25,Rv1628c
0.3275862068965517,Rv0390
0.28125,Rv1735c-narX
0.22972972972972974,Rv2632c
0.2345679012345679,Rv0078B
0.25757575757575757,fadE2
0.23255813953488372,Rv0730-Rv0731c
0.2702702702702703,fadE10-Rv0874c
0.25675675675675674,Rv0947c
0.3291139240506329,trcS-trcR
0.20588235294117646,eccA5
0.33766233766233766,mazE7
0.1282051282051282,Rv2235
0.2625,vapC41
0.25316455696202533,Rv3034c-Rv3035
0.2537313432835821,mmr
0.3220338983050847,Rv3431c-gadB
0.3103448275862069,dhaA-hisS
0.2077922077922078,Rv3137
0.29333333333333333,Rv3368c
0.21333333333333335,thiD-thiC
0.23728813559322035,vapB14
0.2702702702702703,Rv2119
0.25,prpC
0.23529411764705882,amiB2
0.21428571428571427,Rv1973
0.3287671232876712,lipR
0.3150684931506849,Rv3636-Rv3637
0.2876712328767123,whiB4-ponA2
0.21428571428571427,Rv3830c-Rv3831
0.24675324675324675,Rv1873
0.23684210526315788,Rv2004c
0.21739130434782608,Rv2296
0.273972602739726,Rv0767c-aldA
0.2077922077922078,Rv1245c
0.29333333333333333,rplE
0.3382352941176471,Rv2887
0.25609756097560976,Rv3222c
0.22580645161290322,Rv0180c-Rv0181c
0.3013698630136986,Rv3352c
0.3472222222222222,lpqS-cysK2
0.325,rrl-rrf
0.25925925925925924,mbtK
0.2638888888888889,vapB31
0.2631578947368421,purN
0.2463768115942029,Rv2645
0.265625,Rv2698
0.30434782608695654,purD
0.23170731707317074,Rv0012-trpG
0.23529411764705882,Rv0024-Rv0025
0.3157894736842105,Rv0102-ctpB
0.2597402597402597,Rv0464c
0.23255813953488372,bpoC-menD
0.35384615384615387,rocD2
0.2698412698412698,trpS
0.19753086419753085,udgB
0.19736842105263158,Rv2844
0.2465753424657534,Rv0454
0.3484848484848485,Rv0998
0.26666666666666666,Rv1085c
0.2361111111111111,Rv3387-PE_PGRS52
0.3424657534246575,Rv3767c-Rv3768
0.22857142857142856,thrA
0.2608695652173913,ptbB
0.3176470588235294,ackA
0.2535211267605634,Rv1885c
0.3855421686746988,rfbE
0.2112676056338028,nudC-Rv3200c
0.23943661971830985,Rv0025
0.2112676056338028,Rv0106
0.3150684931506849,Rv0572c
0.2112676056338028,Rv3253c
0.2638888888888889,hpt
0.3076923076923077,espG2
0.20967741935483872,Rv3066
0.1935483870967742,Rv0135c-cyp138
0.2987012987012987,Rv0966c-csoR
0.2857142857142857,glbN-Rv1543
0.3170731707317073,Rv1673c
0.17567567567567569,cobD
0.21052631578947367,Rv2265-cyp124
0.4230769230769231,Rv3333c
0.2545454545454545,lpqC
0.23728813559322035,Rv3753c-tyrA
0.20689655172413793,Rv0603
0.34328358208955223,hadC-trpT
0.24193548387096775,Rv1556-mmpL6
0.2375,fas-Rv2525c
0.19444444444444445,dxs1-Rv2683
0.28378378378378377,Rv3213c
0.3258426966292135,pstP-fhaB
0.2465753424657534,Rv0161-adhE1
0.21428571428571427,Rv0965c
0.2702702702702703,nanT-Rv1903
0.2711864406779661,cysE-Rv2336
0.2361111111111111,echA17
0.2976190476190476,Rv3099c
0.2692307692307692,Rv3273
0.29333333333333333,Rv3284
0.2535211267605634,espD
0.32926829268292684,espL
0.3684210526315789,trxC
0.2916666666666667,lpqV
0.26582278481012656,Rv2307D-Rv2308
0.24285714285714285,nadD-Rv2422
0.18571428571428572,Rv2851c-mqo
0.2112676056338028,Rv2958c-Rv2959c
0.19117647058823528,panD
0.3269230769230769,Rv1632c
0.27631578947368424,Rv3235-Rv3236c
0.23880597014925373,Rv0912-Rv0913c
0.29069767441860467,Rv2705c
0.3125,Rv1772
0.2564102564102564,Rv2292c
0.22972972972972974,Rv3035
0.32926829268292684,Rv1395
0.25,Rv0072
0.2638888888888889,PE_PGRS14-lpqQ
0.3026315789473684,Rv2686c
0.2112676056338028,Rv0224c-Rv0225
0.2361111111111111,PE_PGRS4-PPE3
0.20512820512820512,Rv0726c-fucA
0.31645569620253167,Rv0785
0.22058823529411764,Rv1052
0.2465753424657534,Rv1291c
0.2702702702702703,eccD5
0.2361111111111111,Rv1816-Rv1817
0.225,Rv2293c-Rv2294
0.1728395061728395,Rv2569c
0.2077922077922078,relF
0.23684210526315788,Rv3076
0.22535211267605634,papA1
0.2345679012345679,Rv2250c
0.16666666666666666,Rv1405c-fmt
0.3380281690140845,Rv1670
0.2459016393442623,aspS
0.2112676056338028,tcrX
0.27631578947368424,PPE8-Rv0356c
0.28125,rho
0.2911392405063291,lldD2-Rv1873
0.2878787878787879,Rv2102
0.34615384615384615,dedA
0.23376623376623376,Rv3242c
0.2571428571428571,Rv1265
0.25609756097560976,Rv1831
0.2571428571428571,rnpA
0.36046511627906974,Rv2622-TB31.7
0.24691358024691357,lprD
0.2894736842105263,eccB5
0.23376623376623376,Rv2146c-Rv2147c
0.313953488372093,Rv3095-Rv3096
0.32857142857142857,Rv3760
0.1323529411764706,Rv3732-Rv3733c
0.23255813953488372,murI
0.2597402597402597,Rv2775
0.25773195876288657,prfB-fprA
0.2692307692307692,Rv0493c
0.2,mmaA3
0.2903225806451613,Rv2509
0.28,PE33-Rv3651
0.22535211267605634,eccCb1
0.17777777777777778,Rv0361
0.22388059701492538,fgd2-Rv0133
0.22033898305084745,Rv0521-gabP
0.30985915492957744,Rv2136c
0.3333333333333333,Rv2267c
0.2717391304347826,sigH
0.38666666666666666,papA2-Rv3821
0.3188405797101449,cyp135B1-Rv0569
0.2894736842105263,Rv0488-gpm1
0.2638888888888889,Rv0990c-Rv0991c
0.2236842105263158,Rv1053c
0.14925373134328357,Rv1081c-mca
0.27692307692307694,rplT
0.31343283582089554,Rv1871c
0.2112676056338028,Rv2423-Rv2424c
0.30985915492957744,Rv2506-Rv2507
0.28378378378378377,alaS
0.3076923076923077,groEL1-groES
0.22580645161290322,Rv3751-serX
0.25,Rv0145-Rv0146
0.2413793103448276,vapB4
0.19230769230769232,Rv0681-rpsL
0.2571428571428571,phoY2
0.27058823529411763,prpD
0.24719101123595505,Rv1903
0.4126984126984127,Rv2226-rnpB
0.26582278481012656,Rv2375
0.2608695652173913,mobA
0.2916666666666667,Rv2558
0.2318840579710145,Rv3041c
0.3142857142857143,esxE
0.234375,pntAa
0.2777777777777778,Rv1893
0.3333333333333333,Rv1404
0.23076923076923078,fadD12
0.2191780821917808,Rv1954c
0.3037974683544304,Rv1050-Rv1051c
0.15254237288135594,Rv1718
0.19047619047619047,whiB7
0.31746031746031744,trpG
0.22388059701492538,Rv0026-Rv0027
0.2571428571428571,Rv0045c-ino1
0.2191780821917808,Rv0121c
0.24242424242424243,zmp1
0.22666666666666666,zmp1-Rv0199
0.18681318681318682,Rv0303
0.234375,Rv0477
0.2191780821917808,Rv0609A
0.29508196721311475,vapC6-vapB6
0.2,Rv0804
0.23170731707317074,cysK2
0.2711864406779661,PE_PGRS15-fadE10
0.2835820895522388,Rv0887c
0.1774193548387097,Rv0950c-sucC
0.29577464788732394,Rv0968
0.21333333333333335,mshB
0.27710843373493976,tagA-Rv1211
0.175,atpB
0.26666666666666666,inhA
0.30434782608695654,Rv1490
0.2125,pks10-pks7
0.23684210526315788,Rv1767-PE_PGRS31
0.2911392405063291,helZ-Rv2102
0.2753623188405797,wag31-Rv2146c
0.2926829268292683,glnA1
0.25675675675675674,moeW
0.3150684931506849,vapC40-Rv2597
0.27631578947368424,Rv2616
0.21794871794871795,Rv2672-aftC
0.2894736842105263,Rv2714-Rv2715
0.16216216216216217,ephG-PE_PGRS47
0.20270270270270271,Rv2776c-Rv2777c
0.189873417721519,nusA
0.24691358024691357,efpA
0.13978494623655913,ftsY
0.17142857142857143,Rv3000-ilvC
0.23880597014925373,tgs3-Rv3235
0.21739130434782608,Rv3294c
0.32051282051282054,kshB
0.3582089552238806,Rv3684-proY
0.2676056338028169,Rv3745c
0.2857142857142857,Rv3784
0.3728813559322034,Rv1581c-Rv1582c
0.18571428571428572,PE_PGRS40-Rv2372c
0.25925925925925924,Rv3311
0.2692307692307692,Rv0463
0.26666666666666666,Rv0028-Rv0029
0.2463768115942029,Rv0122
0.24285714285714285,fadD5-yrbE1A
0.24,Rv0455c
0.2647058823529412,gpm1-senX3
0.26582278481012656,pncB2
0.25675675675675674,vapB27
0.24615384615384617,vapC29
0.2112676056338028,Rv0658c-mazF2
0.2235294117647059,echA5
0.3013698630136986,Rv0875c
0.2727272727272727,Rv0970-echA7
0.2608695652173913,Rv1155-Rv1156
0.23728813559322035,mcr10
0.2916666666666667,pyrB
0.15384615384615385,Rv1632c-uvrB
0.25333333333333335,PPE28-PPE29
0.2878787878787879,pfkB-Rv2030c
0.2222222222222222,Rv2348c-plcC
0.2465753424657534,rpfE-Rv2451
0.20833333333333334,dxr
0.2,Rv3031
0.2948717948717949,sdhD-sdhA
0.35384615384615387,nagA-Rv3333c
0.2786885245901639,Rv3403c-Rv3404c
0.37333333333333335,mce4B
0.36065573770491804,Rv3626c
0.2054794520547945,cobQ2
0.34210526315789475,rfbD
0.3125,serS
0.3,lprC
0.27941176470588236,Rv1691
0.2857142857142857,nrp-Rv0102
0.21311475409836064,Rv1626
0.22666666666666666,Rv2076c
0.25,Rv0926c
0.2,cobU
0.25287356321839083,Rv0822c-Rv0823c
0.21518987341772153,Rv1351-Rv1352
0.2894736842105263,Rv1776c
0.1951219512195122,Rv3517-cyp142
0.3333333333333333,nusG
0.28169014084507044,Rv1828-Rv1829
0.3076923076923077,Rv2804c
0.2608695652173913,Rv3165c
0.21428571428571427,vapC42
0.23076923076923078,Rv3717
0.15492957746478872,prrA-accD3
0.3103448275862069,Rv0108c-PE_PGRS1
0.2962962962962963,vapC44
0.29411764705882354,Rv0601c
0.32432432432432434,ercc3-Rv0862c
0.3125,sugA
0.2876712328767123,Rv1906c
0.21052631578947367,Rv2432c
0.25,Rv3553
0.24324324324324326,Rv0093c-Rv0094c
0.24675324675324675,Rv0330c
0.21333333333333335,Rv0879c
0.26865671641791045,Rv0991c
0.2571428571428571,glnT-Rv1019
0.2125,Rv1234
0.3253012048192771,Rv2345-esxO
0.16901408450704225,Rv3228
0.2909090909090909,Rv3643
0.25,espR-Rv3850
0.32051282051282054,fadA4-Rv1324
0.323943661971831,Rv0918
0.2608695652173913,Rv1829
0.28378378378378377,aroK
0.24691358024691357,trmD
0.2916666666666667,prfB
0.26582278481012656,Rv0713-rplN
0.19696969696969696,nrdZ-Rv0571c
0.25806451612903225,mtc28-leuS
0.2459016393442623,rplJ
0.2840909090909091,Rv1727
0.30120481927710846,Rv2114
0.24358974358974358,Rv2475c
0.2597402597402597,bcp
0.2857142857142857,Rv3194c-Rv3195
0.2777777777777778,bfrB
0.31645569620253167,proC-Rv0500A
0.25882352941176473,desA2
0.22972972972972974,Rv2454c
0.23880597014925373,fic
0.27631578947368424,Rv3896c-Rv3897c
0.189873417721519,pyrC
0.32142857142857145,Rv0394c-Rv0395
0.19718309859154928,moaD1
0.22058823529411764,canA-cysD
0.30864197530864196,Rv0236A-lpqI
0.22077922077922077,pnp
0.2835820895522388,rplA-mmaA4
0.25,csoR-Rv0968
0.22413793103448276,Rv1151c
0.18181818181818182,esxK-esxL
0.23170731707317074,Rv2143-Rv2144c
0.3333333333333333,Rv3552-Rv3553
0.1891891891891892,clpP2
0.2625,mce1R-fadD5
0.27941176470588236,Rv0696
0.2597402597402597,Rv1084-Rv1085c
0.2753623188405797,Rv1268c-Rv1269c
0.34375,devB
0.30985915492957744,Rv1648-pheS
0.2987012987012987,Rv1919c
0.2962962962962963,Rv2260-Rv2261c
0.24615384615384617,gatC
0.22535211267605634,Rv3557c
0.1780821917808219,Rv3802c
0.2948717948717949,Rv1314c
0.2647058823529412,vapC11
0.30303030303030304,lexA
0.14925373134328357,Rv3217c
0.23684210526315788,Rv0380c-Rv0381c
0.2894736842105263,sigK
0.23529411764705882,Rv0970
0.21621621621621623,fdxC
0.1746031746031746,hisI-chaA
0.33707865168539325,Rv1747-Rv1748
0.23376623376623376,Rv2005c-otsB1
0.20833333333333334,leuC
0.18032786885245902,whiB2
0.2459016393442623,Rv3668c
0.2647058823529412,vapC12
0.2894736842105263,Rv0143c-Rv0144
0.2328767123287671,mca
0.2839506172839506,PPE44-Rv2771c
0.2465753424657534,Rv2827c
0.2077922077922078,vapC47
0.28169014084507044,Rv1520-fadD25
0.2804878048780488,trpA
0.23863636363636365,argG-argH
0.22033898305084745,PE16-Rv1431
0.27848101265822783,Rv3342
0.18666666666666668,Rv0141c
0.3559322033898305,Rv0883c
0.2777777777777778,Rv1065
0.2112676056338028,Rv1462
0.22388059701492538,Rv2280-pitB
0.18666666666666668,relA-apt
0.3013698630136986,pdxH-PPE42
0.21794871794871795,Rv2517c
0.26865671641791045,Rv0963c-Rv0964c
0.10256410256410256,dnaG-dgt
0.28205128205128205,Rv1491c-mutA
0.16666666666666666,Rv2042c
0.19672131147540983,Rv0061c-celA1
0.19696969696969696,Rv1073-fadA3
0.24444444444444444,Rv1313c-Rv1314c
0.2777777777777778,Rv1592c-Rv1593c
0.2,nmtR
0.2545454545454545,sseC1
0.20833333333333334,nadR
0.26865671641791045,icl1-fadB2
0.22077922077922077,cut2-Rv2302
0.2318840579710145,asnT
0.3013698630136986,Rv3210c-rhlE
0.2318840579710145,mmpS4
0.2222222222222222,mcr19-mshA
0.2318840579710145,vapB8
0.20833333333333334,vapB35
0.2465753424657534,Rv1990c-Rv1990A
0.2465753424657534,Rv2044c
0.21333333333333335,bisC-Rv1443c
0.203125,cysD
0.3333333333333333,Rv0108c
0.30303030303030304,Rv1975-Rv1976c
0.28378378378378377,PPE45-Rv2893
0.2916666666666667,Rv2898c
0.30303030303030304,Rv3346c
0.24358974358974358,Rv3726-Rv3727
0.25757575757575757,mmpS3
0.23684210526315788,Rv1321
0.29411764705882354,vapC26
0.3333333333333333,mtn-ctpA
0.27450980392156865,prsA-glmU
0.24615384615384617,Rv2893
0.32,Rv3915-Rv3916c
0.3103448275862069,mpt63-Rv1927
0.22988505747126436,sdhA
0.2857142857142857,menH
0.27472527472527475,vapC32
0.26582278481012656,Rv1060
0.22388059701492538,Rv2206
0.2236842105263158,Rv2288
0.2716049382716049,Rv2738c
0.2777777777777778,Rv3177-Rv3178
0.2558139534883721,nuoE
0.2894736842105263,Rv0979c
0.24242424242424243,gabP
0.2777777777777778,adk
0.19718309859154928,Rv2651c-Rv2652c
0.2692307692307692,Rv3143
0.25,Rv3471c
0.3508771929824561,Rv2767c
0.2692307692307692,Rv0792c-Rv0793
0.20987654320987653,sigE
0.3559322033898305,rplS
0.31666666666666665,Rv2969c
0.21621621621621623,Rv3525c-kshA
0.24358974358974358,Rv1805c
0.3108108108108108,Rv2297
0.22807017543859648,mymT
0.30666666666666664,Rv0769
0.29333333333333333,Rv1752
0.30666666666666664,rbsK-Rv2437
0.20588235294117646,gadB-Rv3433c
0.2903225806451613,lpqR-Rv0839
0.26666666666666666,esxC
0.26153846153846155,moaE2
0.2328767123287671,Rv1706A
0.2898550724637681,Rv1929c-Rv1930c
0.18840579710144928,gabT-fadD9
0.3181818181818182,Rv2675c
0.3125,ilvE
0.27941176470588236,Rv2406c
0.2948717948717949,eccE3
0.2318840579710145,leuS-Rv0042c
0.25,Rv1496
0.29333333333333333,Rv1928c-Rv1929c
0.2375,Rv1951c
0.2727272727272727,Rv2957
0.3902439024390244,dacB1-sugI
0.25,Rv1049-Rv1050
0.3125,Rv0997
0.21739130434782608,Rv1203c
0.2638888888888889,Rv1571-Rv1572c
0.2564102564102564,glnA1-glnE
0.27848101265822783,Rv2324-Rv2325c
0.21428571428571427,pepN
0.26153846153846155,Rv3034c
0.2318840579710145,Rv3694c
0.3157894736842105,Rv2240c-aceE
0.26436781609195403,Rv2706c-Rv2707
0.36923076923076925,coaE-Rv1632c
0.15584415584415584,Rv2734
0.33766233766233766,Rv3369-dnaE2
0.275,bpoA
0.27058823529411763,Rv3780
0.22807017543859648,Rv0328
0.22093023255813954,rplB
0.32857142857142857,idi
0.2033898305084746,Rv1906c-Rv1907c
0.24358974358974358,argW-echA14
0.24050632911392406,rimM
0.2911392405063291,Rv3376-Rv3377c
0.21839080459770116,pks16
0.2976190476190476,trcR
0.23529411764705882,Rv1535
0.3194444444444444,ndkA
0.2696629213483146,Rv2614A
0.2463768115942029,htpX
0.2753623188405797,glcB-vapC13
0.3,PE_PGRS33-bacA
0.27941176470588236,leuD
0.25,lytB2
0.36764705882352944,ansP1
0.17647058823529413,Rv2739c-ephG
0.27631578947368424,PE_PGRS32-Rv1804c
0.25675675675675674,Rv0332
0.25925925925925924,mmsB
0.3176470588235294,cpsY-Rv0807
0.28378378378378377,hflX
0.17857142857142858,Rv2816c
0.2631578947368421,nrdI
0.29411764705882354,Rv3312c-Rv3312A
0.2839506172839506,hsdS.1
0.20833333333333334,idsA2
0.2236842105263158,Rv0876c
0.16923076923076924,metS-tatD
0.2857142857142857,fadE19
0.2028985507246377,ftsZ
0.27631578947368424,Rv3259
0.2857142857142857,rpfD
0.2537313432835821,Rv0874c-Rv0875c
0.2261904761904762,Rv1875-bfrA
0.29411764705882354,Rv2822c
0.2891566265060241,Rv3359
0.26229508196721313,Rv3706c
0.16176470588235295,trxA
0.23809523809523808,Rv3693-Rv3694c
0.30985915492957744,Rv0499
0.2692307692307692,PE25-Rv2432c
0.23809523809523808,nicT
0.17333333333333334,Rv2963-purU
0.2891566265060241,Rv3816c
0.29333333333333333,nuoF
0.25862068965517243,moxR1
0.21333333333333335,MTS2823
0.3,ribA2
0.3333333333333333,Rv0394c
0.3048780487804878,Rv0123-PE_PGRS2
0.24050632911392406,Rv0378
0.2972972972972973,Rv0484c-Rv0485
0.3150684931506849,hemB
0.20270270270270271,echA11
0.2571428571428571,hspX-acg
0.28205128205128205,pcnA-mutT4
0.32,serU
0.2112676056338028,Rv2554c
0.25,Rv0369c
0.14666666666666667,PE_PGRS11-PPE12
0.24050632911392406,Rv0941c
0.27941176470588236,hns
0.3088235294117647,esxA
0.2535211267605634,fadD11.1
0.27848101265822783,proU
0.2328767123287671,sigB-ideR
0.24074074074074073,vapB12
0.22535211267605634,metE-Rv1134
0.2682926829268293,pyrF
0.2948717948717949,Rv1672c-Rv1673c
0.265625,pknL-Rv2177c
0.390625,adoK
0.3194444444444444,Rv2260
0.3382352941176471,Rv2327
0.3194444444444444,Rv2778c
0.25,groES-gcp
0.3013698630136986,Rv1958c
0.24324324324324326,Rv2506
0.1891891891891892,Rv0793-Rv0794c
0.24675324675324675,PE_PGRS2-pepA
0.2631578947368421,Rv0128
0.21621621621621623,Rv0264c
0.27848101265822783,Rv0347
0.19117647058823528,Rv1019-mfd
0.2692307692307692,mcr10-Rv1158c
0.16279069767441862,Rv1513
0.21621621621621623,Rv1813c-erg3
0.29069767441860467,Rv2324
0.29508196721311475,Rv2991-gluU
0.32051282051282054,Rv3015c-lpqA
0.359375,Rv3054c-Rv3055
0.27848101265822783,Rv3660c
0.3246753246753247,pgk
0.26153846153846155,Rv2451
0.3076923076923077,glyA1
0.2463768115942029,Rv1324-PE_PGRS24
0.22580645161290322,msrB
0.24675324675324675,mpr12
0.2916666666666667,vapB33
0.24285714285714285,bcpB
0.1206896551724138,Rv2061c
0.3333333333333333,Rv2269c
0.23684210526315788,PPE54-PE_PGRS49
0.2727272727272727,Rv2306B
0.22641509433962265,otsB2
0.2597402597402597,mazF1
0.21428571428571427,Rv1034c-Rv1035c
0.2716049382716049,metB
0.19047619047619047,rpsT
0.3116883116883117,menA
0.27710843373493976,icd1-metC
0.22988505747126436,wbbL1
0.27631578947368424,Rv0895-gltA2
0.2948717948717949,Rv2219A-glnA1
0.22641509433962265,Rv3678c
0.2753623188405797,pip-Rv0841
0.28,vapB13-PE_PGRS34
0.23880597014925373,sigL
0.2236842105263158,Rv0150c
0.2571428571428571,Rv0158
0.2328767123287671,Rv0526
0.2948717948717949,fadD36-Rv1194c
0.26136363636363635,clgR-pgsA3
0.17647058823529413,frr
0.31746031746031744,Rv3095
0.20987654320987653,Rv1706A-Rv1707
0.2647058823529412,manB
0.2702702702702703,Rv0953c-Rv0954
0.24324324324324326,Rv1083
0.3076923076923077,rrs-rrl
0.2682926829268293,Rv1473-Rv1473A
0.28169014084507044,Rv2348c
0.2647058823529412,aprB
0.22388059701492538,Rv2456c-clpX
0.28125,Rv3363c
0.25,Rv3404c
0.3088235294117647,Rv3851-hns
0.189873417721519,katG-furA
0.3157894736842105,nrdF1
0.24,Rv2189c-Rv2190c
0.25806451612903225,Rv3070
0.2465753424657534,fadA4
0.2537313432835821,Rv2293c
0.2361111111111111,vapB6
0.21875,Rv1116A-Rv1117
0.3013698630136986,Rv1762c
0.2028985507246377,rplU-dctA
0.18840579710144928,Rv2862c
0.3333333333333333,Rv0807-purF
0.23076923076923078,lppT
0.25806451612903225,Rv2557-Rv2558
0.22988505747126436,Rv2771c-Rv2772c
0.203125,Rv3196
0.30434782608695654,Rv3360
0.2191780821917808,Rv3538-PPE63
0.2727272727272727,esxF-Rv3906c
0.2987012987012987,fbpC-htdZ
0.28378378378378377,Rv1597
0.3194444444444444,Rv0047c-Rv0048c
0.34782608695652173,Rv0625c-vapB5
0.323943661971831,end-lpqP
0.28169014084507044,ribC-Rv1413
0.375,esxN
0.27941176470588236,glyS
0.29850746268656714,Rv1220c
0.3088235294117647,Rv1767
0.23529411764705882,Rv2314c
0.2597402597402597,vapC17
0.325,aac
0.2898550724637681,menA-pnp
0.25,rpmF
0.2676056338028169,cmtR
0.22077922077922077,vapB42
0.24242424242424243,Rv3335c
0.3,rpmH
0.22972972972972974,Rv0245-Rv0246
0.21428571428571427,emrB-Rv0784
0.23255813953488372,nicT-Rv2857c
0.26153846153846155,rplA
0.2916666666666667,Rv0073
0.2916666666666667,Rv2254c
0.3013698630136986,rubA
0.29577464788732394,ansA-lspA
0.32432432432432434,Rv1723-Rv1724c
0.3142857142857143,Rv0572c-pncB2
0.29347826086956524,pstB-pstS1
0.2571428571428571,Rv1060-Rv1061
0.2459016393442623,Rv1176c
0.22580645161290322,Rv2012
0.2638888888888889,Rv0268c-Rv0269c
0.25333333333333335,fabG4-fadA2
0.3225806451612903,clpB-Rv0385
0.2835820895522388,Rv0481c
0.27419354838709675,Rv0537c-Rv0538
0.225,Rv1363c-mcr15
0.23943661971830985,Rv1364c-rsfA
0.2702702702702703,nlhH-lipI
0.3116883116883117,Rv2307B-Rv2307D
0.1780821917808219,Rv3032A
0.2948717948717949,TB9.4-Rv3209
0.24324324324324326,Rv3613c-espD
0.33962264150943394,Rv1668c-Rv1669
0.30434782608695654,Rv0049
0.26595744680851063,mmaA1
0.2835820895522388,amiA1
0.24,Rv2803-Rv2804c
0.3188405797101449,Rv0004
0.3291139240506329,Rv0135c
0.23943661971830985,Rv0208c
0.34782608695652173,argA
0.35802469135802467,lsr2-lysS
0.2702702702702703,mbtE-mbtD
0.30303030303030304,fixA
0.26666666666666666,nuoC
0.22535211267605634,whiB3-groEL1
0.32926829268292684,Rv3750c-Rv3751
0.23076923076923078,Rv3644c-Rv3645
0.17567567567567569,fusA1-tuf
0.24358974358974358,vapB37
0.358974358974359,Rv0461-lpdC
0.2876712328767123,garA
0.24691358024691357,mycP1-eccA2
0.3611111111111111,snoP
0.25,Rv0226c-Rv0227c
0.3076923076923077,Rv0615
0.20238095238095238,Rv1043c-Rv1044
0.25,Rv1271c-Rv1272c
0.2692307692307692,Rv2186c-fadD15
0.2,Rv2326c-Rv2327
0.2727272727272727,Rv2401A
0.36764705882352944,moaR1
0.23333333333333334,Rv3811-PE_PGRS62
0.21875,PPE6-Rv0306
0.3333333333333333,Rv0377-Rv0378
0.30985915492957744,pyrE
0.19402985074626866,hbhA-Rv0476
0.2894736842105263,Rv0691A
0.23376623376623376,rplC
0.2535211267605634,pstS2-pstB
0.2413793103448276,Rv1352
0.2857142857142857,Rv2884
0.28125,Rv3453-Rv3454
0.22033898305084745,Rv3271c
0.29069767441860467,mhpE
0.27380952380952384,espF
0.27419354838709675,Rv3916c-parB
0.19047619047619047,Rv3647c
0.3114754098360656,Rv3789-dprE1
0.24324324324324326,Rv0786c
0.2894736842105263,kdpD-kdpF
0.26666666666666666,Rv3268-Rv3269
0.288135593220339,Rv0607
0.21875,echA5-mmpL5
0.18518518518518517,vapC20
0.17142857142857143,Rv1931c-tpx
0.2261904761904762,serT-hisC2
0.2878787878787879,Rv3098c
0.3561643835616438,Rv0249c
0.2571428571428571,tyrS-G2
0.2727272727272727,leuC-Rv2989
0.2,Rv0323c-Rv0324
0.23529411764705882,Rv0434-Rv0435c
0.33695652173913043,trcR-Rv1034c
0.2125,Rv1697
0.3333333333333333,adhA
0.36666666666666664,PPE43-PE27
0.18181818181818182,rsbW
0.3770491803278688,modA
0.23170731707317074,Rv2331
0.2702702702702703,Rv2695-Rv2696c
0.22857142857142856,Rv2704
0.29333333333333333,glf-pirG
0.2857142857142857,PPE68-esxB
0.21212121212121213,Rv1765c
0.19402985074626866,Rv2913c-pknI
0.17857142857142858,argJ
0.2,tatD
0.21176470588235294,cyp124-Rv2267c
0.25609756097560976,recF
0.2463768115942029,Rv0184
0.3076923076923077,Rv0499-proC
0.29577464788732394,Rv2422
0.24675324675324675,whiB3
0.3037974683544304,vapC46
0.2608695652173913,Rv0360c-Rv0361
0.32941176470588235,Rv1545
0.288135593220339,Rv1847-ureA
0.16049382716049382,ilvC
0.2875,fadE22-ligB
0.2876712328767123,Rv1382
0.23076923076923078,Rv2742c
0.28125,Rv0540
0.26506024096385544,Rv0590A
0.2597402597402597,ruvA
0.2638888888888889,Rv2304c
0.34210526315789475,Rv1413
0.16883116883116883,thyA-Rv2765
0.2857142857142857,purM
0.25675675675675674,Rv1144-mmpL13a
0.26582278481012656,Rv1433
0.3561643835616438,Rv1501
0.31343283582089554,Rv3013-ligA
0.3055555555555556,Rv2951c-Rv2952
0.2328767123287671,Rv2033c
0.2328767123287671,fadE28
0.34375,Rv1066
0.22784810126582278,mmpL13a
0.30434782608695654,PPE65-PE32
0.23809523809523808,Rv1855c-Rv1856c
0.21428571428571427,Rv2025c-Rv2026c
0.2,Rv0121c-Rv0122
0.26136363636363635,rpmG2
0.3194444444444444,Rv1435c-gap
0.2463768115942029,Rv1865c
0.28,rpmB2
0.2894736842105263,Rv2418c
0.2972972972972973,moeB1
0.2236842105263158,cdd-sdhC
0.2987012987012987,Rv0968-ctpV
0.2962962962962963,Rv2765-Rv2766c
0.29333333333333333,Rv3629c
0.2926829268292683,Rv3258c
0.275,Rv0544c
0.26153846153846155,mmaA4
0.32432432432432434,Rv0988-grcC2
0.27380952380952384,Rv0488
0.25675675675675674,Rv1498c
0.28888888888888886,Rv1780
0.23943661971830985,AS1890
0.21818181818181817,ppa
0.3064516129032258,Rv3769
0.21686746987951808,glbN
0.2823529411764706,Rv0730
0.3116883116883117,PE19-esxM
0.2112676056338028,cut1-wag22
0.2894736842105263,ureA
0.25609756097560976,lipB
0.25609756097560976,fbiB-Rv3263
0.2972972972972973,narH
0.2463768115942029,Rv1961-vapC35
0.21875,Rv0430-Rv0431
0.24096385542168675,Rv3705c-Rv3705A
0.3230769230769231,vapC30
0.2857142857142857,Rv0188
0.21333333333333335,Rv3742c
0.29577464788732394,Rv0575c-Rv0576
0.30303030303030304,Rv1754c-plcD
0.2465753424657534,ureD
0.2361111111111111,Rv0204c-Rv0205
0.23529411764705882,fabD
0.16901408450704225,vapC39
0.275,Rv1864c
0.26666666666666666,bfrA
0.2328767123287671,arsB2-Rv3579c
0.3108108108108108,typA-lpqW
0.31343283582089554,Rv1739c-vapB34
0.275,Rv2033c-Rv2034
0.2328767123287671,Rv2908c
0.2987012987012987,Rv3271c-Rv3272
0.29850746268656714,fdxD-fadE26
0.19230769230769232,Rv1701-Rv1702c
0.2112676056338028,espG1-espH
0.25,Rv0310c
0.19402985074626866,Rv3224B
0.3064516129032258,atpC
0.2542372881355932,rpsN1
0.32432432432432434,truA-rplQ
0.19696969696969696,Rv2283
0.2727272727272727,pyrH
0.2898550724637681,gap
0.3384615384615385,Rv3771c
0.24,rpmB2-Rv2059
0.19672131147540983,Rv0043c
0.26865671641791045,xseB
0.26153846153846155,Rv1794-eccD5
0.2702702702702703,Rv3226c-aroA
0.2948717948717949,serC-Rv0885
0.26666666666666666,Rv2294
0.27941176470588236,mce2R
0.26436781609195403,Rv2636-dedA
0.3235294117647059,Rv1517
0.23684210526315788,mazE9
0.2619047619047619,Rv0383c-clpB
0.2835820895522388,fabG3
0.423728813559322,vapB30
0.2,Rv1863c
0.22388059701492538,Rv3178
0.30120481927710846,Rv1332
0.30985915492957744,lpqU-eno
0.26153846153846155,Rv3190A-Rv3191c
0.13513513513513514,echA18.1
0.2112676056338028,Rv3642c-Rv3643
0.3333333333333333,Rv0225
0.25757575757575757,Rv2165c
0.18055555555555555,devR-Rv3134c
0.2345679012345679,Rv0739
0.20987654320987653,panB-Rv2226
0.24096385542168675,Rv3131
0.35526315789473684,nuoK
0.24358974358974358,Rv2695
0.2676056338028169,Rv1734c
0.2,Rv2369c
0.3116883116883117,Rv0042c-Rv0043c
0.3125,Rv0497-Rv0498
0.21794871794871795,PPE12-Rv0755A
0.2753623188405797,PE_PGRS16-PE_PGRS17
0.19444444444444445,Rv1331
0.288135593220339,Rv2663
0.29069767441860467,sigL-rslA
0.23076923076923078,Rv2242-fabD
0.22972972972972974,cyp121-Rv2277c
0.23076923076923078,dnaJ2-hrcA
0.26666666666666666,nrdE-nrdI
0.25757575757575757,phoY1-glpD2
0.22972972972972974,Rv3741c
0.19047619047619047,Rv2717c
0.2465753424657534,vapC1-icd2
0.288135593220339,scpA
0.32142857142857145,Rv2020c-Rv2021c
0.2948717948717949,mpt64-nrdF1
0.2261904761904762,Rv3058c-cyp136
0.1643835616438356,proX-Rv3760
0.27848101265822783,valS-Rv2449c
0.3235294117647059,nuoB
0.20253164556962025,dfp-metK
0.225,Rv2367c
0.2972972972972973,vapB38
0.30120481927710846,Rv2929
0.2676056338028169,Rv1048c-Rv1049
0.2558139534883721,cdh-lppO
0.2692307692307692,vapB27-Rv0600c
0.20987654320987653,Rv0076c-Rv0077c
0.25396825396825395,Rv1616-pykA
0.1891891891891892,cobS-Rv2209
0.3194444444444444,orn-hisT
0.2676056338028169,mhuD
0.2463768115942029,trpT-secE1
0.2857142857142857,Rv0420c
0.3108108108108108,Rv2325c
0.2608695652173913,serS-Rv3835
0.22666666666666666,Rv0556
0.30303030303030304,cpsA
0.19444444444444445,Rv0466
0.25287356321839083,Rv0964c
0.208955223880597,Rv1591-Rv1592c
0.32432432432432434,gcvH-garA
0.23809523809523808,Rv3123
0.2222222222222222,Rv2125
0.28205128205128205,rpmB1
0.23529411764705882,PPE23-Rv1706A
0.2857142857142857,PE29-Rv3023c
0.234375,Rv0038
0.23880597014925373,Rv3400-Rv3401
0.14666666666666667,Rv3488
0.3229166666666667,Rv0580c
0.22784810126582278,Rv1401
0.3333333333333333,Rv0692
0.21052631578947367,PE_PGRS23-lpqZ
0.34782608695652173,glgA-glgC
0.26666666666666666,Rv3122
0.1044776119402985,Rv3541c
0.17721518987341772,Rv3483c-cpsA
0.23529411764705882,vapC16
0.25757575757575757,leuW-irtA
0.2676056338028169,Rv2117
0.2028985507246377,Rv0048c-Rv0049
0.30434782608695654,PPE3-Rv0281
0.29411764705882354,mmaA2-mmaA1
0.19117647058823528,fadD16
0.21428571428571427,rplY-lpqT
0.24285714285714285,cyp143-Rv1786
0.2,Rv2282c-Rv2283
0.24050632911392406,Rv2762c-dfrA
0.2702702702702703,mshB-Rv1171
0.20253164556962025,Rv0203-Rv0204c
0.27631578947368424,Rv2730
0.2465753424657534,Rv1417
0.21333333333333335,Rv1945-lppG
0.19230769230769232,gpdA2-Rv2983
0.24615384615384617,Rv3205c-moeB1
0.2676056338028169,Rv3269
0.24675324675324675,Rv2628-Rv2629
0.27631578947368424,espR
0.22077922077922077,plcB-plcA
0.26582278481012656,vapB23
0.2716049382716049,kstR
0.21333333333333335,Rv3819
0.3076923076923077,Rv0513
0.32051282051282054,Rv1120c-zwf1
0.19444444444444445,ssr-Rv3099c
0.21505376344086022,rpsF-ssb
0.2857142857142857,Rv0183-Rv0184
0.24324324324324326,lipU-cbs
0.2708333333333333,tatA
0.2876712328767123,rpmE
0.22093023255813954,Rv0611c
0.29850746268656714,Rv3644c
0.2987012987012987,Rv0912
0.203125,Rv1155
0.3,Rv2927c-tesA
0.33783783783783783,ctaD-fecB
0.27941176470588236,Rv1590
0.2839506172839506,entC-Rv3216
0.25,bcpB-trpE
0.2375,Rv1055-leuX
0.3333333333333333,Rv1403c-Rv1404
0.2159090909090909,Rv1499
0.3181818181818182,Rv0306
0.28205128205128205,echA8-echA9
0.2716049382716049,Rv1973-Rv1974
0.2222222222222222,dapB
0.25675675675675674,Rv3027c-fixB
0.2236842105263158,choD-guaB3
0.2268041237113402,secG
0.2608695652173913,Rv1893-Rv1894c
0.23728813559322035,Rv2484c-lipQ
0.20588235294117646,Rv0634A
0.3448275862068966,Rv1504c-Rv1505c
0.23529411764705882,TB7.3-rshA
0.25301204819277107,Rv3438-Rv3439c
0.2571428571428571,Rv2261c-Rv2262c
0.23170731707317074,Rv2859c
0.2413793103448276,Rv2979c-Rv2980
0.24691358024691357,Rv0238
0.2878787878787879,Rv3058c
0.20270270270270271,PPE10-Rv0443
0.22580645161290322,thrB
0.1875,Rv1366A
0.22950819672131148,G2-lprJ
0.3125,Rv1985c
0.26865671641791045,Rv2998A-lppY
0.29411764705882354,PE_PGRS62-Rv3813c
0.22033898305084745,PE_PGRS42-Rv2488c
0.25,Rv1045-Rv1046c
0.2898550724637681,phoH2-Rv1096
0.26865671641791045,Rv2252-Rv2253
0.2891566265060241,aprA
0.3235294117647059,Rv3613c
0.30666666666666664,Rv0600c
0.2112676056338028,Rv2630
0.19148936170212766,papA5-mas
0.22388059701492538,fixB-fixA
0.23863636363636365,Rv3365c-spoU
0.2923076923076923,Rv2286c-yjcE
0.21621621621621623,blaI-Rv1847
0.2073170731707317,Rv0106-ctpI
0.22972972972972974,rpsF
0.2361111111111111,Rv1498A
0.25,Rv3675-crp
0.2676056338028169,Rv0100
0.31343283582089554,Rv1135A-Rv1136
0.1927710843373494,Rv1159A-mutT2
0.1917808219178082,eis-Rv2417c
0.32,Rv2422-Rv2423
0.3230769230769231,PE_PGRS13-PE_PGRS14
0.26785714285714285,Rv2144c
0.2987012987012987,infB-Rv2840c
0.2676056338028169,Rv3200c-Rv3201c
0.36486486486486486,echA19
0.2857142857142857,hisF
0.23880597014925373,Rv1914c-aceAa
0.23255813953488372,Rv3707c-asd
0.27631578947368424,Rv0740-Rv0741
0.1935483870967742,Rv1703c
0.15151515151515152,Rv0870c-cspB
0.34523809523809523,Rv1000c-arcA
0.171875,irtB-fabG2
0.2033898305084746,lppT-PPE28
0.2753623188405797,dop-Rv2113
0.2692307692307692,Rv0080-Rv0081
0.25,Rv0364
0.24242424242424243,Rv0830
0.2916666666666667,parD2-Rv2143
0.17647058823529413,Rv0078B-Rv0079
0.21052631578947367,purQ
0.2923076923076923,Rv1794
0.296875,Rv3718c
0.2318840579710145,Rv1205
0.2835820895522388,Rv1725c-Rv1726
0.2676056338028169,echA2-mazF1
0.29411764705882354,murB-lprQ
0.20987654320987653,Rv1024
0.25,lipX-mshB
0.29310344827586204,Rv2229c
0.25675675675675674,mazF6
0.23684210526315788,cfp2-mbtH
0.2911392405063291,Rv2617c
0.23943661971830985,cysA3
0.15492957746478872,Rv1322A-fadA4
0.25925925925925924,dnaE2-Rv3371
0.24390243902439024,PE26-Rv2520c
0.28169014084507044,serX
0.18181818181818182,moxR2-Rv3693
0.23880597014925373,Rv1101c-mazF3
0.21794871794871795,hadB
0.25862068965517243,B11-Rv3661
0.2916666666666667,vapC14
0.17333333333333334,Rv2619c
0.2236842105263158,ppiB
0.25,infC
0.2638888888888889,Rv1761c
0.23728813559322035,Rv2709-sigB
0.25301204819277107,Rv2961-Rv2962c
0.36363636363636365,Rv3224A
0.17721518987341772,Rv3364c
0.3235294117647059,PE_PGRS34-Rv1841c
0.2222222222222222,rmlA
0.3108108108108108,apt-Rv2585c
0.2647058823529412,Rv3612c
0.27419354838709675,Rv0263c-Rv0264c
0.20930232558139536,Rv1273c-lprB
0.273972602739726,Rv2824c-Rv2825c
0.2391304347826087,Rv0081
0.2948717948717949,mmaA3-mmaA2
0.2923076923076923,Rv0331-Rv0332
0.30434782608695654,Rv2787-sirR
0.27631578947368424,Rv0312-Rv0313
0.28378378378378377,vapC15-Rv2011c
0.23255813953488372,Rv3258c-Rv3259
0.27631578947368424,Rv1498c-Rv1498A
0.25757575757575757,Rv2292c-Rv2293c
0.2786885245901639,mutT3
0.24324324324324326,lipY-Rv3098c
0.3111111111111111,mazF3
0.2638888888888889,Rv2633c-PE_PGRS46
0.234375,rimI
0.2542372881355932,lipN-Rv2970A
0.2564102564102564,Rv2175c
0.23076923076923078,Rv2532c
0.2631578947368421,PE_PGRS61-Rv3654c
0.34375,ureB
0.23728813559322035,Rv3493c
0.36363636363636365,Rv2134c-Rv2135c
0.3380281690140845,rpsE
0.18421052631578946,Rv2621c-Rv2622
0.12857142857142856,tmk-sahH
0.1927710843373494,Rv1531-Rv1532c
0.2987012987012987,Rv0525
0.2054794520547945,Rv2054-rpsR2
0.17105263157894737,fadD9-PE_PGRS44
0.275,gpm2
0.25,Rv2840c-nusA
0.26666666666666666,gltA2-Rv0897c
0.20270270270270271,mtrA
0.38461538461538464,ino1-Rv0047c
0.29411764705882354,Rv0385
0.2898550724637681,pptT
0.18461538461538463,Rv2806
0.25,PPE49-Rv3126c
0.21212121212121213,Rv1502-Rv1503c
0.2318840579710145,proA-oxyR
0.2222222222222222,Rv2023c
0.21794871794871795,cysT
0.234375,Rv0249c-Rv0250c
0.296875,Rv0796-Rv0797
0.27692307692307694,hisG
0.2898550724637681,Rv2772c
0.2112676056338028,cyp135A1-Rv0328
0.296875,Rv1830-Rv1831
0.15384615384615385,hisA
0.3181818181818182,serB1-mmpS2
0.21951219512195122,Rv1635c-TB15.3
0.26865671641791045,Rv2598
0.2463768115942029,mpr18
0.30120481927710846,rpsR1
0.27956989247311825,Rv2795c-lppV
0.3333333333333333,Rv1158c-pimE
0.2926829268292683,Rv0566c-tyrT
0.2972972972972973,grcC1-htpX
0.2465753424657534,Rv0520
0.2804878048780488,Rv0560c
0.2597402597402597,Rv2970A
0.20212765957446807,Rv1816
0.2714285714285714,lpqN-Rv0584
0.2289156626506024,Rv3213c-gpm2
0.275,thiE-thiO
0.25301204819277107,Rv0498
0.3291139240506329,thrT-metT
0.2,nrdI-nrdH
0.2375,rnhB
0.2028985507246377,ftsX
0.3088235294117647,Rv0516c
0.2222222222222222,vapB43
0.22058823529411764,Rv0111-gca
0.32857142857142857,Rv2578c-dhaA
0.2222222222222222,Rv2406c-Rv2407
0.3048780487804878,Rv3659c-Rv3660c
0.3188405797101449,Rv0077c-Rv0078
0.275,Rv3557c-PPE64
0.2328767123287671,vapB7-atsD
0.2857142857142857,grpE
0.2777777777777778,rpsP-Rv2910c
