bayes,locus
0.2602739726027397,Rv0024
0.2631578947368421,Rv0031-bioF2
0.2727272727272727,Rv0045c
0.29850746268656714,Rv0063
0.2916666666666667,Rv0090
0.2077922077922078,ephF
0.3194444444444444,Rv0176
0.31645569620253167,PE_PGRS3-PE_PGRS4
0.2318840579710145,pks6
0.3076923076923077,Rv0420c-Rv0421c
0.2835820895522388,senX3-regX3
0.25396825396825395,Rv0576
0.24,mce2B
0.35064935064935066,Rv0759c-Rv0760c
0.22784810126582278,ptrBb-emrB
0.3380281690140845,Rv0823c
0.2127659574468085,Rv0888
0.24675324675324675,Rv0927c
0.30434782608695654,Rv1042c-Rv1043c
0.29577464788732394,Rv1045
0.2857142857142857,Rv1179c-pks3
0.33783783783783783,Rv1225c
0.18461538461538463,Rv1258c
0.4032258064516129,mcr11
0.22727272727272727,Rv1269c
0.25316455696202533,opcA
0.2236842105263158,Rv1506c-Rv1507c
0.26582278481012656,plsB1
0.296875,impA
0.29411764705882354,Rv1730c
0.3125,Rv1775
0.24561403508771928,Rv1907c
0.2222222222222222,ctpF
0.3258426966292135,dosT
0.1791044776119403,lppJ
0.2948717948717949,Rv2081c
0.24324324324324326,Rv2148c
0.22857142857142856,Rv2264c
0.2631578947368421,mmpL9
0.2903225806451613,plcA-PPE38
0.28378378378378377,Rv2405-Rv2406c
0.2602739726027397,Rv2437
0.31343283582089554,vapB17
0.2804878048780488,vapB18
0.2923076923076923,Rv2709
0.19444444444444445,Rv2823c
0.17721518987341772,cobB
0.2465753424657534,Rv2862c-vapB23
0.3333333333333333,lppW-trmD
0.2571428571428571,Rv2923c
0.43859649122807015,ppsA
0.31645569620253167,Rv3428c-PPE59
0.32967032967032966,Rv3483c
0.2638888888888889,ddn-Rv3548c
0.2537313432835821,ponA2-Rv3683
0.22058823529411764,Rv3766
0.25301204819277107,lipE-Rv3776
0.1875,Rv3802c-fbpD
0.19117647058823528,Rv3829c
0.2345679012345679,Rv3830c
0.3246753246753247,Rv3847
0.25882352941176473,eccC2
0.3050847457627119,dnaA-dnaN
0.273972602739726,alaT-Rv0008c
0.27586206896551724,Rv0012
0.1780821917808219,pknB
0.2159090909090909,pknA
0.30303030303030304,fhaA-leuT
0.27692307692307694,whiB5-Rv0023
0.2948717948717949,bioF2
0.35,fadD34
0.25333333333333335,fadD34-Rv0036c
0.3333333333333333,leuS
0.2716049382716049,dnaB-Rv0059
0.24675324675324675,Rv0061c
0.3472222222222222,Rv0067c-Rv0068
0.22666666666666666,glyA2-Rv0071
0.26666666666666666,Rv0078A
0.24675324675324675,hycE-Rv0088
0.3037974683544304,Rv0088-Rv0089
0.3625,Rv0104
0.352112676056338,hddA
0.25,hddA-ldtA
0.32894736842105265,oxyS
0.26153846153846155,fusA2
0.26865671641791045,cyp138
0.3246753246753247,mce1D
0.203125,sigG
0.3382352941176471,Rv0185
0.32051282051282054,Rv0194
0.25316455696202533,Rv0210-pckA
0.22727272727272727,lipW
0.3333333333333333,Rv0221
0.3333333333333333,echA1
0.2537313432835821,Rv0223c
0.30158730158730157,Rv0226c
0.3108108108108108,aftD
0.3188405797101449,Rv0245
0.3026315789473684,nirB
0.273972602739726,Rv0258c
0.288135593220339,fadD2
0.19718309859154928,vapB25
0.20588235294117646,eccD3
0.36231884057971014,Rv0302
0.22972972972972974,Rv0311
0.3142857142857143,Rv0315
0.2714285714285714,pcp
0.26865671641791045,Rv0330c-Rv0331
0.3076923076923077,lpqJ
0.25925925925925924,Rv0376c
0.2361111111111111,Rv0380c
0.265625,Rv0398c
0.29411764705882354,fadD30
0.28,Rv0439c-groEL2
0.20588235294117646,rskA
0.2875,sigK-Rv0446c
0.3142857142857143,mmpS4-Rv0452
0.27941176470588236,Rv0452
0.24358974358974358,Rv0457c
0.38333333333333336,pcaA-Rv0470A
0.2727272727272727,mshA
0.2631578947368421,Rv0492c
0.27419354838709675,Rv0518-Rv0519c
0.225,ccsA
0.2714285714285714,Rv0530
0.21212121212121213,galE3
0.27631578947368424,Rv0537c
0.2463768115942029,vapB3-fadD8
0.20270270270270271,Rv0565c
0.30666666666666664,Rv0575c
0.3493975903614458,Rv0585c-mce2R
0.28125,yrbE2B
0.27941176470588236,mce2F
0.275,Rv0597c-vapC27
0.3157894736842105,tcrA-Rv0603
0.1388888888888889,Rv0613c
0.2898550724637681,recD
0.28125,mmaA2
0.3013698630136986,atsD
0.328125,echA4
0.25609756097560976,mmpL5
0.2463768115942029,Rv0679c
0.2972972972972973,Rv0691c
0.2328767123287671,Rv0697
0.3492063492063492,Rv0699
0.2987012987012987,Rv0745
0.24074074074074073,Rv0749A-Rv0750
0.24285714285714285,phoP
0.2571428571428571,aldA
0.22666666666666666,purD
0.2602739726027397,ggtA
0.2682926829268293,Rv0775
0.2112676056338028,cpsY
0.25,purF
0.2898550724637681,sseC2
0.18421052631578946,Rv0825c
0.2727272727272727,narL
0.2222222222222222,pdc-Rv0854
0.3076923076923077,far
0.23684210526315788,dapC
0.2028985507246377,Rv0874c
0.2236842105263158,Rv0890c
0.2638888888888889,Rv0893c
0.29310344827586204,Rv0893c-Rv0894
0.2463768115942029,Rv0907
0.26582278481012656,ctpE
0.2988505747126437,PE7-betP
0.2753623188405797,Rv0927c-pstS3
0.3142857142857143,Rv0959
0.32051282051282054,Rv0959-vapB9
0.25,Rv0964c-Rv0965c
0.38235294117647056,PE_PGRS18-mprA
0.2876712328767123,mprB-pepD
0.2,Rv0987
0.3561643835616438,Rv0988
0.20512820512820512,Rv0991c-Rv0992c
0.26666666666666666,rimJ
0.3125,eno
0.3026315789473684,kdpE
0.24050632911392406,Rv1046c
0.24691358024691357,Rv1048c
0.2911392405063291,mpr5-Rv1052
0.25,fadD14
0.27941176470588236,Rv1063c-lpqV
0.25,Rv1072-Rv1073
0.23728813559322035,lipU
0.3055555555555556,Rv1087A
0.15254237288135594,celA2b
0.19230769230769232,MTS0858-glyA1
0.2682926829268293,Rv1136-Rv1137c
0.19696969696969696,Rv1152
0.21794871794871795,pimE
0.21428571428571427,mutT2
0.25,mutT2-narG
0.3142857142857143,narJ
0.32,mmpL10
0.26582278481012656,fadD36
0.2,fadD6
0.38571428571428573,Rv1217c
0.2676056338028169,Rv1227c-lpqX
0.35185185185185186,Rv1230c-Rv1231c
0.13636363636363635,embR-Rv1268c
0.2602739726027397,Rv1289-Rv1290c
0.3815789473684211,thrC
0.2222222222222222,dinG
0.21333333333333335,Rv1357c-Rv1358
0.29850746268656714,lprF
0.37662337662337664,Rv1371
0.32075471698113206,carA
0.2875,lipI
0.24,lprH-Rv1419
0.25806451612903225,uvrC
0.2876712328767123,Rv1432-Rv1433
0.23943661971830985,Rv1435c
0.2875,Rv1439c
0.22972972972972974,bisC
0.25,tal
0.24705882352941178,Rv1458c
0.2289156626506024,Rv1461
0.2839506172839506,Rv1463
0.2191780821917808,Rv1478-moxR1
0.26666666666666666,Rv1489
0.2777777777777778,lipL
0.265625,Rv1505c
0.2465753424657534,Rv1507c
0.29333333333333333,Rv1507A-Rv1508c
0.32432432432432434,Rv1509-Rv1510
0.3424657534246575,Rv1515c
0.3150684931506849,Rv1516c-Rv1517
0.23076923076923078,Rv1517
0.21311475409836064,Rv1520
0.2911392405063291,pks5
0.22093023255813954,Rv1532c
0.22388059701492538,ansA
0.24285714285714285,treX
0.21794871794871795,Rv1566c-Rv1567c
0.3108108108108108,polA
0.28378378378378377,uvrB
0.26153846153846155,lysX
0.22857142857142856,pks7
0.25333333333333335,pks8
0.24,dsbF-Rv1678
0.32098765432098764,moeX
0.2647058823529412,moeX-Rv1682
0.25,cycA-PPE22
0.3815789473684211,Rv1739c
0.2459016393442623,Rv1769
0.29850746268656714,cyp143
0.27419354838709675,secA2
0.31666666666666665,Rv1823
0.2236842105263158,gcvH
0.3157894736842105,Rv1835c
0.2714285714285714,glcB
0.3103448275862069,guaB1-gnd1
0.2222222222222222,Rv1847
0.3275862068965517,lldD2
0.26666666666666666,Rv1877
0.21518987341772153,Rv1879-cyp140
0.2191780821917808,Rv1888c-Rv1888A
0.2631578947368421,Rv1894c-Rv1895
0.3582089552238806,Rv1904
0.2,Rv1920
0.32432432432432434,lppF-Rv1922
0.2682926829268293,Rv1924c-fadD31
0.24324324324324326,fadD31
0.3333333333333333,Rv1927
0.3064516129032258,fadE17
0.28,echA13-Rv1936
0.265625,Rv1936
0.19540229885057472,ephB
0.16883116883116883,Rv1972
0.3023255813953488,Rv1978
0.25806451612903225,nrdF1-vapC36
0.24691358024691357,Rv1986
0.2545454545454545,Rv1987-erm(37)
0.35443037974683544,Rv1999c
0.3333333333333333,Rv2000
0.2894736842105263,Rv2023A
0.20987654320987653,Rv2030c
0.2191780821917808,Rv2047c
0.2702702702702703,rpmG1
0.3125,Rv2059
0.2638888888888889,cobN
0.3333333333333333,cobI
0.36507936507936506,Rv2079
0.28125,Rv2082
0.26865671641791045,Rv2087-pknJ
0.2875,pknJ
0.3050847457627119,pepE
0.2549019607843137,pafB
0.3382352941176471,vapC37
0.2542372881355932,mpa-lppK
0.30158730158730157,Rv2120c-hisG
0.18666666666666668,metH
0.26229508196721313,Rv2128-Rv2129c
0.25316455696202533,pyrD
0.3150684931506849,PE_PGRS38-pbpB
0.22972972972972974,Rv2180c
0.2714285714285714,TB16.3-Rv2186c
0.3472222222222222,Rv2228c
0.24691358024691357,Rv2237-Rv2237A
0.2857142857142857,kasA
0.3283582089552239,accD6
0.30864197530864196,Rv2248
0.25,mazF8
0.21739130434782608,cyp121
0.208955223880597,Rv2280
0.30434782608695654,lppO
0.21212121212121213,Rv2295
0.208955223880597,Rv2308
0.234375,uspA
0.24719101123595505,stp-cysK1
0.2727272727272727,esxO
0.2878787878787879,esxO-esxP
0.2465753424657534,esxP
0.3,plcC
0.26229508196721313,plcA
0.2714285714285714,PPE38-PPE39
0.2602739726027397,Rv2355-PPE40
0.25,Rv2366c
0.3,mbtB
0.21428571428571427,Rv2395-mcr7
0.234375,subI
0.2857142857142857,Rv2407-PE24
0.2631578947368421,Rv2433c
0.25,obg
0.3194444444444444,rpfE
0.24285714285714285,aglA
0.29411764705882354,lipQ
0.15517241379310345,lipQ-argW
0.3235294117647059,vapC38
0.27631578947368424,bkdC
0.21686746987951808,bkdA-citE
0.2441860465116279,accD1
0.273972602739726,Rv2516c
0.2328767123287671,Rv2525c-vapB17
0.23880597014925373,lppA
0.2891566265060241,lppB
0.25,vapB20-Rv2551c
0.4166666666666667,Rv2562
0.32051282051282054,glnQ
0.3230769230769231,aspS-Rv2573
0.27631578947368424,dhaA
0.2753623188405797,Rv2621c
0.27692307692307694,hrp1-Rv2627c
0.2926829268292683,Rv2629
0.2638888888888889,Rv2632c-Rv2633c
0.23076923076923078,cadI-Rv2642
0.18571428571428572,Rv2644c-valT
0.2835820895522388,valU-Rv2645
0.21621621621621623,Rv2647-Rv2648
0.32,Rv2652c-Rv2653c
0.2727272727272727,Rv2659c-Rv2660c
0.275,ceoB
0.2976190476190476,Rv2693c
0.16883116883116883,Rv2712c
0.27848101265822783,fadE20
0.3372093023255814,recX
0.3382352941176471,Rv2808-Rv2809
0.3,Rv2813-Rv2814c
0.2786885245901639,Rv2820c
0.3,Rv2827c-Rv2828c
0.29333333333333333,Rv2828c
0.15294117647058825,vapB22-echA16
0.2597402597402597,echA16
0.2891566265060241,Rv2864c-relF
0.31343283582089554,mpt53-Rv2879c
0.23076923076923078,Rv2891
0.22058823529411764,fdhD
0.23529411764705882,lppW
0.273972602739726,mas
0.35294117647058826,fadD28
0.375,fadD29
0.26153846153846155,fadD29-Rv2951c
0.24691358024691357,Rv2952
0.24390243902439024,Rv2957-Rv2958c
0.25,purU
0.31666666666666665,pfkA-gatA
0.19480519480519481,Rv3015c
0.24193548387096775,Rv3047c
0.1643835616438356,nrdE
0.24615384615384617,nrdH-Rv3054c
0.2727272727272727,pgmA
0.25,Rv3081
0.34177215189873417,Rv3081-virS
0.25,Rv3115-moeB2
0.3125,fadB4-Rv3142c
0.2463768115942029,Rv3142c-Rv3143
0.29850746268656714,Rv3173c-Rv3174
0.2638888888888889,Rv3174
0.2876712328767123,Rv3181c-Rv3182
0.20689655172413793,nudC
0.25396825396825395,Rv3201c
0.33766233766233766,Rv3202c
0.2535211267605634,Rv3220c
0.23809523809523808,desA3
0.2602739726027397,Rv3236c
0.18181818181818182,secA1
0.35185185185185186,mtrB
0.27586206896551724,Rv3263
0.3333333333333333,Rv3272
0.28,Rv3282
0.2619047619047619,sseA
0.2222222222222222,pcd
0.28205128205128205,lhr
0.23333333333333334,sdhD
0.22857142857142856,trpS
0.273972602739726,Rv3346c-PPE55
0.22388059701492538,PPE55-Rv3348
0.2823529411764706,Rv3359-Rv3360
0.2328767123287671,Rv3365c
0.21951219512195122,spoU
0.208955223880597,spoU-PE_PGRS51
0.17105263157894737,idsB-vapC46
0.25316455696202533,htdY
0.24285714285714285,Rv3395c-Rv3395A
0.3472222222222222,Rv3402c
0.2987012987012987,vapB47
0.25,choD
0.21212121212121213,guaB2
0.2602739726027397,Rv3424c
0.26153846153846155,esxU
0.3373493975903614,Rv3446c
0.3,mycP4
0.24615384615384617,rpoA-rpsD
0.19736842105263158,rmlB
0.2857142857142857,rmlC
0.24242424242424243,lipF
0.24050632911392406,otsA
0.21428571428571427,mce4C
0.22857142857142856,fadD19
0.19718309859154928,ltp3
0.2608695652173913,Rv3531c
0.2028985507246377,PPE61-PPE62
0.24050632911392406,kstD
0.17543859649122806,ltp2
0.23943661971830985,fdxB
0.2465753424657534,fadE30-fadD3
0.25396825396825395,Rv3591c
0.2361111111111111,lysS
0.2676056338028169,Rv3611
0.20634920634920634,espA-ephA
0.25301204819277107,Rv3618
0.2,esxV
0.21428571428571427,esxW
0.2236842105263158,Rv3635-Rv3636
0.27941176470588236,dppB
0.2328767123287671,nth
0.35365853658536583,crp
0.22535211267605634,crp-Rv3677c
0.26582278481012656,Rv3680
0.2597402597402597,Rv3691
0.2857142857142857,Rv3693
0.16923076923076924,recR
0.22077922077922077,Rv3722c
0.391304347826087,cut5b
0.25333333333333335,Rv3725
0.2571428571428571,Rv3727
0.31645569620253167,Rv3729
0.23529411764705882,PPE67-Rv3740c
0.2903225806451613,Rv3747-Rv3748
0.225,proV
0.2916666666666667,proX
0.18518518518518517,Rv3769-Rv3770c
0.2923076923076923,Rv3773c
0.20634920634920634,echA21
0.20253164556962025,Rv3776
0.3235294117647059,glfT1
0.2948717948717949,Rv3788
0.2692307692307692,fadE35
0.2857142857142857,pks13
0.3582089552238806,fadD32
0.28378378378378377,fadD32-Rv3802c
0.24193548387096775,aftB
0.2465753424657534,papA2
0.3076923076923077,fadD23
0.2318840579710145,Rv3835
0.2777777777777778,Rv3837c
0.2463768115942029,ncrMT3949
0.2638888888888889,MTS2975-Rv3844
0.27380952380952384,Rv3845-sodA
0.2891566265060241,gltB-Rv3860
0.2153846153846154,Rv3863-espE
0.2608695652173913,espK
0.2558139534883721,espK-espL
0.3375,mutT4
0.2222222222222222,gid
0.28378378378378377,Rv3920c-Rv3921c
0.2222222222222222,Rv0191
0.25,oplA
0.18181818181818182,PE_PGRS9-PE_PGRS10
0.20634920634920634,PE_PGRS17-Rv0979c
0.2727272727272727,pks12
0.17647058823529413,ASpks-Rv2049c
0.2916666666666667,murF
0.23880597014925373,Rv2800-mazF9
0.4307692307692308,ponA2
0.31343283582089554,embR
0.3472222222222222,Rv1318c
0.2972972972972973,pstP
0.3188405797101449,Rv0080
0.2608695652173913,Rv0093c
0.3116883116883117,ctpI
0.23943661971830985,fadD5
0.24096385542168675,Rv0192A
0.25757575757575757,Rv0193c
0.2804878048780488,Rv0197
0.359375,Rv0205
0.3048780487804878,Rv0257
0.3424657534246575,Rv0275c
0.30434782608695654,Rv0312
0.3188405797101449,iniA
0.19753086419753085,Rv0359
0.2923076923076923,Rv0370c
0.13157894736842105,Rv0377
0.1935483870967742,purT
0.3333333333333333,ctpH
0.358974358974359,Rv0431
0.3287671232876712,Rv0434
0.24,moeA2
0.2972972972972973,Rv0484c
0.3050847457627119,proC
0.19444444444444445,mce2C
0.34285714285714286,lpqO
0.2459016393442623,Rv0610c
0.24,Rv0621
0.2878787878787879,rplO
0.2702702702702703,xylB
0.2318840579710145,purB
0.2465753424657534,Rv0818
0.2826086956521739,Rv0822c
0.3157894736842105,Rv0851c
0.2823529411764706,Rv0909
0.21333333333333335,pstS2
0.23076923076923078,sucD
0.2625,mprA
0.30864197530864196,Rv0992c
0.2987012987012987,moeA1
0.22784810126582278,Rv0996
0.25,pabB
0.18518518518518517,Rv1012
0.21311475409836064,lpqU
0.24242424242424243,pra
0.2459016393442623,ppdK
0.2597402597402597,Rv1178
0.25,esxL
0.19718309859154928,Rv1215c
0.2375,Rv1226c
0.27380952380952384,Rv1250
0.2054794520547945,deaD
0.3150684931506849,Rv1262c
0.3013698630136986,lprB
0.2911392405063291,Rv1301
0.2727272727272727,glgB
0.288135593220339,glgP
0.28169014084507044,moeY
0.3111111111111111,Rv1375
0.25,carB
0.30158730158730157,vapC10
0.32051282051282054,fmu
0.3,ribG
0.21212121212121213,Rv1425
0.22077922077922077,echA12
0.27380952380952384,Rv1504c
0.26153846153846155,mmpL6
0.3116883116883117,nadC
0.2638888888888889,Rv1624c
0.24175824175824176,pks9
0.22535211267605634,cmr
0.26666666666666666,Rv1707
0.27631578947368424,Rv1708
0.2318840579710145,narX
0.17647058823529413,Rv1765c-Rv1765A
0.3382352941176471,bacA
0.3472222222222222,Rv1870c
0.21428571428571427,lppD
0.28125,aao
0.2465753424657534,Rv1949c
0.27692307692307694,Rv1979c
0.24561403508771928,Rv1998c
0.3225806451612903,Rv2036
0.2988505747126437,Rv2083
0.2564102564102564,mptA
0.23214285714285715,fadD15
0.2698412698412698,cobS
0.2777777777777778,Rv2227
0.35526315789473684,Rv2240c
0.35714285714285715,Rv2263
0.23809523809523808,sseB
0.234375,Rv2306A
0.2878787878787879,mez
0.32,zur
0.30985915492957744,Rv2395
0.28205128205128205,Rv2415c
0.29850746268656714,tig
0.25675675675675674,plsC
0.2898550724637681,nusB
0.27692307692307694,Rv2559c
0.2542372881355932,Rv2599
0.2878787878787879,Rv2628
0.2698412698412698,Rv2660c
0.33695652173913043,Rv2668
0.27941176470588236,Rv2683
0.2982456140350877,Rv2690c
0.3125,Rv2714
0.25301204819277107,lppV
0.26865671641791045,Rv2813
0.23333333333333334,Rv2877c
0.31343283582089554,fadD26
0.2857142857142857,ppsB
0.32894736842105265,ppsE
0.30864197530864196,drrA
0.2839506172839506,pks15
0.2804878048780488,gatA
0.29577464788732394,Rv3096
0.12857142857142856,fprA
0.2608695652173913,devS
0.18840579710144928,pflA
0.3150684931506849,nuoI
0.24324324324324326,Rv3183-Rv3184
0.2608695652173913,Rv3185-Rv3186
0.34782608695652173,Rv3190c
0.3,Rv3193c
0.2361111111111111,Rv3200c
0.29411764705882354,lpqB
0.3235294117647059,rmlD
0.2682926829268293,purE
0.20430107526881722,pmmB
0.2804878048780488,sapM
0.18333333333333332,Rv3371
0.24705882352941178,echA18
0.29411764705882354,dxs2-Rv3380c
0.2716049382716049,cmaA1
0.2835820895522388,Rv3395c
0.19736842105263158,Rv3475-kgtP
0.2647058823529412,Rv3479
0.18333333333333332,Rv3551
0.25,Rv3555c
0.32,hsaA
0.2727272727272727,Rv3627c
0.2,dppA
0.3835616438356164,glpK
0.3076923076923077,dnaQ
0.21739130434782608,Rv3753c
0.2923076923076923,tcrY
0.25,embC
0.24390243902439024,embB
0.3116883116883117,ubiA
0.2891566265060241,Rv3822
0.21739130434782608,mmpL8
0.3013698630136986,Rv3843c
0.3,gltB
0.24096385542168675,esxD
0.28735632183908044,Rv3909
0.2676056338028169,Rv0010c-Rv0011c
0.27058823529411763,Rv1290c
0.3188405797101449,Rv1319c
0.25,ctpD
0.23333333333333334,Rv1668c
0.3194444444444444,Rv1682
0.25925925925925924,Rv1976c-Rv1977
0.2328767123287671,Rv2016
0.29577464788732394,Rv2084
0.18032786885245902,helY-tatC
0.2318840579710145,fhaA
0.21333333333333335,Rv2262c
0.2222222222222222,Rv2293c
0.25,Rv3060c-fadE22
0.25,idsB
0.25757575757575757,Rv3427c-Rv3428c
0.2878787878787879,Rv3453
0.27419354838709675,rpsM-rpmJ
0.352112676056338,Rv0036c
0.35,Rv3655c
0.2727272727272727,sigM
0.3013698630136986,gmhA
0.2682926829268293,Rv0471c
0.3561643835616438,pitA
0.30985915492957744,Rv0756c-phoP
0.1780821917808219,Rv0794c-Rv0795
0.2,Rv2022c-Rv2023c
0.2839506172839506,Rv2553c
0.27941176470588236,Rv3785
0.2361111111111111,dnaA
0.2835820895522388,Rv0140
0.25,Rv0150c-PE1
0.24,mce1A
0.26666666666666666,Rv0331-Rv0332
0.3055555555555556,nrdZ
0.1917808219178082,vapB4-Rv0597c
0.22727272727272727,Rv0658c
0.2857142857142857,Rv0687
0.2608695652173913,Rv0690c
0.288135593220339,Rv0737
0.20588235294117646,Rv0906
0.24561403508771928,uvrD1
0.2702702702702703,Rv1050-Rv1051c
0.2753623188405797,gnd2
0.30303030303030304,Rv1125
0.3225806451612903,Rv1171
0.225,PE12-fbiC
0.25,PE_PGRS23-lpqZ
0.27692307692307694,Rv1433
0.3055555555555556,Rv1534-Rv1535
0.2857142857142857,Rv1556-mmpL6
0.23943661971830985,trpE
0.31645569620253167,cydD
0.32432432432432434,vapB12-Rv1722
0.2564102564102564,narK2
0.31746031746031744,pknE
0.2692307692307692,Rv2022c
0.29333333333333333,acg
0.25333333333333335,mshC
0.2777777777777778,murD
0.3037974683544304,Rv2307c-Rv2307A
0.30120481927710846,rocD1
0.3050847457627119,Rv2370c
0.2318840579710145,Rv2414c
0.35294117647058826,Rv2488c
0.27848101265822783,Rv2532c
0.38571428571428573,fadD9
0.25301204819277107,ruvB
0.19718309859154928,gpsI
0.2876712328767123,vapC22
0.22388059701492538,cysG
0.21621621621621623,Rv2850c
0.27631578947368424,Rv2897c
0.265625,ppsD
0.2625,cstA
0.36507936507936506,Rv3079c
0.25882352941176473,Rv3128c
0.2727272727272727,sigH-Rv3224
0.3058823529411765,aroA
0.1935483870967742,Rv3241c
0.3,lpqC
0.2222222222222222,Rv3481c-Rv3482c
0.20238095238095238,lpqG
0.2698412698412698,Rv3649
0.1643835616438356,Rv3689
0.3157894736842105,eccCb1-PE35
0.2638888888888889,Rv1667c
0.29577464788732394,Rv2230c
0.3142857142857143,mbtD
0.2112676056338028,Rv2560
0.273972602739726,AS1726
0.25757575757575757,Rv2106-PE22
0.2,Rv2434c
0.3188405797101449,Rv2478c-Rv2479c
0.2876712328767123,Rv2837c
0.24193548387096775,Rv1370c-Rv1371
0.22077922077922077,gnd1
0.3088235294117647,Rv1888c
0.19736842105263158,Rv2426c-proA
0.3472222222222222,Rv0064-vapB1
0.2702702702702703,Rv0026
0.2631578947368421,Rv0074
0.2857142857142857,ndhA-Rv0393
0.22058823529411764,galTb
0.29545454545454547,Rv0698
0.2898550724637681,far-Rv0856
0.33766233766233766,Rv0914c
0.25757575757575757,lprP-Rv0963c
0.27692307692307694,Rv0966c
0.38461538461538464,kdpD
0.3333333333333333,mcr
0.2894736842105263,Rv1148c-Rv1149
0.23170731707317074,Rv1204c
0.3013698630136986,Rv1260
0.2631578947368421,fadD11
0.2235294117647059,treZ
0.3368421052631579,pks10
0.22388059701492538,Rv1804c-Rv1805c
0.25675675675675674,Rv1810
0.2807017543859649,Rv1841c
0.18032786885245902,Rv1895
0.27586206896551724,lipJ-cinA
0.2948717948717949,fadB5
0.2727272727272727,Rv1924c
0.2923076923076923,Rv1977
0.27419354838709675,Rv2020c
0.23880597014925373,cobK
0.25,cyp128
0.32432432432432434,Rv2275
0.2714285714285714,Rv2319c
0.22535211267605634,stp
0.1864406779661017,plcB
0.38461538461538464,Rv2574
0.2608695652173913,Rv2630-Rv2631
0.3055555555555556,Rv2699c-Rv2700
0.25,Rv2777c
0.23376623376623376,Rv2953
0.2876712328767123,Rv2994
0.27848101265822783,Rv3007c
0.30303030303030304,Rv3037c
0.2753623188405797,Rv3128c-Rv3129
0.23214285714285715,Rv3129
0.37142857142857144,aofH
0.2537313432835821,tgs3
0.2441860465116279,Rv3337
0.3125,Rv3401-Rv3402c
0.2698412698412698,lipF-Rv3488
0.3409090909090909,Rv3716c
0.2894736842105263,Rv3798-accD4
0.275,Rv3836
0.14864864864864866,Rv3848-espR
0.273972602739726,espE
0.2909090909090909,espJ
0.23809523809523808,Rv3899c
0.2857142857142857,gyrB
0.2054794520547945,gyrA
0.3582089552238806,ileT-alaT
0.32051282051282054,ppiA-Rv0010c
0.27710843373493976,Rv0010c
0.17142857142857143,pbpA
0.34375,Rv0021c
0.2571428571428571,Rv0030
0.32,ponA1
0.27848101265822783,celA1
0.22857142857142856,celA1-Rv0063
0.35526315789473684,Rv0063-Rv0064
0.3194444444444444,Rv0064
0.3088235294117647,Rv0067c
0.2608695652173913,Rv0075
0.30434782608695654,ctpA
0.2878787878787879,nrp
0.23880597014925373,ctpB
0.29333333333333333,ldtA
0.2878787878787879,treS-mak
0.3582089552238806,Rv0133
0.28205128205128205,Rv0143c
0.2318840579710145,Rv0144
0.18309859154929578,Rv0144-Rv0145
0.25301204819277107,Rv0145
0.2345679012345679,adhE1
0.375,yrbE1A
0.3409090909090909,Rv0180c
0.26865671641791045,Rv0193c-Rv0194
0.3387096774193548,Rv0210
0.22784810126582278,Rv0213c
0.23880597014925373,lipC
0.28205128205128205,vapB24
0.24675324675324675,htdX
0.2676056338028169,vapB2
0.3150684931506849,Rv0309
0.25,cyp135A1
0.25675675675675674,Rv0329c
0.22950819672131148,Rv0331
0.2948717948717949,Rv0339c
0.3142857142857143,dnaK
0.30303030303030304,dnaJ1
0.21052631578947367,hspR-PPE7
0.20588235294117646,Rv0361-mgtE
0.30158730158730157,Rv0374c-Rv0375c
0.3235294117647059,Rv0386
0.2033898305084746,ndhA
0.2987012987012987,fgd1
0.25333333333333335,Rv0433
0.171875,Rv0452-PPE11
0.2894736842105263,Rv0458
0.3181818181818182,Rv0465c
0.2833333333333333,umaA
0.3283582089552239,Rv0473
0.24324324324324326,Rv0479c
0.2692307692307692,Rv0502
0.25,serB1
0.2857142857142857,Rv0537c-Rv0538
0.29577464788732394,menE
0.2641509433962264,Rv0552
0.30434782608695654,yrbE2A
0.23728813559322035,Rv0628c
0.23529411764705882,recB
0.24096385542168675,echA3
0.2,Rv0633c
0.22058823529411764,secE1
0.22535211267605634,Rv0648
0.24324324324324326,Rv0653c-Rv0654
0.26666666666666666,mkl
0.2702702702702703,vapB6-Rv0658c
0.2692307692307692,rpoC
0.31746031746031744,rpoC-Rv0669c
0.3246753246753247,fadE8
0.2,tuf-Rv0686
0.3333333333333333,Rv0689c-Rv0690c
0.36363636363636365,lldD1
0.14285714285714285,Rv0699-rpsJ
0.24324324324324326,Rv0725c
0.2236842105263158,Rv0737-Rv0738
0.35,vapC31
0.30120481927710846,mmsA
0.25,Rv0756c
0.23529411764705882,adhB
0.375,Rv0762c
0.3108108108108108,Rv0776c-purB
0.26666666666666666,cyp126
0.2972972972972973,Rv0802c
0.30434782608695654,thiX
0.2875,Rv0843-narL
0.2876712328767123,pdc
0.25842696629213485,Rv0856
0.21839080459770116,Rv0876c-Rv0877
0.2692307692307692,Rv0887c
0.27941176470588236,Rv0897c
0.2545454545454545,Rv0911
0.2625,betP
0.2857142857142857,betP-Rv0918
0.3037974683544304,Rv0920c-Rv0921
0.21875,Rv0923c
0.25675675675675674,mntH
0.2112676056338028,Rv0925c
0.203125,pstS3
0.24050632911392406,pstA1
0.3466666666666667,pstS1
0.24242424242424243,ligD
0.34328358208955223,accA2
0.25,accD2
0.23880597014925373,pepD
0.2,arcA
0.3291139240506329,Rv1012-pks16
0.24358974358974358,trcS
0.3717948717948718,Rv1043c
0.2857142857142857,Rv1044
0.22580645161290322,Rv1046c-Rv1047
0.19480519480519481,Rv1061
0.2878787878787879,Rv1069c
0.3116883116883117,fadA3
0.2878787878787879,Rv1111c
0.3380281690140845,Rv1129c-prpD
0.34285714285714286,Rv1134-PPE16
0.3013698630136986,omt
0.32857142857142857,Rv1158c
0.2807017543859649,pks3
0.17391304347826086,papA3
0.345679012345679,Rv1194c
0.16,Rv1194c-PE13
0.2823529411764706,esxK
0.21518987341772153,Rv1199c-Rv1200
0.3333333333333333,dapD
0.3157894736842105,Rv1231c
0.2857142857142857,Rv1232c
0.28205128205128205,lpqZ
0.28,Rv1248c
0.2714285714285714,Rv1251c
0.29333333333333333,Rv1264
0.22784810126582278,pknH
0.3333333333333333,Rv1291c-argV
0.3114754098360656,atpG
0.2777777777777778,rrl
0.1780821917808219,pncB1
0.34408602150537637,irtA
0.23880597014925373,fabG2
0.24050632911392406,Rv1356c-Rv1357c
0.29411764705882354,mcr15
0.3888888888888889,Rv1372
0.3384615384615385,Rv1377c
0.2222222222222222,PPE20-mihF
0.2972972972972973,nlhH
0.31343283582089554,Rv1403c
0.25333333333333335,Rv1405c
0.2987012987012987,lipO
0.27941176470588236,Rv1428c
0.27941176470588236,tpi-Rv1439c
0.20270270270270271,Rv1439c-secG
0.20634920634920634,ctaB
0.23376623376623376,Rv1473A
0.2894736842105263,Rv1500
0.25925925925925924,Rv1503c
0.24719101123595505,Rv1518
0.23376623376623376,Rv1526c
0.2857142857142857,pks5-papA4
0.2602739726027397,fadD24-adh
0.23255813953488372,adh
0.2804878048780488,Rv1543
0.29508196721311475,Rv1591
0.28205128205128205,lgt
0.2328767123287671,cya
0.2054794520547945,rpsA
0.32098765432098764,Rv1634
0.2926829268292683,tsnR
0.275,pheT
0.3472222222222222,argH
0.275,pks17
0.29333333333333333,Rv1672c
0.3230769230769231,dsbF
0.22972972972972974,recN
0.2875,mctB
0.2962962962962963,pyrG
0.2835820895522388,cycA
0.24561403508771928,engA
0.2465753424657534,fadB3
0.20967741935483872,Rv1719-proT
0.19047619047619047,Rv1724c
0.29577464788732394,Rv1730c-gabD2
0.22972972972972974,fadD1
0.30434782608695654,Rv1751
0.3026315789473684,Rv1779c
0.25882352941176473,malQ-eccB5
0.3181818181818182,eccC5
0.2987012987012987,esxM
0.296875,eccE5
0.36231884057971014,Rv1836c
0.29069767441860467,Rv1842c
0.2727272727272727,blaI
0.25675675675675674,Rv1855c
0.3466666666666667,modA
0.2857142857142857,Rv1866
0.2535211267605634,Rv1868
0.3333333333333333,Rv1875
0.2702702702702703,bfrA-Rv1877
0.2714285714285714,lppE
0.24324324324324326,Rv1889c
0.323943661971831,furA
0.275,Rv1931c
0.2911392405063291,tpx
0.2361111111111111,higA
0.3,Rv1957
0.32727272727272727,mce3F
0.3380281690140845,Rv1975
0.4153846153846154,Rv1976c
0.21666666666666667,ctpG
0.16666666666666666,Rv1995-Rv1996
0.275,Rv1996
0.3484848484848485,Rv1996-ctpF
0.2,Rv2003c
0.2804878048780488,otsB1
0.2236842105263158,vapB15
0.2972972972972973,Rv2028c
0.16666666666666666,pfkB
0.2602739726027397,Rv2035
0.30985915492957744,Rv2050
0.28,ppm1
0.2857142857142857,mazF7
0.2597402597402597,Rv2073c
0.2,Rv2074
0.31645569620253167,PE21-Rv2100
0.22857142857142856,hisE-PPE37
0.3793103448275862,Rv2132
0.2153846153846154,lppL
0.29508196721311475,TB18.6
0.22077922077922077,Rv2161c
0.2857142857142857,pbpB
0.30666666666666664,pknL
0.3333333333333333,pimB
0.31746031746031744,ctaC-asnB
0.24358974358974358,Rv2212
0.21818181818181817,rnpB-Rv2227
0.27941176470588236,mcr16-acpM
0.2727272727272727,Rv2257c
0.3333333333333333,Rv2265
0.2833333333333333,lppN
0.25,Rv2298
0.25806451612903225,cut2
0.32786885245901637,Rv2303c
0.22666666666666666,Rv2309c-Rv2309A
0.3181818181818182,rocE
0.25,narK1
0.2571428571428571,cysE
0.32894736842105265,smtB
0.2597402597402597,dnaJ2
0.22727272727272727,mbtF
0.2702702702702703,mbtE
0.2876712328767123,mbtJ
0.19718309859154928,Rv2390c-sirA
0.23943661971830985,ggtB
0.34782608695652173,Rv2425c
0.2948717948717949,oxyR
0.26153846153846155,ahpD
0.25333333333333335,ndkA-Rv2446c
0.24675324675324675,clpX-mmuM
0.3048780487804878,glbO
0.29333333333333333,gdh
0.32786885245901637,Rv2484c
0.35,hisT-Rv2512c
0.19402985074626866,vapC19-Rv2548A
0.3235294117647059,Rv2560-mpr11
0.22857142857142856,Rv2570
0.3088235294117647,Rv2575
0.2375,relA
0.2318840579710145,vapB40
0.34782608695652173,pgsA1
0.2702702702702703,Rv2627c-Rv2628
0.2894736842105263,Rv2676c
0.27941176470588236,arsB1
0.32857142857142857,Rv2712c-sthA
0.3387096774193548,Rv2717c-nrdR
0.22950819672131148,Rv2719c
0.328125,lexA
0.26506024096385544,fadE20-hflX
0.4024390243902439,miaA
0.30337078651685395,Rv2779c
0.32051282051282054,sirR
0.2647058823529412,Rv2807-Rv2808
0.2465753424657534,Rv2815c-Rv2816c
0.2153846153846154,Rv2825c
0.2361111111111111,ugpC
0.2903225806451613,aldC
0.26582278481012656,Rv2880c
0.2676056338028169,rplS-lppW
0.25,Rv2913c
0.24615384615384617,Rv2917
0.2345679012345679,glnD
0.21428571428571427,Rv2927c
0.18571428571428572,pks1
0.29411764705882354,fadD22
0.25,Rv2953-Rv2954c
0.2876712328767123,Rv2955c
0.16666666666666666,Rv2959c-Rv2960c
0.21311475409836064,Rv2962c
0.3333333333333333,Rv2962c-Rv2963
0.3,Rv2971
0.3424657534246575,recG
0.27710843373493976,Rv2974c
0.22666666666666666,Rv2980-ddlA
0.2222222222222222,leuC
0.2916666666666667,Rv2990c
0.2894736842105263,esxR
0.22666666666666666,Rv3023c-trmU
0.2638888888888889,Rv3026c
0.26506024096385544,Rv3032A-Rv3033
0.1896551724137931,ctaD
0.22033898305084745,adhC
0.24358974358974358,cstA-Rv3064c
0.26666666666666666,Rv3066-Rv3067
0.29850746268656714,Rv3071
0.2676056338028169,virS
0.30303030303030304,Rv3083
0.2054794520547945,Rv3085
0.24358974358974358,Rv3087
0.30303030303030304,Rv3093c
0.23333333333333334,moaC1
0.2465753424657534,tgs1
0.2857142857142857,nuoG
0.23170731707317074,Rv3161c
0.2597402597402597,Rv3167c
0.19718309859154928,Rv3197
0.3333333333333333,TB7.3
0.3125,fadE25
0.25316455696202533,birA
0.20987654320987653,lat
0.22535211267605634,lat-lrpA
0.19696969696969696,lrpA
0.2463768115942029,atsB
0.27906976744186046,phoY1
0.2857142857142857,sdhC
0.2463768115942029,dacB1
0.21428571428571427,Rv3355c
0.2804878048780488,Rv3362c
0.2638888888888889,amiD
0.2962962962962963,dxs2
0.30985915492957744,idsA1
0.21311475409836064,gadB
0.30120481927710846,Rv3435c-glmS
0.2903225806451613,rpsI
0.18181818181818182,rmlC-Rv3466
0.28,ilvB2
0.2361111111111111,Rv3480c
0.2463768115942029,Rv3502c
0.25,Rv3510c
0.22058823529411764,fadD19-echA19
0.29577464788732394,Rv3521
0.313953488372093,Rv3524
0.2537313432835821,Rv3525c
0.27710843373493976,Rv3530c
0.23529411764705882,hsaG
0.24691358024691357,Rv3549c-echA20
0.2839506172839506,fadD3
0.2839506172839506,fadE31
0.22666666666666666,lppH-Rv3577
0.22727272727272727,ispF
0.2631578947368421,ispD
0.24390243902439024,clpC1
0.3333333333333333,Rv3630
0.30434782608695654,topA
0.23880597014925373,MTS2823-Rv3662c
0.33766233766233766,dppD
0.21212121212121213,Rv3684
0.3235294117647059,moxR2
0.16666666666666666,Rv3694c-Rv3695
0.2602739726027397,Rv3699
0.2891566265060241,Rv3719
0.28205128205128205,Rv3728
0.25675675675675674,Rv3732
0.3,Rv3736
0.2911392405063291,ctpJ
0.19642857142857142,tyrA
0.19298245614035087,embA
0.2465753424657534,Rv3811
0.328125,Rv3832c
0.2698412698412698,Rv3833
0.38596491228070173,whiB6
0.21311475409836064,whiB6-Rv3863
0.2318840579710145,eccA1
0.2361111111111111,eccCb1
0.25,mycP1
0.2,mycP2
0.29411764705882354,Rv3921c
0.29411764705882354,fadE3
0.2972972972972973,Rv0387c
0.18840579710144928,hemL
0.23076923076923078,Rv0726c
0.273972602739726,Rv0791c
0.3181818181818182,Rv0950c
0.2676056338028169,mfd
0.36363636363636365,Rv1050
0.2222222222222222,glpX
0.22388059701492538,mbtM
0.2727272727272727,ileS
0.2972972972972973,bioD
0.3670886075949367,argF
0.2537313432835821,argR
0.3,cut1
0.2894736842105263,Rv1993c
0.27380952380952384,Rv2090
0.3230769230769231,Rv2189c
0.37037037037037035,Rv2190c
0.2878787878787879,Rv2203
0.2923076923076923,Rv2205c-Rv2206
0.2537313432835821,dlaT
0.27058823529411763,hemY
0.2,pknK
0.2857142857142857,folD
0.2833333333333333,dnaE2
0.2,Rv3394c
0.33783783783783783,guaA
0.19480519480519481,Rv3645
0.24242424242424243,Rv3771c-argU
0.31343283582089554,Rv3897c
0.24285714285714285,Rv3903c
0.2894736842105263,Rv0740-Rv0741
0.23809523809523808,fabG1
0.2807017543859649,vapB37-Rv2105
0.2765957446808511,Rv2168c-Rv2169c
0.37681159420289856,Rv2480c-Rv2481c
0.3387096774193548,Rv3381c-lytB1
0.30666666666666664,Rv3651-mpr18
0.19696969696969696,Rv1312-Rv1313c
0.25,Rv1729c-Rv1730c
0.25316455696202533,wag22-Rv1760
0.32432432432432434,Rv3196A-Rv3197
0.2463768115942029,Rv3901c
0.2698412698412698,Rv0755A-thrV
0.23376623376623376,Rv0071
0.19444444444444445,mmpS1-fadD30
0.26666666666666666,Rv0443
0.22077922077922077,Rv0614
0.2808988764044944,Rv1509
0.25,Rv1778c
0.33766233766233766,TB31.7
0.3380281690140845,rodA
0.24285714285714285,Rv0102
0.2345679012345679,Rv0224c
0.17543859649122806,pknG
0.30120481927710846,thiG
0.23076923076923078,moeA2-Rv0439c
0.203125,Rv0448c
0.3142857142857143,mmpL4
0.32894736842105265,fadB2-umaA
0.3333333333333333,Rv0541c
0.22784810126582278,Rv0571c
0.25806451612903225,Rv0654
0.29333333333333333,cyp123
0.24675324675324675,phoT
0.1794871794871795,Rv0942
0.2676056338028169,metS
0.21428571428571427,Rv1063c
0.3055555555555556,Rv1109c
0.2926829268292683,metE
0.25,tagA
0.3,rrs
0.3220338983050847,tkt
0.22388059701492538,PE_PGRS27-ctaB
0.21739130434782608,argH-pks10
0.2702702702702703,pknF-Rv1747
0.38461538461538464,PPE26-PPE27
0.17647058823529413,katG
0.2375,ribA1
0.24561403508771928,mce3R-yrbE3A
0.18309859154929578,Rv2252
0.21666666666666667,Rv2258c-mscR
0.22784810126582278,glyS-smtB
0.3,cfp2
0.2898550724637681,hemN
0.2903225806451613,Rv2401A-Rv2402
0.31666666666666665,Rv2664
0.28205128205128205,Rv2665-Rv2666
0.24615384615384617,Rv2680
0.3181818181818182,recA-Rv2737A
0.30985915492957744,Rv2750
0.26666666666666666,mpt83-dipZ
0.25,Rv2956-Rv2957
0.22666666666666666,Rv3027c
0.23684210526315788,cyp136-Rv3060c
0.24285714285714285,Rv3277
0.36363636363636365,glpD2
0.30158730158730157,otsB2-echA18
0.28,Rv3433c
0.2911392405063291,Rv3472
0.23076923076923078,kgtP
0.30985915492957744,Rv3482c
0.20689655172413793,fadE26
0.29545454545454547,Rv3896c
0.27631578947368424,Rv2012-Rv2013
0.27419354838709675,Rv1637c
0.16666666666666666,rpmJ
0.20634920634920634,Rv0504c-serB1
0.323943661971831,Rv0044c
0.30952380952380953,vapC2-Rv0302
0.26582278481012656,udgA
0.32051282051282054,bpoB
0.21311475409836064,Rv1490-Rv1491c
0.3076923076923077,Rv1507A
0.23376623376623376,blaC-sigC
0.22413793103448276,argA-ftsK
0.29411764705882354,tgs4
0.2608695652173913,Rv3239c
0.34615384615384615,pcnA-mutT4
0.26865671641791045,rpsF
0.23529411764705882,Rv0089
0.3670886075949367,Rv0094c-Rv0095c
0.3013698630136986,Rv0138
0.2926829268292683,Rv0139
0.25675675675675674,bglS-mymT
0.2361111111111111,ilvD
0.25806451612903225,fadE4
0.34328358208955223,espG3
0.375,Rv0306
0.2857142857142857,purA
0.24285714285714285,Rv0397A
0.31343283582089554,lpqM
0.2441860465116279,Rv0497-Rv0498
0.32926829268292684,Rv0517
0.20253164556962025,fabH
0.2608695652173913,fadD8
0.265625,Rv0565c-Rv0566c
0.24675324675324675,Rv0567
0.29411764705882354,cyp135B1
0.25757575757575757,mce2A
0.18072289156626506,recC
0.4098360655737705,mazF2
0.23529411764705882,atsA
0.37662337662337664,serA2
0.2878787878787879,secY
0.2903225806451613,Rv0750
0.375,Rv0776c
0.2638888888888889,rpfA
0.29310344827586204,Rv0887c-Rv0888
0.3472222222222222,echA6
0.38571428571428573,Rv0955
0.2972972972972973,echA7
0.34375,Rv0976c
0.23880597014925373,PE_PGRS16-PE_PGRS17
0.2597402597402597,kdpC
0.26865671641791045,Rv1112-vapB32
0.25675675675675674,Rv1144-mmpL13a
0.2465753424657534,mshB
0.3013698630136986,htrA
0.2597402597402597,corA
0.273972602739726,thrB
0.25,Rv1331
0.29577464788732394,Rv1352
0.32857142857142857,Rv1366
0.32857142857142857,Rv1395
0.30434782608695654,priA
0.2571428571428571,Rv1462
0.2125,Rv1514c
0.3,hisB
0.3076923076923077,Rv1615
0.25396825396825395,vapC12
0.2972972972972973,Rv1733c
0.24719101123595505,Rv1739c-vapB34
0.16176470588235295,idi
0.25,Rv1828
0.30666666666666664,Rv1829-Rv1830
0.1951219512195122,adhA
0.21666666666666667,cyp140
0.3492063492063492,Rv1882c
0.2894736842105263,Rv1944c
0.2876712328767123,Rv2017
0.25675675675675674,helY
0.2823529411764706,ansP1
0.3563218390804598,Rv2129c
0.3333333333333333,asnB-adoK
0.234375,cobT
0.18840579710144928,Rv2223c
0.2608695652173913,Rv2311
0.2638888888888889,moeW-mmpL9
0.1978021978021978,gpgP
0.2222222222222222,valS-Rv2449c
0.26153846153846155,Rv2469c
0.2714285714285714,Rv2489c
0.3283582089552239,Rv2624c
0.25,Rv2729c
0.16666666666666666,hsdM
0.33766233766233766,fadE21
0.22666666666666666,efpA
0.22727272727272727,nicT-Rv2857c
0.2714285714285714,dipZ
0.2875,rpsB
0.34177215189873417,pknI
0.24242424242424243,smc
0.22727272727272727,Rv2929-fadD26
0.2835820895522388,Rv2969c
0.2564102564102564,Rv2972c
0.2597402597402597,serA1
0.2,Rv3103c
0.28,fadE23
0.2716049382716049,Rv3273
0.3125,nagA
0.2826086956521739,Rv3424c-PPE57
0.30985915492957744,eccC4
0.2222222222222222,Rv3471c
0.15492957746478872,hsaE
0.21428571428571427,fadE29
0.24358974358974358,fadA5-ddn
0.21794871794871795,Rv3555c-fadA6
0.3333333333333333,fadE34-kstR
0.19230769230769232,Rv3600c
0.25,Rv3603c
0.3,acs
0.2345679012345679,cyp137
0.3114754098360656,tgs2
0.2236842105263158,Rv3771c
0.2702702702702703,Rv3778c
0.3170731707317073,Rv3779
0.27692307692307694,pirG
0.3142857142857143,Rv3817
0.2535211267605634,Rv3845
0.29577464788732394,Rv3860
0.2222222222222222,eccB1
0.1935483870967742,eccD1
0.22388059701492538,mmpL2
0.19480519480519481,cspB-PE_PGRS15
0.16393442622950818,Rv0712-Rv0713
0.2876712328767123,Rv0024-Rv0025
0.2839506172839506,sdaA
0.22388059701492538,Rv0077c-Rv0078
0.22727272727272727,Rv0079
0.3424657534246575,hycQ
0.265625,Rv0102-ctpB
0.2857142857142857,mak
0.2,ptbB
0.2777777777777778,Rv0293c
0.28378378378378377,iniB
0.2898550724637681,gpdA1
0.30985915492957744,vapB4
0.29411764705882354,Rv0830
0.21621621621621623,Rv0979c
0.3220338983050847,mscL
0.3013698630136986,Rv1053c-Rv1054
0.3194444444444444,Rv1060
0.358974358974359,Rv1356c
0.2727272727272727,ureD
0.34146341463414637,yrbE3B
0.28,Rv2077A-Rv2078
0.3235294117647059,Rv2133c
0.27419354838709675,Rv2251
0.22077922077922077,rocD2
0.22666666666666666,dctA
0.2835820895522388,Rv2455c
0.30434782608695654,Rv2491
0.27692307692307694,Rv2576c
0.32098765432098764,Rv2663
0.3076923076923077,rip
0.2571428571428571,dacB2
0.2054794520547945,fadD13-Rv3090
0.37333333333333335,Rv3108
0.3375,Rv3179-Rv3180c
0.2028985507246377,Rv3404c
0.23880597014925373,Rv3491
0.2535211267605634,fadE27
0.19444444444444445,Rv3519
0.24324324324324326,cyp125
0.29333333333333333,glf
0.3076923076923077,Rv3840-bfrB
0.26153846153846155,eccE1
0.28735632183908044,gid-Rv3920c
0.3291139240506329,lppU
0.2054794520547945,Rv3668c-Rv3669
0.3116883116883117,Rv0209
0.2465753424657534,PE_PGRS14-lpqQ
0.3194444444444444,Rv0849
0.2962962962962963,Rv1120c
0.22972972972972974,Rv1245c
0.29411764705882354,lysX-infC
0.26153846153846155,cyp124
0.4,cysE-Rv2336
0.25,Rv2686c
0.2328767123287671,relG
0.3235294117647059,Rv3324A
0.21621621621621623,Rv3760
0.24242424242424243,Rv0028-Rv0029
0.35714285714285715,Rv0052
0.22413793103448276,rplI
0.26153846153846155,ctpB-Rv0104
0.2463768115942029,rpmB1
0.3013698630136986,Rv0111
0.23076923076923078,yrbE1B
0.22727272727272727,lprK
0.32432432432432434,Rv0224c-Rv0225
0.19696969696969696,Rv0358
0.3116883116883117,lpqK
0.2962962962962963,thiG-lpqL
0.20930232558139536,Rv0540
0.2,menE-Rv0543c
0.19753086419753085,Rv0547c
0.30985915492957744,vapC28
0.2898550724637681,Rv0680c-Rv0681
0.27586206896551724,Rv0726c-fucA
0.2413793103448276,phoR
0.21794871794871795,Rv0792c
0.2597402597402597,fadE10
0.2857142857142857,pgi
0.25333333333333335,purH
0.3246753246753247,alaV-Rv0997
0.23809523809523808,Rv1019
0.3125,Rv1049
0.2753623188405797,Rv1062
0.296875,coaA
0.3582089552238806,Rv1137c
0.2597402597402597,Rv1156
0.3770491803278688,Rv1186c
0.25675675675675674,Rv1191
0.3194444444444444,Rv1220c
0.2328767123287671,Rv1291c
0.18032786885245902,Rv1357c
0.23809523809523808,Rv1359
0.2,wbbL2
0.1864406779661017,Rv1732c
0.3333333333333333,Rv1738
0.21212121212121213,Rv1772
0.3,Rv1816-Rv1817
0.3472222222222222,lppF
0.203125,Rv1929c
0.203125,mazF6
0.30434782608695654,rpmB2-Rv2059
0.27692307692307694,helZ
0.2459016393442623,Rv2146c-Rv2147c
0.2647058823529412,Rv2164c
0.14864864864864866,Rv2170
0.2465753424657534,aroG
0.25396825396825395,pitB
0.3230769230769231,Rv2288
0.25,Rv2367c
0.19736842105263158,cfp2-mbtH
0.2191780821917808,Rv2407
0.32926829268292684,Rv2509
0.19117647058823528,mpr11-Rv2561
0.21951219512195122,ruvA
0.22580645161290322,Rv2617c
0.3150684931506849,arsA
0.2318840579710145,Rv2733c
0.2716049382716049,Rv2762c-dfrA
0.29577464788732394,Rv2776c
0.18181818181818182,Rv2857c
0.23880597014925373,relF
0.23076923076923078,amt-ftsY
0.2903225806451613,Rv2949c
0.2878787878787879,Rv2951c
0.22413793103448276,fadE22
0.2535211267605634,Rv3076
0.2236842105263158,Rv3104c
0.3108108108108108,nuoN
0.29508196721311475,Rv3213c
0.25333333333333335,ppk2
0.3068181818181818,moaX
0.2857142857142857,Rv3439c
0.24561403508771928,eccD4
0.2535211267605634,bpoA
0.25,ltp4
0.3142857142857143,Rv3525c-kshA
0.17647058823529413,Rv3527
0.26666666666666666,mutY
0.23595505617977527,Rv3651
0.2702702702702703,Rv3714c
0.3146067415730337,Rv3789
0.3333333333333333,ethA
0.3116883116883117,eccCa1
0.2619047619047619,espI
0.19753086419753085,pcnA
0.24324324324324326,parB
0.189873417721519,purU-kdtB
0.29508196721311475,Rv0378
0.39705882352941174,mce1R
0.2191780821917808,fadE3-Rv0216
0.20512820512820512,Rv0817c-Rv0818
0.2878787878787879,Rv1075c
0.21176470588235294,rpsR2
0.25,Rv2531c
0.2602739726027397,ltp1
0.27692307692307694,eccD2
0.28,eccA3
0.26436781609195403,xthA
0.19696969696969696,Rv0579
0.30158730158730157,Rv0669c
0.3375,Rv0712
0.3076923076923077,Rv0765c
0.2676056338028169,Rv0828c
0.2087912087912088,Rv0891c
0.25,Rv0910-Rv0911
0.26582278481012656,lpqW
0.21311475409836064,lprE
0.23880597014925373,Rv1279
0.27419354838709675,Rv1288
0.25,mutB
0.3150684931506849,dnaE1
0.22535211267605634,Rv1937
0.2345679012345679,Rv2060
0.27848101265822783,dop
0.3023255813953488,uspC
0.22972972972972974,nadE
0.25,fas
0.32432432432432434,glnQ-Rv2565
0.19642857142857142,ppgK
0.2631578947368421,Rv2733c-Rv2734
0.2,dipZ-mpt70
0.2727272727272727,cdsA
0.30303030303030304,ppsC
0.31645569620253167,ligB
0.25,Rv3073c
0.265625,fbiB
0.28169014084507044,Rv3531c-PPE61
0.265625,fadE34
0.2413793103448276,lppH
0.2222222222222222,Rv3768-Rv3769
0.29333333333333333,eccB2
0.22857142857142856,Rv3326-Rv3327
0.24242424242424243,Rv3178-Rv3179
0.2602739726027397,echA2
0.23809523809523808,mshD-phoT
0.373134328358209,Rv0882
0.27380952380952384,pknD
0.2835820895522388,Rv0954
0.22972972972972974,Rv0961
0.34177215189873417,ncrMT1234-esxK
0.39285714285714285,alkA
0.24691358024691357,Rv1490
0.3050847457627119,frdD-Rv1556
0.27631578947368424,Rv1774
0.28169014084507044,rpfC
0.2631578947368421,Rv1941
0.32857142857142857,cobM
0.27692307692307694,Rv2323c-Rv2324
0.25,clpC1-mpr17
0.35526315789473684,B11
0.2898550724637681,rsfB
0.22857142857142856,Rv0029
0.35443037974683544,Rv0048c
0.2647058823529412,Rv0051
0.2878787878787879,Rv0082
0.3157894736842105,Rv0083
0.22857142857142856,hycP
0.21518987341772153,Rv0149
0.2692307692307692,mce1B
0.2835820895522388,Rv0199
0.2777777777777778,fadE5
0.30864197530864196,Rv0281
0.23880597014925373,eccB3
0.3283582089552239,Rv0296c
0.234375,PE6-Rv0336
0.3142857142857143,Rv0345
0.30952380952380953,Rv0366c
0.22388059701492538,Rv0377-Rv0378
0.11940298507462686,Rv0396
0.296875,mmpS1
0.2638888888888889,Rv0439c
0.275,Rv0457c-Rv0458
0.2,pcaA
0.28,Rv0474-hbhA
0.29213483146067415,murB
0.21518987341772153,Rv0487
0.2222222222222222,Rv0625c
0.2459016393442623,Rv0647c
0.3068181818181818,rplL
0.18666666666666668,vapC6
0.36507936507936506,rpoB
0.34375,lpqP
0.2638888888888889,rpsL
0.22972972972972974,Rv0697-Rv0698
0.31343283582089554,Rv0713
0.22535211267605634,ptrBb
0.22641509433962265,Rv0870c
0.2948717948717949,accD3
0.3620689655172414,Rv0944
0.28125,Rv0958
0.23076923076923078,Rv0963c
0.2894736842105263,ctpV
0.3626373626373626,grcC2
0.19672131147540983,Rv0990c-Rv0991c
0.2676056338028169,Rv1002c
0.21739130434782608,lpqT-prsA
0.27631578947368424,Rv1025
0.2676056338028169,kdpA
0.328125,trcR
0.2702702702702703,Rv1087A-PE9
0.25555555555555554,Rv1129c
0.23684210526315788,fbiC
0.3,Rv1179c
0.18309859154929578,fadD21
0.2564102564102564,Rv1190-Rv1191
0.29411764705882354,Rv1245c-relE
0.25925925925925924,Rv1278
0.32558139534883723,oppD
0.2564102564102564,atpB
0.32894736842105265,atpH
0.19642857142857142,glgE
0.25316455696202533,Rv1364c
0.21428571428571427,cyp132
0.2911392405063291,rpe
0.27941176470588236,Rv1429-PE16
0.22857142857142856,PE16-Rv1431
0.2875,Rv1455
0.234375,Rv1460
0.2987012987012987,fadE15-PE_PGRS29
0.27692307692307694,Rv1489A
0.325,frdA
0.30985915492957744,Rv1592c
0.36363636363636365,uvrA
0.2647058823529412,PE_PGRS30-argC
0.27941176470588236,Rv1676
0.367816091954023,PE_PGRS31-Rv1769
0.31746031746031744,Rv1804c
0.24285714285714285,secA2-pgsA2
0.21428571428571427,Rv1874
0.2463768115942029,Rv1896c
0.22727272727272727,lipJ
0.36231884057971014,Rv1950c
0.21621621621621623,Rv1979c-mpt64
0.23529411764705882,Rv2005c
0.22972972972972974,Rv2008c-vapB15
0.3225806451612903,Rv2024c
0.20588235294117646,acg-Rv2033c
0.3448275862068966,pncA
0.2698412698412698,ppm1-Rv2052c
0.22077922077922077,cobG
0.2727272727272727,Rv2137c
0.20270270270270271,Rv2141c-leuU
0.21428571428571427,Rv2143
0.25,murC
0.23170731707317074,Rv2181
0.3287671232876712,qcrB
0.21428571428571427,Rv2206
0.16666666666666666,Rv2216
0.3125,glnA1-glnE
0.34210526315789475,lppP
0.2692307692307692,lppQ-Rv2342
0.25806451612903225,Rv2345
0.35526315789473684,phoH1
0.29411764705882354,Rv2477c
0.3291139240506329,Rv2506-Rv2507
0.32926829268292684,Rv2561
0.23684210526315788,Rv2566
0.203125,gabT
0.3670886075949367,snzP
0.23529411764705882,Rv2609c
0.2962962962962963,sthA
0.27848101265822783,hflX
0.21212121212121213,Rv2732c
0.27848101265822783,35kd_ag-clgR
0.25333333333333335,Rv2817c
0.33783783783783783,Rv2819c
0.2112676056338028,Rv2828A
0.2753623188405797,ugpB
0.26229508196721313,Rv2867c
0.19672131147540983,Rv2926c
0.31645569620253167,tesA
0.2835820895522388,pca
0.31746031746031744,Rv2989
0.23076923076923078,trmU
0.3076923076923077,echA17
0.24193548387096775,serB2
0.265625,Rv3054c
0.2833333333333333,Rv3072c
0.2608695652173913,fadD13
0.17391304347826086,Rv3094c
0.2982456140350877,prfB-fprA
0.27380952380952384,moaA1
0.32,Rv3113
0.26744186046511625,moeB2
0.27848101265822783,Rv3123-moaR1
0.3013698630136986,nuoD
0.22535211267605634,moxR3
0.25,Rv3189
0.3026315789473684,Rv3192
0.31343283582089554,Rv3202c-lipV
0.4024390243902439,Rv3225c
0.3375,Rv3239c-secA1
0.3709677419354839,Rv3300c
0.3026315789473684,lpdA-Rv3304
0.29896907216494845,icd1
0.2839506172839506,Rv3378c
0.35714285714285715,rplM
0.19402985074626866,mce4F
0.2222222222222222,yrbE4A-Rv3502c
0.234375,Rv3559c
0.2894736842105263,arsB2
0.3561643835616438,folK
0.273972602739726,cspA-Rv3649
0.21333333333333335,Rv3658c
0.35443037974683544,Rv3660c-B11
0.2631578947368421,Rv3661
0.26666666666666666,Rv3662c
0.2894736842105263,Rv3695
0.38666666666666666,Rv3698
0.375,Rv3723
0.29850746268656714,Rv3787c
0.2191780821917808,Rv3796
0.27058823529411763,fbpD
0.20987654320987653,glfT2
0.3037974683544304,Rv3832c-Rv3833
0.234375,gltD
0.2,espG1
0.27941176470588236,espB-eccE1
0.16666666666666666,Rv3910
0.24050632911392406,ptkA
0.22058823529411764,Rv2818c
0.24193548387096775,Rv0466-icl1
0.3013698630136986,Rv1990A-mazF6
0.3064516129032258,clgR
0.2727272727272727,Rv0027
0.3013698630136986,mymT-Rv0187
0.20512820512820512,Rv0314c
0.2755102040816326,dcd-udgA
0.34782608695652173,Rv0374c
0.34328358208955223,Rv0744c-Rv0745
0.29577464788732394,Rv0767c
0.29411764705882354,Rv0789c
0.23333333333333334,lpqR
0.23076923076923078,Rv0877
0.26666666666666666,Rv1117
0.2631578947368421,Rv1289
0.2876712328767123,mbtK-leuW
0.28125,Rv1429
0.31343283582089554,Rv1501-Rv1502
0.30985915492957744,cydC
0.2236842105263158,Rv1825
0.21621621621621623,mce3A
0.19696969696969696,Rv2039c
0.35185185185185186,lppM
0.3561643835616438,qcrC
0.27586206896551724,Rv2308-metV
0.24691358024691357,mbtA
0.3382352941176471,Rv2401
0.2857142857142857,Rv2585c
0.3559322033898305,Rv2661c
0.2608695652173913,Rv2664-Rv2665
0.3157894736842105,Rv2821c
0.2982456140350877,Rv2966c-pca
0.19696969696969696,gltS
0.31645569620253167,Rv3160c
0.288135593220339,Rv3249c
0.3,Rv3351c
0.40625,relK
0.234375,Rv3377c
0.2,Rv3401
0.2926829268292683,Rv3406
0.15873015873015872,Rv3412
0.21428571428571427,folB
0.2833333333333333,Rv3701c
0.24050632911392406,fbpA
0.22784810126582278,sodA-Rv3847
0.3333333333333333,Rv1761c
0.27586206896551724,Rv1419
0.28169014084507044,nrdR-Rv2719c
0.25862068965517243,pheA
0.26436781609195403,Rv3857c
0.26153846153846155,Rv0077c
0.24,Rv0204c
0.2777777777777778,Rv0272c
0.19718309859154928,Rv0293c-tam
0.2647058823529412,Rv0406c
0.2777777777777778,Rv0584
0.3333333333333333,Rv1047-Rv1048c
0.375,mazE3
0.2647058823529412,Rv1138c
0.2,mmpL13b
0.28205128205128205,lprA-Rv1271c
0.22666666666666666,Rv1322
0.265625,MTS1082-Rv1375
0.28378378378378377,PPE21-fadD11.1
0.2465753424657534,Rv1647
0.24324324324324326,gabD2
0.20270270270270271,cyp144
0.2911392405063291,oxyR-ahpC
0.2898550724637681,pepQ
0.2714285714285714,secF
0.2647058823529412,sigB
0.171875,vapB21
0.2698412698412698,Rv2798c
0.25,mpt53
0.2696629213483146,cyp141
0.30357142857142855,Rv3242c-Rv3243c
0.2125,Rv3399-Rv3400
0.19767441860465115,groEL1
0.25,yrbE4B
0.18571428571428572,PE_PGRS56-fadD18
0.29577464788732394,radA
0.2972972972972973,Rv3733c
0.15151515151515152,thrC-thrB
0.2894736842105263,PE27A-esxR
0.21739130434782608,mce2D
0.26865671641791045,Rv0743c
0.18840579710144928,papA4
0.203125,Rv1986-Rv1987
0.25925925925925924,Rv2631
0.24675324675324675,PPE56-Rv3351c
0.2857142857142857,whiB4
0.43103448275862066,Rv0104-rpmB1
0.29069767441860467,Rv0157A-Rv0158
0.24528301886792453,mce1C
0.3088235294117647,Rv0177
0.19736842105263158,php
0.22077922077922077,narU
0.2564102564102564,mycP3
0.24615384615384617,Rv0318c
0.25675675675675674,pta
0.24675324675324675,Rv0435c
0.2987012987012987,Rv0487-Rv0488
0.14492753623188406,galE2
0.3058823529411765,mgtA
0.2028985507246377,Rv0561c
0.38333333333333336,fabD2
0.3698630136986301,Rv0774c
0.2112676056338028,Rv0811c
0.2916666666666667,mscL-Rv0986
0.3108108108108108,Rv0999
0.2894736842105263,PE10-celA2a
0.27631578947368424,vapC32-Rv1115
0.3783783783783784,Rv1139c
0.2982456140350877,typA
0.23529411764705882,Rv1233c
0.30666666666666664,sugB
0.28,Rv1276c
0.3,Rv1508c
0.3076923076923077,fadD24
0.25862068965517243,treY
0.2911392405063291,cyp139
0.2441860465116279,Rv1744c
0.3055555555555556,Rv1786-PPE25
0.2222222222222222,apa-Rv1861
0.375,Rv1961
0.36619718309859156,mazE6-ctpG
0.2054794520547945,glnA2
0.2692307692307692,eis
0.2916666666666667,Rv2466c-pepN
0.25301204819277107,vapC19
0.2698412698412698,Rv2577
0.3181818181818182,secD-yajC
0.30434782608695654,Rv2597
0.3620689655172414,tesB2
0.29850746268656714,Rv2622
0.33766233766233766,msrB-Rv2675c
0.2345679012345679,recA
0.3150684931506849,Rv2803
0.30666666666666664,Rv2854
0.3488372093023256,ligA
0.21428571428571427,Rv3430c-Rv3431c
0.18518518518518517,glmS
0.275,topA-Rv3647c
0.2876712328767123,Rv3730c
0.3287671232876712,proW
0.30303030303030304,Rv3818
0.3125,pks2
0.26666666666666666,Rv3850
0.25757575757575757,Rv2250A
0.22784810126582278,ephA
0.2465753424657534,Rv1105
0.36470588235294116,Rv2689c-Rv2690c
0.3181818181818182,Rv0088
0.30434782608695654,fadA2
0.26506024096385544,Rv0260c-narK3
0.3157894736842105,Rv0348
0.20967741935483872,Rv0373c
0.25806451612903225,Rv0674
0.3225806451612903,rpsG
0.2125,Rv1021
0.29577464788732394,Rv1116A
0.26666666666666666,Rv1410c
0.28378378378378377,Rv1480
0.23880597014925373,frdD
0.28,bioA
0.23728813559322035,Rv2004c
0.23170731707317074,Rv2271-Rv2272
0.265625,Rv2456c
0.32051282051282054,echA14
0.208955223880597,hisS
0.323943661971831,Rv2752c
0.25316455696202533,pyrH-Rv2884
0.2823529411764706,lpdA
0.2676056338028169,upp-sapM
0.29577464788732394,Rv3333c-Rv3334
0.2987012987012987,folD-relJ
0.2191780821917808,Rv3403c
0.3,Rv3737
0.2318840579710145,Rv0953c
0.275,Rv1057-fadD14
0.3026315789473684,proT-vapC12
0.2191780821917808,Rv3238c
0.2,Rv0147
0.27848101265822783,rplV
0.20634920634920634,Rv0731c
0.26373626373626374,Rv0739
0.2926829268292683,Rv0787
0.3283582089552239,cysK2
0.23529411764705882,Rv0968
0.3,Rv1026-kdpE
0.234375,Rv1051c
0.2676056338028169,Rv1056-Rv1057
0.2191780821917808,mrp
0.27692307692307694,Rv1354c
0.3181818181818182,Rv1523
0.32,lgt-Rv1615
0.27941176470588236,mpg
0.24675324675324675,mgtC
0.22857142857142856,ureC
0.26229508196721313,lppE-Rv1882c
0.27058823529411763,lipD
0.2898550724637681,Rv1948c
0.3108108108108108,fabG3-Rv2003c
0.3333333333333333,Rv2017-Rv2018
0.2236842105263158,Rv2025c
0.23943661971830985,cobL
0.23728813559322035,Rv2132-Rv2133c
0.28378378378378377,vapC40
0.29333333333333333,dedA-Rv2638
0.2676056338028169,Rv2807
0.26666666666666666,Rv3673c
0.23214285714285715,asd
0.2876712328767123,Rv3735
0.25675675675675674,PPE53-Rv3160c
0.22535211267605634,rplW-rplB
0.34328358208955223,icd2
0.2625,PPE13-Rv0879c
0.2054794520547945,lpqV
0.2345679012345679,cyp130-Rv1257c
0.23529411764705882,Rv3454
0.2191780821917808,Rv3013
0.22857142857142856,esxR-esxS
0.23529411764705882,Rv0268c
0.2972972972972973,galK
0.18292682926829268,Rv1443c-Rv1444c
0.3488372093023256,Rv1645c
0.3,Rv2304c-Rv2305
0.3013698630136986,Rv2954c
0.3013698630136986,Rv0216
0.1728395061728395,Rv0585c
0.32142857142857145,vapC27
0.32432432432432434,rplD
0.2625,emrB
0.21428571428571427,lpqQ-Rv0836c
0.2804878048780488,Rv0913c
0.20588235294117646,lprP
0.2857142857142857,Rv1086
0.3380281690140845,Rv1186c-rocA
0.34375,Rv1358
0.2465753424657534,PPE19-Rv1362c
0.32,PE_PGRS28-Rv1453
0.2625,hisH
0.323943661971831,pykA
0.26666666666666666,erg3
0.27848101265822783,PPE35-Rv1919c
0.24096385542168675,Rv1954A
0.20987654320987653,Rv2038c
0.34210526315789475,mmpS3-Rv2199c
0.29508196721311475,Rv2273-mazF8
0.2857142857142857,PE_PGRS45-Rv2616
0.35294117647058826,Rv2799
0.2361111111111111,amiC
0.2236842105263158,Rv3230c
0.25301204819277107,canB
0.325,fadE36
0.2571428571428571,Rv3902c
0.29850746268656714,glyA2
0.3181818181818182,orn
0.25675675675675674,pheA-Rv3839
0.29850746268656714,Rv2277c
0.25609756097560976,Rv2279-Rv2280
0.28205128205128205,Rv3134c-PPE50
0.2911392405063291,Rv3187-Rv3188
0.2777777777777778,bpoA-Rv3474
0.3,Rv1883c
0.30864197530864196,Rv0650
0.25,vapB14
0.3026315789473684,caeA-panB
0.22388059701492538,PE_PGRS50-Rv3346c
0.23684210526315788,fadE1
0.3372093023255814,lprO
0.2972972972972973,fadE5-Rv0245
0.2786885245901639,Rv0324
0.27692307692307694,mmpL1
0.2318840579710145,pssA
0.25316455696202533,fusA1
0.24096385542168675,mapA
0.2923076923076923,kmtR-Rv0828c
0.36486486486486486,kdpB
0.3466666666666667,prpC
0.2112676056338028,pyrR
0.13636363636363635,epiA
0.3,Rv1598c
0.25301204819277107,Rv1610
0.30952380952380953,Rv1680
0.23076923076923078,Rv1722
0.24705882352941178,Rv1723
0.32142857142857145,cinA
0.23333333333333334,Rv1973
0.2692307692307692,Rv2510c
0.33766233766233766,Rv2571c
0.3389830508474576,thrS
0.21666666666666667,lipR
0.2608695652173913,Rv3335c-trpS
0.31343283582089554,guaB2-Rv3412
0.24285714285714285,PE_PGRS58-Rv3591c
0.24675324675324675,whiB4-ponA2
0.32,Rv3770c-Rv3770A
0.36923076923076925,Rv3830c-Rv3831
0.16216216216216217,espB
0.23333333333333334,Rv3901c-Rv3902c
0.31868131868131866,devB
0.24691358024691357,rplW
0.30985915492957744,Rv0514-Rv0515
0.2972972972972973,Rv0572c-pncB2
0.27941176470588236,Rv1506c
0.3382352941176471,Rv1815
0.22388059701492538,Rv2541
0.25,Rv3046c-Rv3047c
0.25,Rv3700c
0.23880597014925373,lldD1-Rv0695
0.3333333333333333,rslA
0.24193548387096775,Rv0826
0.3125,pstB-pstS1
0.2702702702702703,vapC9
0.32786885245901637,Rv1060-Rv1061
0.22857142857142856,Rv1176c
0.3076923076923077,cysN
0.3424657534246575,Rv1363c
0.22727272727272727,Rv1502
0.296875,Rv1865c
0.32051282051282054,Rv2012
0.2571428571428571,Rv2226
0.28378378378378377,Rv2285
0.26865671641791045,Rv2286c
0.27380952380952384,PE27-PPE44
0.37333333333333335,Rv3175
0.2235294117647059,Rv3179
0.2926829268292683,Rv3686c
0.2564102564102564,Rv3898c-Rv3899c
0.30864197530864196,PE22-PPE36
0.16666666666666666,hspR
0.23880597014925373,Rv0311-Rv0312
0.2535211267605634,echA14-PE_PGRS42
0.2619047619047619,serV-Rv3723
0.2236842105263158,eccE2
0.25396825396825395,fcoT
0.20833333333333334,Rv0446c
0.28169014084507044,Rv0492A
0.3142857142857143,lprL
0.2878787878787879,rfe-Rv1303
0.21333333333333335,metK
0.27419354838709675,cmk
0.2112676056338028,vapC18
0.36065573770491804,secD
0.273972602739726,Rv2617c-Rv2618
0.2,mpt70
0.2923076923076923,mas-fadD28
0.26865671641791045,Rv2993c
0.2972972972972973,Rv3217c-Rv3218
0.27586206896551724,Rv3278c-birA
0.2808988764044944,sigD
0.2682926829268293,truA
0.22535211267605634,aspB
0.2676056338028169,lprF-Rv1369c
0.21621621621621623,Rv0029-Rv0030
0.3484848484848485,hbhA
0.28,gmdA
0.23684210526315788,Rv2621c-Rv2622
0.2537313432835821,Rv2687c
0.17105263157894737,Rv0049
0.26865671641791045,dnaB
0.2571428571428571,Rv0192A-Rv0193c
0.2413793103448276,Rv0264c
0.26582278481012656,Rv0426c
0.35714285714285715,Rv0528
0.24675324675324675,TB27.3
0.3333333333333333,Rv0634c
0.2692307692307692,Rv0692
0.2875,Rv0713-rplN
0.19047619047619047,rpfB
0.3013698630136986,Rv1132
0.2753623188405797,Rv1140
0.3037974683544304,narI
0.23529411764705882,folP2
0.3333333333333333,vapC33
0.32,Rv1273c
0.2923076923076923,mmpL12
0.2727272727272727,Rv1627c
0.3333333333333333,pks11
0.35294117647058826,eccA5
0.2911392405063291,aceAb
0.3026315789473684,Rv2161c-PE_PGRS38
0.125,dgt-Rv2345
0.3176470588235294,Rv2522c
0.22580645161290322,Rv2567
0.2602739726027397,Rv2715
0.2028985507246377,Rv3000-ilvC
0.2702702702702703,Rv3067
0.23684210526315788,moaR1-PPE49
0.26666666666666666,uvrD2
0.25301204819277107,cut4-Rv3453
0.3287671232876712,Rv3548c
0.2625,Rv3553
0.24175824175824176,vapC48
0.21052631578947367,Rv3742c-ctpJ
0.3442622950819672,mbtI
0.3220338983050847,Rv3359
0.2702702702702703,Rv0647c-Rv0648
0.27692307692307694,accE5
0.3076923076923077,Rv2435c
0.1780821917808219,mazE2-vapC7
0.3484848484848485,PPE60-Rv3479
0.23529411764705882,ask
0.22784810126582278,Rv3786c
0.2459016393442623,Rv0428c
0.2714285714285714,menB
0.2361111111111111,Rv0812
0.36923076923076925,fadA
0.28169014084507044,Rv0919
0.3055555555555556,pstA2
0.22727272727272727,pabB-Rv1006
0.25316455696202533,Rv1230c
0.2878787878787879,ogt
0.3291139240506329,mazE4
0.25,fadD25
0.29577464788732394,Rv1531
0.2876712328767123,Rv1619
0.24242424242424243,Rv1700
0.20238095238095238,cfp21-Rv1985c
0.32558139534883723,Rv2037c
0.19480519480519481,murG
0.20270270270270271,Rv2191
0.3235294117647059,era
0.30985915492957744,Rv2409c
0.3125,Rv2417c
0.22784810126582278,citE
0.3,Rv2735c
0.21875,Rv2851c
0.18823529411764706,drrB
0.33766233766233766,Rv2958c
0.2631578947368421,Rv2960c
0.3150684931506849,Rv2975c-ung
0.19444444444444445,Rv3008
0.3333333333333333,Rv3268
0.3387096774193548,Rv3415c-whiB3
0.1917808219178082,mce4D
0.24050632911392406,ilvX
0.24615384615384617,fadA5
0.19402985074626866,fadE33
0.25,Rv3594
0.2923076923076923,Rv3659c
0.3026315789473684,Rv3706c-Rv3707c
0.23333333333333334,fbpA-aftB
0.2786885245901639,Rv3807c
0.25925925925925924,Rv3888c-espG2
0.2948717948717949,cfp29
0.32051282051282054,PE8-Rv1041c
0.20689655172413793,Rv1073-fadA3
0.2911392405063291,pflA-fadE24
0.25,Rv0004-gyrB
0.32051282051282054,PE_PGRS1-Rv0110
0.2289156626506024,mmpL11-Rv0203
0.288135593220339,thiO
0.3064516129032258,Rv0480c
0.352112676056338,Rv0750-mmsB
0.3287671232876712,Rv0763c
0.29577464788732394,Rv0912-Rv0913c
0.22033898305084745,vapB9
0.21052631578947367,moaB2
0.32,zwf1
0.2361111111111111,Rv1220c-sigE
0.25675675675675674,Rv1249c-Rv1250
0.2608695652173913,cmtR-Rv1995
0.2894736842105263,Rv2015c
0.27380952380952384,cobC
0.3561643835616438,Rv2307B
0.24675324675324675,lppQ
0.2318840579710145,lysU-PE26
0.16091954022988506,nuoF
0.24675324675324675,nuoH
0.2564102564102564,Rv3324A-Rv3325
0.21739130434782608,Rv3369
0.2602739726027397,eccA2
0.3392857142857143,citA
0.2112676056338028,ftsZ-ftsQ
0.2361111111111111,Rv0078-Rv0078A
0.2972972972972973,Rv0246
0.2727272727272727,Rv0340
0.29577464788732394,Rv0519c
0.39436619718309857,Rv0680c
0.2835820895522388,cyp51
0.30985915492957744,Rv0804-Rv0805
0.25396825396825395,Rv0846c
0.36486486486486486,Rv0854
0.2786885245901639,pstC1
0.2465753424657534,lpqY
0.2714285714285714,mdh
0.32558139534883723,rphA
0.2676056338028169,lspA
0.25806451612903225,nadA
0.32051282051282054,nadB
0.3116883116883117,Rv1648
0.1891891891891892,Rv1674c-cmr
0.265625,Rv1686c
0.26865671641791045,Rv1866-Rv1867
0.2753623188405797,Rv2209
0.24675324675324675,accD6-Rv2248
0.25,Rv2627c
0.23880597014925373,valT-glyT
0.2857142857142857,ftsK
0.2898550724637681,amt
0.23684210526315788,Rv2968c
0.23076923076923078,ung
0.27692307692307694,Rv3091
0.3157894736842105,nuoL
0.273972602739726,Rv3226c
0.25862068965517243,metA
0.2926829268292683,Rv3376
0.2987012987012987,Rv3520c
0.29411764705882354,hsaC
0.19672131147540983,Rv3575c
0.31746031746031744,lpqF
0.2714285714285714,Rv3819-papA2
0.3076923076923077,Rv3839
0.23880597014925373,sodA
0.32857142857142857,Rv3888c
0.2894736842105263,Rv0192
0.30985915492957744,leuA
0.2328767123287671,Rv1190
0.26666666666666666,Rv1869c
0.23376623376623376,Rv1894c
0.3048780487804878,Rv1951c-vapB14
0.19480519480519481,iniC
0.313953488372093,Rv0686
0.34146341463414637,mku
0.18181818181818182,Rv1393c
0.2545454545454545,pgsA2
0.22077922077922077,mce3R
0.2571428571428571,Rv2008c
0.23880597014925373,sigC
0.3466666666666667,cdh
0.27419354838709675,htpG
0.3013698630136986,Rv2326c
0.20588235294117646,lepA
0.18181818181818182,Rv2464c
0.27848101265822783,accA1
0.3108108108108108,Rv2642
0.22950819672131148,Rv2662
0.3108108108108108,Rv2716
0.14754098360655737,gpsI-lppU
0.25,lipN-Rv2970A
0.23943661971830985,mesT-Rv3177
0.28378378378378377,ctpC
0.24468085106382978,amiB1
0.30985915492957744,Rv3587c
0.4,groEL2-Rv0441c
0.2857142857142857,sigI
0.24242424242424243,mmpL11
0.2857142857142857,Rv0259c
0.3283582089552239,Rv0634A
0.26666666666666666,mmaA3-mmaA2
0.2962962962962963,lytB2
0.2878787878787879,echA10-mcr
0.3472222222222222,Rv1219c
0.3125,sugA
0.18666666666666668,atpA
0.27848101265822783,mec
0.3188405797101449,mutA
0.3246753246753247,dinX
0.3181818181818182,Rv1571
0.22535211267605634,mctB-pyrG
0.3,Rv1765A-Rv1766
0.21052631578947367,Rv1771
0.20238095238095238,Rv1794-eccD5
0.32098765432098764,pafA
0.2878787878787879,Rv2297
0.2535211267605634,Rv2565
0.2911392405063291,mqo
0.23170731707317074,Rv3013-ligA
0.16455696202531644,Rv3077
0.3026315789473684,Rv3224
0.25,relJ
0.3442622950819672,cyp142
0.2682926829268293,folE
0.2,ftsH
0.2542372881355932,Rv3762c
0.22972972972972974,Rv3788-Rv3789
0.3076923076923077,aftA
0.2459016393442623,ethR
0.32,Rv3920c
0.25396825396825395,Rv3242c
0.2692307692307692,Rv1890c
0.2898550724637681,Rv2620c
0.2857142857142857,Rv3898c
0.2638888888888889,Rv0161
0.27941176470588236,bglS
0.2112676056338028,Rv0228
0.2222222222222222,Rv0260c
0.18840579710144928,Rv0339c-Rv0340
0.2898550724637681,fadE7
0.14492753623188406,lpqL
0.27848101265822783,Rv0485
0.32098765432098764,rocA
0.16393442622950818,ncrMT1234
0.35714285714285715,Rv1337
0.225,Rv1453
0.375,csd
0.2777777777777778,fadE15
0.2727272727272727,trpB
0.1625,vapB36-PE_PGRS35
0.2777777777777778,Rv2011c-Rv2012
0.28378378378378377,qcrB-Rv2197c
0.2463768115942029,mbtI-Rv2387
0.24285714285714285,scoB
0.25,frr-pyrH
0.24615384615384617,acyP
0.2465753424657534,fixB
0.2159090909090909,moaC3
0.22857142857142856,Rv3402c-Rv3403c
0.2236842105263158,Rv3680-whiB4
0.35714285714285715,Rv3847-Rv3848
0.2413793103448276,trxB2
0.3114754098360656,Rv2147c
0.31343283582089554,bisC-Rv1443c
0.18666666666666668,echA10
0.373134328358209,glgC-PE14
0.3076923076923077,ripA
0.2777777777777778,Rv1767
0.2839506172839506,nanT
0.3291139240506329,pncA-Rv2044c
0.1724137931034483,Rv2044c
0.24,Rv2049c-Rv2050
0.27586206896551724,Rv3656c
0.22535211267605634,embC-embA
0.2463768115942029,Rv0128
0.3064516129032258,Rv0449c
0.2318840579710145,Rv0770
0.208955223880597,pepC
0.2375,Rv0892
0.3026315789473684,argB
0.18571428571428572,Rv1703c
0.3125,Rv2689c
0.19696969696969696,infB-Rv2840c
0.3582089552238806,Rv2840c-nusA
0.24705882352941178,Rv2997
0.25274725274725274,Rv3136A-Rv3137
0.2535211267605634,TB9.4-Rv3209
0.21212121212121213,Rv3353c
0.20987654320987653,mmsA-PE_PGRS11
0.27586206896551724,fadB4
0.2375,fadD4
0.36619718309859156,eccC3
0.2289156626506024,grcC1
0.2857142857142857,atpF
0.30158730158730157,Rv2337c
0.23809523809523808,rbsK
0.25,acpS-fas
0.2625,clpC2
0.2077922077922078,fpg-rnc
0.27848101265822783,agpS-Rv3108
0.2112676056338028,Rv3169
0.22535211267605634,Rv3304
0.29333333333333333,Rv3338
0.28169014084507044,iunH
0.26582278481012656,proY-cyp137
0.38461538461538464,Rv2160c
0.2459016393442623,Rv2160A
0.273972602739726,Rv0518
0.19607843137254902,Rv1444c
0.31746031746031744,Rv1566c
0.20588235294117646,proU-glyV
0.27472527472527475,Rv0829-Rv0830
0.25,Rv0895
0.2835820895522388,Rv0939
0.30864197530864196,tatD-rpfB
0.23809523809523808,Rv1112
0.2976190476190476,Rv1136
0.2909090909090909,ppnK
0.3373493975903614,lipZ
0.21951219512195122,lppC
0.2112676056338028,suhB
0.3188405797101449,mapB
0.3048780487804878,Rv2997-Rv2998
0.25,dinP
0.1694915254237288,Rv3434c
0.21739130434782608,rpoA
0.35526315789473684,fadE30
0.29850746268656714,Rv3767c
0.3709677419354839,Rv0235c
0.3026315789473684,Rv3254
0.22077922077922077,Rv0028
0.25862068965517243,cobU
0.29333333333333333,Rv0846c-lpqS
0.25,Rv2067c
0.21176470588235294,cysH
0.3088235294117647,Rv2778c
0.2777777777777778,Rv3126c
0.3333333333333333,Rv3161c-Rv3162c
0.30851063829787234,Rv3552
0.26582278481012656,esxW-PPE65
0.27906976744186046,Rv3767c-Rv3768
0.2,pntAa
0.2463768115942029,Rv0184
0.18461538461538463,Rv0232
0.3492063492063492,mshD
0.18421052631578946,Rv0857
0.24242424242424243,Rv0898c-ompA
0.28205128205128205,narG
0.2972972972972973,udgB
0.21212121212121213,Rv1482c-fabG1
0.24,Rv1565c
0.22666666666666666,hisA
0.28,Rv2237
0.3088235294117647,Rv2294
0.32857142857142857,moaB1
0.30434782608695654,Rv3131
0.32,Rv3168
0.2597402597402597,sigH
0.2608695652173913,parA
0.31645569620253167,acpA
0.22727272727272727,Rv1545
0.32,proZ
0.2465753424657534,Rv0298
0.23529411764705882,Rv0338c
0.22077922077922077,Rv0387c-PPE9
0.21666666666666667,Rv0472c
0.25,hemD
0.4383561643835616,purL
0.3835616438356164,Rv1075c-lipU
0.34210526315789475,TB8.4-fadH
0.2972972972972973,Rv1794
0.2,guaB1
0.38666666666666666,Rv2113
0.24675324675324675,qcrA
0.2535211267605634,Rv2219A-glnA1
0.2535211267605634,glnA1
0.3142857142857143,PE_PGRS39-asnT
0.3484848484848485,amiA2
0.36764705882352944,Rv2670c
0.24390243902439024,dxs1
0.28205128205128205,Rv2694c-Rv2695
0.29850746268656714,mmpL7
0.3230769230769231,ligB-cstA
0.23076923076923078,Rv3538
0.2542372881355932,Rv3542c
0.2962962962962963,folP1
0.22058823529411764,gshA
0.2,Rv3723-cut5a
0.3194444444444444,rplY
0.22058823529411764,vapB32
0.23684210526315788,amiB2-Rv1264
0.3076923076923077,secG-PE_PGRS26
0.3382352941176471,Rv1871c
0.3333333333333333,Rv0057
0.23376623376623376,Rv0071-Rv0072
0.20270270270270271,hycE
0.19117647058823528,fbpC
0.3026315789473684,Rv0146
0.27586206896551724,Rv0183
0.28169014084507044,Rv0218
0.2786885245901639,Rv0226c-Rv0227c
0.2647058823529412,aac
0.20512820512820512,esxH
0.27692307692307694,Rv0365c
0.25,ufaA1
0.3125,Rv0480c-Rv0481c
0.25,pncB2
0.24444444444444444,Rv0615
0.3150684931506849,Rv0625c-vapB5
0.2972972972972973,mkl-vapC6
0.22388059701492538,Rv0695
0.26582278481012656,atsA-Rv0712
0.16071428571428573,Rv0839
0.2753623188405797,pip
0.25316455696202533,Rv0842
0.3108108108108108,fadB
0.23170731707317074,Rv0876c
0.29577464788732394,fadE13
0.22077922077922077,ispE
0.26153846153846155,celA2b-PE_PGRS22
0.23529411764705882,PE_PGRS22-coaA
0.22972972972972974,Rv1097c
0.25675675675675674,Rv1104-Rv1105
0.23863636363636365,echA11
0.2073170731707317,pks4
0.36065573770491804,rseA-htrA
0.2463768115942029,Rv1271c-Rv1272c
0.2077922077922078,Rv1496
0.25,Rv1513
0.2361111111111111,TB15.3
0.30120481927710846,Rv1668c-Rv1669
0.26666666666666666,Rv1711
0.25,ilvG
0.296875,Rv1833c
0.2112676056338028,Rv1887
0.26865671641791045,Rv1958c
0.3611111111111111,mce3D
0.3013698630136986,Rv2001
0.2777777777777778,pafC
0.35443037974683544,PE_PGRS37-ansP1
0.2826086956521739,Rv2186c-fadD15
0.2571428571428571,ephD
0.2777777777777778,Rv2326c-Rv2327
0.359375,Rv2401A
0.24,ahpC
0.2878787878787879,Rv2452c
0.265625,aroB
0.273972602739726,Rv2625c
0.17391304347826086,sigA
0.2465753424657534,Rv2721c
0.2857142857142857,rpsO
0.23880597014925373,rimM
0.3835616438356164,moaR1
0.2916666666666667,manA
0.24691358024691357,Rv3256c
0.29850746268656714,wbbL1
0.3076923076923077,vapB44
0.3246753246753247,mrsA
0.3466666666666667,Rv3463
0.3492063492063492,mce4B
0.26229508196721313,PE_PGRS57-fadD19
0.20634920634920634,hsaD
0.24615384615384617,Rv3572
0.2631578947368421,Rv3583c-lpqE
0.26153846153846155,lsr2-lysS
0.25316455696202533,mesJ
0.28378378378378377,Rv3639c
0.3382352941176471,Rv3702c
0.3176470588235294,Rv3811-PE_PGRS62
0.2839506172839506,Rv3848
0.26153846153846155,esxA-espI
0.27419354838709675,Rv3912
0.25,Rv1524
0.27419354838709675,Rv3900c
0.2692307692307692,recF
0.24324324324324326,Rv0269c
0.3076923076923077,lprQ
0.28169014084507044,Rv0845
0.323943661971831,Rv0901
0.25,ctpE-Rv0909
0.2631578947368421,ksgA
0.2727272727272727,Rv1106c
0.27941176470588236,Rv1200
0.3,Rv1225c-Rv1226c
0.22972972972972974,argS
0.15789473684210525,fadA4
0.25316455696202533,Rv2190c-Rv2191
0.2638888888888889,bkdA
0.2,Rv2558-Rv2559c
0.23880597014925373,Rv2743c
0.24615384615384617,Rv2787-sirR
0.3150684931506849,nusA
0.20238095238095238,rnhB
0.2391304347826087,Rv3172c
0.2077922077922078,Rv3726-Rv3727
0.3111111111111111,Rv3770c
0.28205128205128205,pdxH
0.323943661971831,relB-Rv1248c
0.2916666666666667,Rv2258c
0.25609756097560976,Rv3363c
0.20588235294117646,Rv0059
0.2236842105263158,Rv0276
0.2,Rv0364
0.27586206896551724,thiC
0.22413793103448276,mmpS2
0.2716049382716049,Rv1072
0.21666666666666667,Rv1268c-Rv1269c
0.3116883116883117,Rv1686c-Rv1687c
0.3614457831325301,Rv1691
0.28169014084507044,AS1726-Rv1727
0.3472222222222222,Rv1817
0.19736842105263158,otsB1-fdxA
0.34177215189873417,trpD
0.29411764705882354,ahpE
0.2753623188405797,Rv2264c-Rv2265
0.20253164556962025,yjcE
0.23728813559322035,Rv2406c
0.3488372093023256,nadD-Rv2422
0.21333333333333335,PE25-Rv2432c
0.32432432432432434,Rv2435c-rbsK
0.3058823529411765,Rv2459
0.31343283582089554,dhaA-hisS
0.2857142857142857,Rv2581c
0.2463768115942029,vapB43
0.26153846153846155,lppZ
0.2328767123287671,sugI
0.21052631578947367,Rv3395A-guaA
0.25,alr-Rv3424c
0.3055555555555556,Rv3840
0.28205128205128205,Rv0356c
0.2631578947368421,Rv0349
0.313953488372093,35kd_ag
0.24096385542168675,Rv0281-eccA3
0.25609756097560976,vapB26
0.21052631578947367,Rv0597c
0.33766233766233766,Rv1257c
0.3611111111111111,Rv1339
0.20270270270270271,echA13
0.2702702702702703,mce3C
0.19047619047619047,hisE
0.2,Rv2205c
0.27586206896551724,mscR
0.2698412698412698,lipM
0.26666666666666666,nuoJ
0.2571428571428571,Rv3492c
0.16923076923076924,Rv3778c-Rv3779
0.41379310344827586,lppX-pks1
0.2558139534883721,Rv2993c-Rv2994
0.29850746268656714,Rv0038
0.1891891891891892,oxcA
0.30120481927710846,mcr19-mshA
0.35064935064935066,menA-pnp
0.2911392405063291,menH
0.27631578947368424,moaE2
0.2840909090909091,amiB2
0.28,Rv2033c
0.24358974358974358,Rv2513
0.2545454545454545,Rv2514c
0.3380281690140845,Rv2633c-PE_PGRS46
0.24675324675324675,ribF
0.19736842105263158,Rv2876
0.2459016393442623,lpqA
0.275,purK
0.25333333333333335,vapB44-Rv3322c
0.30158730158730157,Rv3387-PE_PGRS52
0.2631578947368421,Rv3726
0.26785714285714285,Rv0986
0.2571428571428571,Rv2411c
0.26666666666666666,Rv2800
0.26865671641791045,Rv3671c
0.2777777777777778,Rv0178
0.21518987341772153,Rv0229c
0.2,Rv0372c
0.25316455696202533,Rv0461
0.2535211267605634,rplX
0.3088235294117647,glmU
0.31343283582089554,atpD
0.2222222222222222,Rv1443c
0.16417910447761194,Rv1674c
0.32558139534883723,tyrS
0.2571428571428571,malQ
0.24050632911392406,higB
0.22784810126582278,vapC35
0.29333333333333333,Rv2052c
0.171875,murE
0.3194444444444444,Rv2179c
0.2804878048780488,Rv2183c
0.28169014084507044,Rv2255c-Rv2256c
0.2692307692307692,Rv2312-Rv2313c
0.3387096774193548,Rv2508c
0.28888888888888886,Rv2568c
0.30120481927710846,Rv2696c
0.22580645161290322,Rv2896c
0.2608695652173913,Rv2956
0.2222222222222222,Rv2959c
0.2702702702702703,Rv2963
0.2676056338028169,Rv3030
0.33783783783783783,moaE1
0.3333333333333333,Rv3127
0.22727272727272727,mesT
0.33766233766233766,esxT-esxU
0.25,Rv3586
0.35064935064935066,espA
0.27380952380952384,dppA-acs
0.26666666666666666,PE34-Rv3747
0.17142857142857143,Rv0068
0.2602739726027397,ansP2
0.2898550724637681,Rv0894
0.2840909090909091,glnT-Rv1019
0.34210526315789475,frdB
0.373134328358209,Rv1718
0.23170731707317074,Rv2426c
0.24285714285714285,Rv2563
0.21875,Rv2717c
0.25675675675675674,whiB7
0.2823529411764706,trpG
0.24691358024691357,whiB5
0.34545454545454546,Rv0026-Rv0027
0.3076923076923077,Rv0037c
0.22535211267605634,Rv0042c
0.23636363636363636,Rv0043c
0.2894736842105263,Rv0045c-ino1
0.19736842105263158,fadD7
0.2459016393442623,Rv0121c
0.35,TB18.5
0.2638888888888889,zmp1
0.24719101123595505,zmp1-Rv0199
0.26229508196721313,fabG4
0.25,mgtE
0.2911392405063291,Rv0368c
0.2777777777777778,thiD
0.2608695652173913,fadB2
0.2535211267605634,Rv0477
0.27586206896551724,hemD-hemB
0.2857142857142857,bpoC
0.2833333333333333,Rv0609A
0.30303030303030304,lipG
0.26744186046511625,vapC6-vapB6
0.1643835616438356,Rv0790c
0.23943661971830985,Rv0804
0.28169014084507044,Rv0831c
0.17105263157894737,ercc3
0.265625,PE_PGRS15-fadE10
0.3,Rv0883c
0.27631578947368424,pstC2
0.16176470588235295,Rv0950c-sucC
0.24096385542168675,Rv1004c
0.2753623188405797,Rv1096
0.32051282051282054,Rv1184c
0.15384615384615385,Rv1249c
0.36923076923076925,thrB-rho
0.28169014084507044,rho
0.2,Rv1333
0.2597402597402597,Rv1404
0.2236842105263158,Rv1478
0.2923076923076923,Rv1489A-Rv1490
0.36619718309859156,Rv1597
0.3048780487804878,pks10-pks7
0.2545454545454545,Rv1716
0.1917808219178082,Rv1719
0.23170731707317074,Rv1760
0.29411764705882354,Rv1767-PE_PGRS31
0.3472222222222222,eccD5
0.3,Rv1812c-Rv1813c
0.2361111111111111,Rv1842c-guaB1
0.17721518987341772,lldD2-Rv1873
0.27710843373493976,Rv1898
0.23076923076923078,Rv2020c-Rv2021c
0.25675675675675674,PPE36-prcA
0.35714285714285715,Rv2253
0.3,Rv2307D-Rv2308
0.325,hrcA
0.29069767441860467,Rv2402
0.29333333333333333,plsB2
0.2835820895522388,ppiB
0.2361111111111111,Rv2616
0.2459016393442623,Rv2633c
0.34210526315789475,arsA-arsB1
0.2894736842105263,Rv2714-Rv2715
0.2676056338028169,Rv2723
0.2028985507246377,thyA
0.2727272727272727,Rv2787
0.273972602739726,ugpA
0.2631578947368421,gcpE
0.28169014084507044,Rv2910c
0.2716049382716049,papA5
0.2647058823529412,leuB
0.25,iscS-Rv3026c
0.189873417721519,fixA-Rv3030
0.2753623188405797,Rv3038c
0.25882352941176473,Rv3040c
0.21875,Rv3092c
0.40789473684210525,Rv3205c
0.25806451612903225,tgs3-Rv3235
0.30985915492957744,Rv3294c
0.20270270270270271,Rv3399
0.3157894736842105,eccB4
0.21875,PE_PGRS53-PE_PGRS54
0.2898550724637681,Rv3557c-PPE64
0.34375,kshB
0.30864197530864196,ephE
0.2857142857142857,Rv3678A
0.2465753424657534,Rv3684-proY
0.2911392405063291,Rv3694c
0.2236842105263158,Rv3707c
0.3380281690140845,Rv3745c
0.24675324675324675,Rv3784
0.30434782608695654,dprE1
0.22857142857142856,papA1
0.26666666666666666,ncrMT3949-Rv3843c
0.2727272727272727,ino1
0.3194444444444444,parD2-Rv2143
0.3064516129032258,cut5a
0.2857142857142857,msrA
0.36764705882352944,Rv0175
0.20833333333333334,menD
0.14285714285714285,csoR
0.2631578947368421,Rv1491c
0.2702702702702703,aceE-Rv2242
0.18181818181818182,fdhF-Rv2901c
0.21666666666666667,ligC-Rv3732
0.3013698630136986,Rv0037c-Rv0038
0.26582278481012656,Rv0047c
0.29411764705882354,Rv0207c
0.25396825396825395,tam
0.24324324324324326,tuf
0.22988505747126436,Rv0740
0.12857142857142856,cysA2-thiX
0.2692307692307692,Rv0879c-Rv0880
0.21621621621621623,Rv0885
0.2608695652173913,Rv1021-lpqU
0.23376623376623376,rseA
0.20833333333333334,Rv1351
0.35714285714285715,cyp132-Rv1395
0.18181818181818182,Rv1431
0.325,Rv1558
0.3026315789473684,Rv1678
0.2535211267605634,Rv1682-Rv1683
0.18840579710144928,Rv1749c
0.22535211267605634,Rv1812c
0.29850746268656714,Rv2018
0.29411764705882354,Rv2041c
0.2736842105263158,aprA-aprB
0.2823529411764706,Rv2499c
0.25882352941176473,scoA-fadD35
0.26373626373626374,Rv2635
0.23943661971830985,Rv2672
0.32857142857142857,mtr
0.22857142857142856,relG-Rv2867c
0.2413793103448276,glnU-gltS
0.234375,Rv2998
0.36,sahH
0.2222222222222222,cdd
0.27848101265822783,Rv3760-fadE36
0.375,Rv3857c-gltD
0.17567567567567569,eccCa1-eccCb1
0.2926829268292683,PE36-eccC2
0.30434782608695654,Rv0531
0.2876712328767123,esxP-Rv2348c
0.25,Rv0307c
0.21052631578947367,argC
0.2638888888888889,erm(37)-Rv1989c
0.3048780487804878,Rv2166c
0.27941176470588236,Rv2307c
0.25,mrr
0.2753623188405797,panC
0.2714285714285714,galK-Rv0621
0.24675324675324675,Rv0922-Rv0923c
0.29508196721311475,narK2-Rv1738
0.2786885245901639,PPE31-PPE32
0.23684210526315788,Rv1985c
0.2465753424657534,vapC1
0.2638888888888889,pntAb
0.19736842105263158,lpqI
0.19402985074626866,Rv0320
0.25,glnH
0.3055555555555556,Rv0600c
0.24242424242424243,Rv0622
0.22807017543859648,fadE9
0.2857142857142857,PE_PGRS19-PE_PGRS20
0.2714285714285714,Rv1073
0.2602739726027397,Rv1128c-Rv1129c
0.2976190476190476,prpD
0.33766233766233766,Rv1147-Rv1148c
0.1891891891891892,glgA-glgC
0.2987012987012987,plsB1-frdA
0.22857142857142856,Rv1556
0.23170731707317074,bioB
0.23809523809523808,trpA
0.2077922077922078,Rv1683
0.25,Rv1754c
0.36363636363636365,Rv1891
0.27419354838709675,mce3B
0.3150684931506849,Rv2184c
0.2727272727272727,narK1-lppP
0.2638888888888889,aroK
0.2602739726027397,aspS
0.375,Rv2669
0.3194444444444444,Rv2688c
0.21621621621621623,Rv2775
0.2361111111111111,Rv2842c-Rv2843
0.16216216216216217,Rv2876-Rv2877c
0.175,Rv3057c
0.21311475409836064,Rv3075c
0.24675324675324675,Rv3122
0.2537313432835821,acrA1
0.1917808219178082,Rv3421c
0.2638888888888889,kgtP-PE31
0.3125,Rv3541c
0.27941176470588236,mpr17-lsr2
0.26666666666666666,Rv3703c
0.33766233766233766,mmpL8-papA1
0.2987012987012987,Rv2294-Rv2295
0.22784810126582278,PE2-ptbB
0.273972602739726,Rv0799c-pepC
0.208955223880597,Rv0862c
0.2714285714285714,Rv0990c
0.23376623376623376,sigE-mpr6
0.38461538461538464,Rv1320c
0.3442622950819672,cysO
0.22972972972972974,Rv1359-Rv1360
0.2361111111111111,bioF1
0.2602739726027397,fadE18
0.3026315789473684,Rv2507
0.2361111111111111,Rv3295
0.2597402597402597,Rv3633
0.2608695652173913,lipV
0.22535211267605634,Rv0021c-whiB5
0.273972602739726,Rv0609A-B55
0.30158730158730157,fbpB
0.37333333333333335,Rv3400-Rv3401
0.14864864864864866,MTS2823
0.2833333333333333,Rv0247c
0.3048780487804878,Rv0493c
0.2638888888888889,htpX
0.189873417721519,glcB-vapC13
0.24242424242424243,Rv2529
0.3333333333333333,Rv2893
0.2923076923076923,fadE32
0.275,Rv0004
0.34375,Rv2091c
0.2753623188405797,nadR
0.32051282051282054,Rv0158
0.3013698630136986,Rv0395
0.25,Rv0918
0.208955223880597,Rv0964c
0.20253164556962025,Rv1059
0.18461538461538463,Rv1255c
0.3026315789473684,Rv1892
0.3076923076923077,Rv2077c
0.3013698630136986,Rv2305
0.2625,Rv2451
0.24705882352941178,Rv2864c
0.2727272727272727,Rv3060c
0.28169014084507044,Rv3228
0.18309859154929578,Rv3376-Rv3377c
0.3333333333333333,alr
0.29333333333333333,PPE65-PE32
0.2857142857142857,mutT3
0.3108108108108108,Rv0454-Rv0455c
0.26865671641791045,vapB30
0.2602739726027397,Rv0784
0.2571428571428571,Rv0794c
0.24050632911392406,purM-Rv0810c
0.2891566265060241,pstS2-pstB
0.1891891891891892,Rv1084
0.2413793103448276,leuW-irtA
0.3230769230769231,pyrB
0.2857142857142857,Rv1501
0.29333333333333333,engA-Rv1714
0.22784810126582278,ftsQ
0.2222222222222222,Rv2348c
0.2857142857142857,Rv2455c-Rv2456c
0.3466666666666667,fadD35
0.24358974358974358,Rv2536
0.24242424242424243,Rv3032
0.3372093023255814,Rv3196
0.2804878048780488,sigF
0.32432432432432434,Rv3431c-gadB
0.25333333333333335,esxF
0.2717391304347826,Rv3915
0.35,galTa
0.32857142857142857,fadE35-Rv3798
0.26666666666666666,pckA
0.18309859154929578,hsp-nirB
0.25,Rv0963c-Rv0964c
0.27848101265822783,chaA
0.26865671641791045,dnaG-dgt
0.22972972972972974,Rv2369c
0.29577464788732394,Rv2649-Rv2650c
0.2222222222222222,fdhF
0.20634920634920634,prfB
0.20481927710843373,lytB1
0.18571428571428572,Rv3851
0.2345679012345679,Rv0347
0.3442622950819672,fadE12
0.12698412698412698,Rv1034c-Rv1035c
0.21212121212121213,metB
0.2,metE-Rv1134
0.25609756097560976,cysM
0.3088235294117647,Rv1717-Rv1718
0.23076923076923078,Rv2023c
0.17142857142857143,Rv2387
0.28378378378378377,Rv0412c
0.3384615384615385,gabP
0.19718309859154928,Rv0666-rpoB
0.24358974358974358,adk
0.22388059701492538,Rv1520-fadD25
0.273972602739726,Rv1770
0.1927710843373494,Rv2651c-Rv2652c
0.3150684931506849,Rv3143
0.28205128205128205,phyA
0.18666666666666668,cysS1
0.2236842105263158,Rv2001-fabG3
0.27941176470588236,Rv1218c
0.2608695652173913,Rv0333
0.2597402597402597,thiC-Rv0424c
0.25,Rv0611c
0.18181818181818182,moaA2
0.3283582089552239,glyA1
0.3037974683544304,PE_PGRS25-vapC10
0.3037974683544304,Rv1459c
0.2753623188405797,lprI
0.26582278481012656,Rv1639c
0.22857142857142856,PE_PGRS33-bacA
0.265625,Rv1873
0.2625,Rv3090
0.2328767123287671,nuoM
0.20833333333333334,Rv3194c-Rv3195
0.28125,Rv3218
0.30303030303030304,Rv0072
0.2535211267605634,tcrA
0.24615384615384617,Rv2120c
0.273972602739726,Rv3365c-spoU
0.22857142857142856,Rv1422
0.2537313432835821,Rv3098A
0.20987654320987653,Rv0090-mtn
0.2631578947368421,Rv0499
0.27586206896551724,hemA
0.2028985507246377,vapC29
0.3939393939393939,rrf-ogt
0.3333333333333333,Rv1473
0.2676056338028169,Rv1810-mgtC
0.3013698630136986,Rv2296
0.28205128205128205,Rv2963-purU
0.2289156626506024,thiL
0.36585365853658536,Rv3468c
0.22950819672131148,Rv3712
0.28205128205128205,Rv3816c
0.2972972972972973,fadD17-PE_PGRS53
0.24096385542168675,mazE1-Rv0457c
0.323943661971831,Rv0574c
0.17142857142857143,vapC4
0.373134328358209,Rv0793
0.2727272727272727,Rv0817c
0.26865671641791045,PE_PGRS20-Rv1069c
0.2441860465116279,Rv1144
0.23529411764705882,mcr3
0.2318840579710145,lprH
0.2682926829268293,Rv1729c
0.2571428571428571,PPE33-Rv1810
0.36,wag31
0.3466666666666667,Rv2307A-Rv2307B
0.3770491803278688,Rv2417c-Rv2418c
0.2441860465116279,mmuM-Rv2459
0.23636363636363636,lppY
0.23684210526315788,nei
0.24193548387096775,Rv3485c
0.2535211267605634,tcrX-Rv3766
0.23076923076923078,Rv3822-mmpL8
0.31343283582089554,ptrBa
0.25,Rv0043c-Rv0044c
0.21428571428571427,mce1F
0.25,mmpL3
0.21666666666666667,xseA
0.21875,hisC1
0.22807017543859648,aceAa
0.3287671232876712,Rv2049c
0.25,rnpB
0.30158730158730157,Rv2315c
0.3181818181818182,uspB
0.3188405797101449,folC
0.3333333333333333,Rv3033
0.3373493975903614,Rv3241c-Rv3242c
0.22535211267605634,Rv3577
0.39655172413793105,leuA-dnaQ
0.2714285714285714,Rv3777
0.273972602739726,Rv2980
0.2619047619047619,Rv0250c-hsp
0.22857142857142856,Rv1728c
0.2857142857142857,Rv2991
0.225,Rv0060
0.3150684931506849,Rv0187
0.313953488372093,php-fadE4
0.23595505617977527,nrdB
0.3,gabD1
0.24390243902439024,Rv0424c
0.2894736842105263,Rv0461-lpdC
0.21739130434782608,Rv1000c
0.3333333333333333,relE
0.3582089552238806,garA
0.2542372881355932,Rv1928c
0.2894736842105263,Rv2449c
0.3026315789473684,vapC40-Rv2597
0.31645569620253167,Rv2611c
0.2328767123287671,echA15
0.2876712328767123,Rv3041c
0.28205128205128205,kshA
0.25,Rv3635
0.25757575757575757,Rv3660c
0.2875,Rv3821
0.23863636363636365,Rv0336-aspC
0.21311475409836064,Rv1914c-aceAa
0.3333333333333333,Rv0052-rpsF
0.22077922077922077,ctpI-Rv0108c
0.2647058823529412,cyp135A1-Rv0328
0.2857142857142857,grpE
0.23809523809523808,Rv0360c
0.3188405797101449,Rv0616c
0.20833333333333334,trpT-secE1
0.2903225806451613,pheU-PE_PGRS12
0.27848101265822783,prrB
0.24,esxI
0.3488372093023256,Rv1360
0.2361111111111111,dfp
0.24390243902439024,Rv1482c
0.1891891891891892,Rv1687c
0.358974358974359,Rv1727
0.15853658536585366,Rv1747
0.2857142857142857,Rv1752
0.23880597014925373,PE_PGRS32-Rv1804c
0.3333333333333333,Rv1910c
0.25,rpsN2
0.3188405797101449,Rv2078
0.3,aprB
0.29333333333333333,Rv2781c
0.25396825396825395,Rv2826c
0.25316455696202533,Rv2998A-lppY
0.2631578947368421,Rv3000
0.2602739726027397,fadE24
0.29333333333333333,entC
0.3116883116883117,Rv3289c
0.22580645161290322,Rv3322c
0.20833333333333334,fadA6
0.26136363636363635,ligC
0.20967741935483872,PPE68-esxB
0.32926829268292684,eccA5-lppT
0.19696969696969696,glpQ2-glyU
0.24444444444444444,Rv2542
0.2698412698412698,cobQ1
0.44285714285714284,PE_PGRS5-Rv0298
0.2727272727272727,Rv0494
0.3287671232876712,pgi-Rv0947c
0.29310344827586204,oppA
0.25,Rv2372c
0.21739130434782608,nadD
0.2647058823529412,ceoC
0.26506024096385544,Rv3114-Rv3115
0.32894736842105265,nuoA
0.30357142857142855,esxT
0.31343283582089554,dnaN
0.22058823529411764,Rv0097
0.35294117647058826,rpmB1-Rv0106
0.2222222222222222,Rv0459
0.2112676056338028,Rv0470A
0.23684210526315788,hadC
0.2777777777777778,PE_PGRS21-Rv1087A
0.296875,Rv1378c
0.27848101265822783,Rv2273
0.3023255813953488,proB
0.3225806451612903,mmuM
0.22535211267605634,agpS
0.23255813953488372,Rv3755c
0.2857142857142857,dprE2
0.23214285714285715,Rv3813c
0.35135135135135137,rraA
0.2753623188405797,Rv0008c-ppiA
0.2875,Rv0073
0.3424657534246575,fabH-menA
0.21212121212121213,mmaA4
0.20512820512820512,Rv0785
0.296875,Rv0991c
0.23711340206185566,mpt63-Rv1927
0.18072289156626506,Rv2197c
0.2361111111111111,Rv2506
0.16666666666666666,Rv2739c
0.26666666666666666,cfp6
0.27472527472527475,fecB
0.2716049382716049,rsbW-usfY
0.28169014084507044,Rv3762c-lpqH
0.2318840579710145,Rv0194-Rv0195
0.3055555555555556,vapB1
0.3125,Rv0181c
0.3142857142857143,Rv0219
0.2535211267605634,Rv0274
0.2318840579710145,Rv0497
0.273972602739726,Rv0566c
0.3230769230769231,Rv0580c-vapB26
0.2923076923076923,Rv0607-vapB28
0.2413793103448276,Rv0779c
0.2535211267605634,Rv0943c
0.38235294117647056,fadH
0.2054794520547945,Rv1272c
0.2702702702702703,vapB10-nlhH
0.26436781609195403,gcvB
0.26666666666666666,Rv1987
0.22413793103448276,Rv2360c
0.22727272727272727,Rv2797c
0.25301204819277107,cyp136
0.32894736842105265,Rv3169-aofH
0.2702702702702703,Rv3675
0.25,lpqQ
0.30303030303030304,Rv0945
0.22413793103448276,Rv1748
0.3548387096774194,Rv1913
0.29508196721311475,Rv0034
0.30666666666666664,Rv0089-Rv0090
0.273972602739726,pntB
0.27631578947368424,Rv0813c-sseC2
0.208955223880597,Rv0883c-serC
0.2641509433962264,mmpL13b-Rv1147
0.3253012048192771,irtB
0.25396825396825395,Rv1510-gmdA
0.32,Rv1645c-PE17
0.2647058823529412,MTS1338
0.2236842105263158,PPE27-PE19
0.2830188679245283,Rv1947-Rv1948c
0.23076923076923078,asnB
0.26865671641791045,Rv2515c
0.25757575757575757,whiB1-Rv3220c
0.23809523809523808,lipE
0.2153846153846154,accD4
0.2571428571428571,nirD
0.2702702702702703,G2
0.2441860465116279,fgd2
0.2564102564102564,Rv0157A
0.2987012987012987,Rv0295c
0.2835820895522388,Rv0316
0.2753623188405797,Rv0430
0.3088235294117647,cmaA2
0.3389830508474576,Rv0546c
0.19736842105263158,recC-echA3
0.28378378378378377,Rv0681
0.3026315789473684,sppA
0.26582278481012656,Rv0787A
0.2923076923076923,Rv0807
0.25333333333333335,Rv0843
0.28735632183908044,prsA
0.25862068965517243,fum
0.3146067415730337,Rv1216c
0.2222222222222222,Rv1456c
0.2857142857142857,Rv1476
0.208955223880597,tesB1
0.21428571428571427,PPE24-Rv1754c
0.3188405797101449,hrcA-Rv2375
0.3283582089552239,che1
0.21428571428571427,vapB41
0.2222222222222222,gpdA2
0.18032786885245902,Rv3071-Rv3072c
0.2597402597402597,Rv3074
0.2833333333333333,cyp141-Rv3122
0.32051282051282054,Rv3188
0.3076923076923077,Rv3191c-metU
0.24390243902439024,sdhB
0.26229508196721313,Rv3415c
0.26666666666666666,Rv3510c-PE_PGRS55
0.273972602739726,lpqH
0.2903225806451613,hisC2
0.2608695652173913,pks2-fadD23
0.29411764705882354,Rv2767c-PPE43
0.28378378378378377,bkdB
0.19402985074626866,Rv3173c
0.273972602739726,Rv3528c
0.20833333333333334,Rv3549c
0.2318840579710145,Rv2014-Rv2015c
0.21333333333333335,narK3
0.2638888888888889,mmpS5
0.3611111111111111,rsfA-Rv1366
0.2676056338028169,Rv1725c
0.2786885245901639,Rv2473
0.24193548387096775,Rv0236A
0.21794871794871795,Rv0299-vapB2
0.35135135135135137,Rv0385-Rv0386
0.26506024096385544,B55-Rv0610c
0.2077922077922078,Rv0678
0.28169014084507044,Rv0810c-Rv0811c
0.3,Rv0825c-Rv0826
0.3076923076923077,Rv0955-purN
0.25806451612903225,esxJ
0.25316455696202533,cbs
0.2916666666666667,Rv1126c
0.26865671641791045,glgA
0.2375,tatB-Rv1225c
0.1917808219178082,mcr3-rrs
0.19753086419753085,Rv1353c
0.22988505747126436,Rv1367c
0.2222222222222222,Rv1533
0.29411764705882354,vapB11
0.2753623188405797,modC
0.352112676056338,Rv1941-mazF5
0.23809523809523808,vapC36
0.31746031746031744,Rv2040c
0.2571428571428571,Rv2141c
0.3055555555555556,Rv2146c
0.22388059701492538,Rv2172c-idsA2
0.2602739726027397,ptpA
0.29333333333333333,Rv2413c
0.2823529411764706,Rv2420c
0.3013698630136986,Rv2481c
0.2777777777777778,scoA
0.2857142857142857,Rv2551c
0.30985915492957744,Rv2636
0.21333333333333335,Rv2681
0.27586206896551724,Rv2707
0.27941176470588236,Rv2802c
0.3253012048192771,dxr-vapB43
0.2777777777777778,lppX
0.3108108108108108,lpqA-esxQ
0.3,smpB
0.3220338983050847,PPE52-nuoA
0.3188405797101449,Rv3177
0.11764705882352941,Rv3243c-lpqB
0.24175824175824176,cut3
0.22727272727272727,Rv3486
0.2625,mpr17
0.26865671641791045,Rv3672c
0.29850746268656714,dnaQ-Rv3712
0.3235294117647059,Rv3749c
0.3055555555555556,psd
0.27419354838709675,cysG-cobB
0.30985915492957744,ppdK-Rv1128c
0.2222222222222222,Rv2019
0.328125,mtn
0.24242424242424243,fadE2-pntAa
0.2054794520547945,Rv0401-mmpL1
0.24390243902439024,Rv0495c
0.2716049382716049,hadA
0.27941176470588236,phoY2-Rv0822c
0.23376623376623376,fprB
0.2537313432835821,purH-Rv0958
0.21794871794871795,Rv1006
0.23255813953488372,Rv1051c-mpr5
0.29411764705882354,desA2-phoH2
0.19540229885057472,Rv1192
0.24615384615384617,gpgS
0.22666666666666666,Rv1481
0.2631578947368421,cydA
0.30158730158730157,scpB
0.3220338983050847,vapC13
0.2054794520547945,blaR
0.28,Rv1914c
0.23529411764705882,yrbE3A
0.26666666666666666,mpt64
0.1891891891891892,pup
0.28169014084507044,Rv2135c
0.323943661971831,leuU-parE2
0.2972972972972973,Rv2184c-TB16.3
0.26865671641791045,glnA2-Rv2223c
0.3253012048192771,mbtC
0.30864197530864196,speE
0.32098765432098764,hrp1
0.3384615384615385,Rv2809
0.22535211267605634,Rv3208
0.21333333333333335,Rv3329
0.2753623188405797,Rv3329-dacB1
0.22077922077922077,Rv3371-otsB2
0.1917808219178082,Rv3688c
0.20967741935483872,tgs2-Rv3735
0.25675675675675674,Rv3770B-Rv3771c
0.2,Rv3815c
0.2222222222222222,Rv3829c-Rv3830c
0.25882352941176473,Rv0514
0.25,ccdA
0.32142857142857145,Rv1510
0.27419354838709675,Rv2983
0.25,lprO-Rv0180c
0.20967741935483872,Rv0397-Rv0397A
0.21666666666666667,vapB29
0.3125,vapC7
0.28,fadA3-Rv1075c
0.18421052631578946,Rv1204c-Rv1205
0.21666666666666667,Rv1432
0.3246753246753247,tpi
0.17142857142857143,Rv1974
0.25675675675675674,cysQ
0.29508196721311475,esxQ
0.25333333333333335,tmk
0.1875,rplQ
0.3058823529411765,dppC
0.2833333333333333,Rv3843c-MTS2975
0.3333333333333333,tkt-PE_PGRS27
0.2833333333333333,purA-Rv0358
0.22972972972972974,Rv1922
0.29577464788732394,vapC14
0.2361111111111111,Rv2267c
0.2261904761904762,Rv3218-whiB1
0.18840579710144928,Rv1861-adhA
0.25,Rv2751
0.2727272727272727,Rv0966c-csoR
0.22058823529411764,Rv1706A
0.33783783783783783,Rv1906c
0.3253012048192771,Rv1929c-Rv1930c
0.17073170731707318,pepB
0.2564102564102564,glpD1
0.22535211267605634,gabT-fadD9
0.2692307692307692,Rv2675c
0.25609756097560976,accD5
0.2878787878787879,Rv3333c
0.3230769230769231,Rv3440c
0.26506024096385544,Rv3485c-Rv3486
0.2638888888888889,espG2
0.22666666666666666,Rv2975c
0.2878787878787879,fadE2
0.3283582089552239,Rv0434-Rv0435c
0.23684210526315788,trcR-Rv1034c
0.22666666666666666,Rv1742
0.2857142857142857,lppR
0.2727272727272727,rpsP
0.352112676056338,Rv3814c
0.25,PPE28-PPE29
0.21818181818181817,Rv0516c
0.2608695652173913,vapB10
0.2916666666666667,Rv2795c
0.2328767123287671,Rv2803-Rv2804c
0.2361111111111111,fadE6
0.2345679012345679,Rv0308
0.2786885245901639,pth
0.2222222222222222,Rv1635c
0.25,Rv2034
0.2289156626506024,Rv2520c
0.2716049382716049,Rv3312c
0.29850746268656714,Rv3768
0.2545454545454545,ppiA
0.26865671641791045,Rv0361
0.2361111111111111,menC
0.3246753246753247,rplE
0.21052631578947367,kmtR
0.19672131147540983,Rv1057
0.30864197530864196,glbN
0.2361111111111111,alaS
0.2898550724637681,ugpE
0.2972972972972973,infA-Rv3463
0.4027777777777778,fadD18
0.24285714285714285,PPE62-hsaF
0.2602739726027397,Rv3740c
0.29577464788732394,fucA
0.27710843373493976,Rv1003
0.288135593220339,pgsA3
0.24675324675324675,rplM-esxT
0.24050632911392406,ribA2
0.2875,Rv1628c
0.24675324675324675,tlyA
0.3220338983050847,panB
0.21333333333333335,rpiB-Rv2466c
0.2926829268292683,aftC
0.25555555555555554,infB
0.2777777777777778,pfkA
0.2948717948717949,Rv3055
0.26865671641791045,Rv3856c
0.25,Rv2061c-cobN
0.2625,Rv1516c
0.22666666666666666,Rv1990A
0.21052631578947367,Rv2738c
0.23684210526315788,Rv0689c
0.17333333333333334,glnE
0.18461538461538463,fadD10
0.3,metB-greA
0.2727272727272727,sugC-corA
0.2571428571428571,Rv0133-ephF
0.2054794520547945,Rv1546
0.34375,hisD
0.3157894736842105,Rv1693
0.3380281690140845,Rv1726
0.24324324324324326,Rv0196
0.2631578947368421,kasB
0.24358974358974358,cysA1
0.21666666666666667,Rv2731
0.2698412698412698,Rv2762c
0.3026315789473684,viuB
0.2916666666666667,rhlE
0.26595744680851063,Rv0326
0.28846153846153844,glpQ1
0.3,Rv0523c
0.2833333333333333,serC
0.23076923076923078,aroF
0.3333333333333333,rplK
0.22077922077922077,Rv1056
0.24050632911392406,Rv2541-Rv2542
0.323943661971831,Rv3035
0.2835820895522388,Rv1376
0.26582278481012656,zwf2
0.2777777777777778,Rv1488
0.24561403508771928,modB
0.35802469135802467,lppL-pyrD
0.2876712328767123,ftsW
0.23376623376623376,esxG
0.15254237288135594,Rv3197-whiB7
0.2153846153846154,Rv3212-Rv3213c
0.21311475409836064,guaB3
0.2753623188405797,galE1
0.20270270270270271,pip-Rv0841
0.3611111111111111,Rv2323c
0.2857142857142857,Rv3142c
0.2976190476190476,hycD
0.24193548387096775,gca
0.22857142857142856,Rv0805
0.19540229885057472,Rv1118c
0.2753623188405797,Rv2300c
0.25,cadI
0.2647058823529412,Rv3163c
0.3333333333333333,Rv3657c
0.30434782608695654,pncB1-Rv1331
0.25806451612903225,Rv0142
0.21794871794871795,Rv2134c
0.2127659574468085,mcr7
0.29333333333333333,Rv2665
0.3108108108108108,echA15-Rv2680
0.26506024096385544,dfrA
0.2564102564102564,ddlA
0.22058823529411764,alkB
0.29347826086956524,Rv3263-manB
0.2571428571428571,fbpD-fbpA
0.2753623188405797,Rv1805c
0.2727272727272727,PE_PGRS4-PPE3
0.21621621621621623,hemB
0.16304347826086957,Rv1735c-narX
0.24096385542168675,Rv1772-Rv1773c
0.23376623376623376,Rv2432c
0.323943661971831,Rv0530A
0.2911392405063291,Rv2811
0.27941176470588236,Rv0976c-PE_PGRS16
0.36231884057971014,Rv1312
0.273972602739726,Rv1421
0.2714285714285714,Rv2282c
0.29850746268656714,ggtB-Rv2395
0.23529411764705882,rpiB
0.25882352941176473,Rv2525c
0.1780821917808219,Rv2737A
0.23170731707317074,mmr
0.24193548387096775,Rv3120
0.2222222222222222,accA3
0.22033898305084745,Rv3626c
0.2463768115942029,mtc28
0.21212121212121213,Rv1414
0.24050632911392406,Rv2898c
0.234375,pepA
0.29411764705882354,metS-tatD
0.23376623376623376,Rv1465
0.25,Rv1498c-Rv1498A
0.3,katG-furA
0.2542372881355932,Rv2125
0.26865671641791045,fadE19
0.21052631578947367,Rv2944-lppX
0.2597402597402597,sugC
0.25882352941176473,Rv1147
0.2692307692307692,cobH
0.31746031746031744,dnaZX
0.3,murB-lprQ
0.28205128205128205,Rv1139c-Rv1140
0.273972602739726,rslA-Rv0737
0.25925925925925924,Rv1176c-fdxC
0.189873417721519,mihF
0.2857142857142857,lipL-Rv1498c
0.30303030303030304,ilvA
0.23376623376623376,argG
0.3142857142857143,Rv1830
0.36619718309859156,Rv1867
0.3283582089552239,mpa
0.19047619047619047,Rv2169c
0.2857142857142857,truB
0.31343283582089554,fpg
0.23809523809523808,Rv3207c-Rv3208
0.25396825396825395,sigJ
0.3424657534246575,vapB46-Rv3386
0.208955223880597,PE32-lpqG
0.18333333333333332,Rv1227c
0.2318840579710145,Rv2472
0.2711864406779661,pknF
0.3013698630136986,Rv2240c-aceE
0.20634920634920634,Rv2636-dedA
0.2716049382716049,Rv3705A
0.2535211267605634,pks16
0.21621621621621623,Rv1277
0.21875,treS
0.29850746268656714,Rv1856c
0.22807017543859648,Rv0203
0.3150684931506849,Rv2250c
0.33962264150943394,Rv2304c
0.3387096774193548,Rv2336
0.22058823529411764,Rv2345-esxO
0.23636363636363636,Rv2423
0.2682926829268293,pimA
0.2318840579710145,Rv2806-Rv2807
0.23214285714285715,proS
0.18072289156626506,Rv3437
0.203125,Rv3752c
0.24193548387096775,rpmC
0.28169014084507044,Rv0738-Rv0739
0.25287356321839083,Rv3906c
0.25,Rv0011c
0.30120481927710846,Rv0539
0.36764705882352944,vapC3
0.1875,mazE2
0.18421052631578946,Rv1487
0.3230769230769231,Rv2512c-Rv2513
0.4,Rv2581c-ppiB
0.3037974683544304,Rv2662-Rv2663
0.3108108108108108,mazF9
0.26153846153846155,glnA4
0.12962962962962962,Rv3233c
0.2,gcp
0.234375,lprN
0.3617021276595745,Rv3517
0.25609756097560976,Rv3683-Rv3684
0.2840909090909091,Rv2721c-Rv2722
0.3466666666666667,Rv2766c
0.22388059701492538,Rv0401
0.24390243902439024,Rv0421c
0.34146341463414637,Rv0787-Rv0787A
0.29508196721311475,Rv1954A-higB
0.275,pks16-pth
0.2459016393442623,Rv1598c-hisD
0.18823529411764706,Rv1813c
0.2602739726027397,yajC
0.2753623188405797,ribD
0.32786885245901637,Rv3195
0.2876712328767123,Rv1588c-bioB
0.3424657534246575,qor
0.2835820895522388,apa
0.2987012987012987,Rv2912c
0.28125,ffh
0.23880597014925373,vapB7
0.2898550724637681,lpqS
0.3194444444444444,Rv0135c
0.2318840579710145,ansP2-Rv0347
0.32857142857142857,purC
0.203125,emrB-Rv0784
0.2625,Rv1104
0.26865671641791045,Rv1154c
0.4098360655737705,Rv1417
0.32,Rv1773c
0.2571428571428571,Rv1776c
0.25333333333333335,metH-Rv2125
0.2911392405063291,Rv2175c
0.3333333333333333,Rv2619c
0.27710843373493976,mce4A
0.30158730158730157,cobQ2
0.2753623188405797,espH
0.25,pknH-embR
0.2125,Rv0007
0.21212121212121213,glgC
0.2,Rv2254c
0.3770491803278688,dgt
0.2702702702702703,Rv2405
0.1780821917808219,Rv2557
0.3380281690140845,Rv2700
0.2153846153846154,vapB31
0.2894736842105263,Rv0799c
0.20253164556962025,leuT-Rv0021c
0.25,Rv0406c-fgd1
0.25,narL-Rv0845
0.25882352941176473,rpfA-moaD2
0.18309859154929578,mmpS3
0.3287671232876712,vapB20
0.28378378378378377,Rv3114
0.2571428571428571,Rv3520c-Rv3521
0.2753623188405797,Rv1157c
0.27941176470588236,tagA-Rv1211
0.3132530120481928,Rv1254
0.18666666666666668,Rv1382
0.29411764705882354,Rv1535-ileS
0.273972602739726,Rv2102
0.2777777777777778,aroE
0.23943661971830985,eccE3
0.3380281690140845,PE14-Rv1215c
0.25609756097560976,coaE
0.21621621621621623,lpqN
0.24358974358974358,lpqT
0.29850746268656714,lprA
0.2878787878787879,Rv1593c
0.24675324675324675,trpC
0.2835820895522388,Rv2026c
0.26666666666666666,Rv2054
0.1643835616438356,aceE
0.25316455696202533,Rv3727-Rv3728
0.2716049382716049,ctpJ-nmtR
0.32941176470588235,iunH-Rv3394c
0.17647058823529413,lysA
0.27692307692307694,acn
0.30985915492957744,ureG
0.2962962962962963,Rv2474c
0.2987012987012987,Rv3631
0.25862068965517243,fhaB-fhaA
0.3023255813953488,fadE1-fgd2
0.3026315789473684,vapC2
0.21621621621621623,pstB
0.25806451612903225,aglA-Rv2472
0.2033898305084746,Rv3604c
0.32051282051282054,ctpD-trxA
0.27941176470588236,hemZ
0.2736842105263158,ureF
0.2753623188405797,cfp21
0.29333333333333333,Rv3349c-PPE56
0.2631578947368421,hsaF
0.2318840579710145,Rv3748
0.25,Rv0381c
0.21052631578947367,senX3
0.19402985074626866,Rv0513
0.3181818181818182,menA
0.2361111111111111,Rv1961-vapC35
0.43373493975903615,fxsA
0.2602739726027397,Rv2219A
0.2537313432835821,Rv2816c
0.44,whiB2-fbiA
0.2857142857142857,rne
0.22388059701492538,Rv0841
0.21875,Rv0880
0.32894736842105265,bcpB
0.32,Rv2640c
0.24285714285714285,Rv3629c
0.26785714285714285,vapB16
0.22950819672131148,Rv1036c-esxI
0.2112676056338028,Rv0110-Rv0111
0.25757575757575757,lpqO-Rv0605
0.2222222222222222,Rv1151c-Rv1152
0.2714285714285714,Rv3438
0.2,mycP5
0.2839506172839506,Rv1671
0.2602739726027397,Rv1100
0.17391304347826086,Rv1167c
0.2602739726027397,Rv1373
0.21794871794871795,Rv3575c-lppH
0.2631578947368421,thrU-Rv3644c
0.24358974358974358,Rv0610c-Rv0611c
0.2857142857142857,Rv0681-rpsL
0.2692307692307692,Rv0771
0.2153846153846154,ompA
0.2702702702702703,cysQ-Rv2132
0.32098765432098764,Rv1265
0.3698630136986301,PPE34-PPE35
0.27692307692307694,purN
0.2289156626506024,Rv1024
0.26865671641791045,cyp130
0.2535211267605634,Rv1685c
0.25333333333333335,arsC
0.2692307692307692,Rv3863
0.2987012987012987,ackA
0.26582278481012656,sodC
0.2361111111111111,Rv0603
0.2987012987012987,echA5
0.1509433962264151,Rv1734c-Rv1735c
0.33766233766233766,Rv0968-ctpV
0.2647058823529412,echA9-Rv1072
0.3389830508474576,Rv1303
0.25,Rv1457c
0.25,PPE22-PPE23
0.3563218390804598,AS1890
0.3283582089552239,mazE7
0.32,wag31-Rv2146c
0.3614457831325301,glnA4-mapB
0.19753086419753085,ppk1
0.35,Rv3413c
0.1774193548387097,moxR2-Rv3693
0.26436781609195403,Rv1261c
0.21794871794871795,fadD12
0.25,Rv1954c
0.18181818181818182,Rv2742c
0.2894736842105263,Rv0375c
0.328125,fadD16
0.36046511627906974,lprM
0.32926829268292684,Rv2324-Rv2325c
0.2692307692307692,Rv0023
0.32432432432432434,htdZ
0.25,Rv0385
0.2535211267605634,thiE
0.171875,gltA2
0.2682926829268293,ephC
0.24242424242424243,Rv1592c-Rv1593c
0.2625,Rv1776c-cyp144
0.36363636363636365,tatC
0.25,Rv2119
0.2753623188405797,proA
0.2625,dapF
0.30666666666666664,vapB23
0.27419354838709675,amiD-Rv3376
0.13043478260869565,glf-pirG
0.21052631578947367,papA2-Rv3821
0.36065573770491804,nudC-Rv3200c
0.2857142857142857,Rv0837c
0.21666666666666667,gyrA-Rv0007
0.32894736842105265,fba
0.2465753424657534,Rv0380c-Rv0381c
0.14285714285714285,sigK
0.30666666666666664,Rv0970
0.27631578947368424,pyrC
0.2465753424657534,hisI-chaA
0.23880597014925373,Rv1673c
0.2,Rv1747-Rv1748
0.19718309859154928,Rv2005c-otsB1
0.208955223880597,Rv2219
0.2878787878787879,PE_PGRS40-Rv2372c
0.19047619047619047,Rv3235
0.2987012987012987,whiB2
0.3484848484848485,Rv3668c
0.2698412698412698,gshA-Rv3705c
0.3382352941176471,Rv3831
0.32432432432432434,Rv2166c-Rv2167c
0.3026315789473684,Rv2879c
0.21428571428571427,Rv1271c
0.27710843373493976,dinF
0.25,valS
0.28125,Rv3050c-nrdE
0.25675675675675674,adhD
0.2676056338028169,sdhA
0.25,glnB
0.1951219512195122,Rv3064c-mmr
0.2716049382716049,Rv3224A
0.27941176470588236,Rv0146-Rv0147
0.3230769230769231,rpsQ
0.24285714285714285,Rv0760c
0.26582278481012656,rplY-lpqT
0.23076923076923078,fadD21-Rv1186c
0.2535211267605634,Rv1260-Rv1261c
0.2361111111111111,Rv2160c-Rv2161c
0.28169014084507044,cysW
0.24,fabG3
0.28735632183908044,Rv0225
0.22535211267605634,Rv0472c-Rv0473
0.2054794520547945,lipT
0.2631578947368421,Rv2271
0.2537313432835821,Rv2469c-glbO
0.29411764705882354,Rv3435c
0.2676056338028169,tatB
0.2608695652173913,Rv1571-Rv1572c
0.2631578947368421,nat
0.25333333333333335,fas-Rv2525c
0.2535211267605634,icl1
0.27380952380952384,Rv0730
0.31746031746031744,Rv1188
0.22058823529411764,Rv1290A-Rv1291c
0.25925925925925924,glyS
0.1791044776119403,ldtB
0.23880597014925373,espR
0.3068181818181818,Rv1405c-fmt
0.2682926829268293,Rv1540
0.34146341463414637,hemE
0.31343283582089554,Rv3209
0.3142857142857143,sucD-Rv0953c
0.3,Rv2015c-Rv2016
0.3230769230769231,Rv2177c-aroG
0.24324324324324326,Rv1702c-Rv1703c
0.33766233766233766,Rv1714
0.2702702702702703,erm(37)
0.3181818181818182,cobO
0.25,PPE58-Rv3427c
0.2987012987012987,Rv3632-Rv3633
0.2361111111111111,Rv2075c
0.3246753246753247,Rv1735c
0.14666666666666667,Rv1268c
0.2976190476190476,Rv0328
0.15492957746478872,Rv0650-rplJ
0.19480519480519481,vapC8
0.24615384615384617,Rv0128-fbpC
0.25,hsp
0.27692307692307694,Rv1508A
0.26506024096385544,PE4-Rv0161
0.2463768115942029,PE_PGRS8-Rv0743c
0.32727272727272727,Rv0813c
0.3181818181818182,Rv0841-Rv0842
0.23728813559322035,rfe
0.16417910447761194,Rv1474c
0.3,pheT-PE_PGRS30
0.22666666666666666,Rv1887-Rv1888c
0.2,Rv2239c-Rv2240c
0.21666666666666667,Rv2242
0.2112676056338028,Rv2390c
0.2112676056338028,Rv2576c-Rv2577
0.18055555555555555,thyX
0.4126984126984127,Rv2843
0.33766233766233766,Rv3162c
0.2807017543859649,deoA
0.27058823529411763,Rv3529c
0.2463768115942029,Rv3579c
0.25925925925925924,Rv3605c
0.391304347826087,Rv3720
0.3103448275862069,Rv1947
0.2037037037037037,lipA
0.3424657534246575,Rv2237A
0.24285714285714285,Rv3312A
0.2441860465116279,Rv1951c
0.2857142857142857,esxD-PPE69
0.4067796610169492,Rv0078B-Rv0079
0.30303030303030304,Rv0148
0.2602739726027397,Rv1616
0.21621621621621623,Rv1813c-erg3
0.3116883116883117,Rv1830-Rv1831
0.2876712328767123,truA-rplQ
0.31645569620253167,Rv2235
0.25,lpqS-cysK2
0.27631578947368424,Rv0106
0.2804878048780488,Rv0227c-Rv0228
0.296875,Rv0420c
0.3287671232876712,Rv0881
0.25,Rv1004c-pabB
0.2564102564102564,Rv2765-Rv2766c
0.2625,pyrH
0.2698412698412698,Rv3253c
0.23684210526315788,hpt
0.25,whiA
0.2261904761904762,Rv1466-fadE15
0.3373493975903614,argD
0.2876712328767123,ilvE
0.30434782608695654,lpqE
0.23333333333333334,metZ
0.17647058823529413,rplO-sppA
0.22972972972972974,Rv1499
0.203125,Rv0323c
0.32,echA8-echA9
0.3,mbtL
0.25,Rv1973-Rv1974
0.29850746268656714,Rv1989c
0.23880597014925373,Rv2313c
0.2702702702702703,Rv2325c
0.24324324324324326,pepN
0.22950819672131148,Rv2639c
0.2647058823529412,dapB
0.24691358024691357,Rv2824c-Rv2825c
0.18666666666666668,lepB
0.22580645161290322,nuoK
0.22784810126582278,Rv3400
0.35064935064935066,choD-guaB3
0.1206896551724138,espD
0.208955223880597,Rv3629c-Rv3630
0.3188405797101449,fadE36-Rv3762c
0.2638888888888889,argG-argH
0.27692307692307694,moeW
0.2647058823529412,Rv3683
0.275,pqqE
0.2535211267605634,Rv3647c-cspA
0.30158730158730157,echA9
0.2261904761904762,phoH2
0.2,TB16.3
0.3488372093023256,caeA
0.3108108108108108,iscS
0.2923076923076923,Rv3292
0.2375,Rv3481c
0.2875,Rv2370c-PE_PGRS40
0.18571428571428572,Rv1977-Rv1978
0.34210526315789475,Rv0048c-Rv0049
0.23684210526315788,Rv2081c-Rv2082
0.36507936507936506,Rv2695
0.2463768115942029,PPE3-Rv0281
0.25882352941176473,mmaA2-mmaA1
0.30434782608695654,lprJ
0.2926829268292683,PPE23-Rv1706A
0.2222222222222222,Rv2033c-Rv2034
0.38571428571428573,Rv2282c-Rv2283
0.3048780487804878,recO
0.175,cysT
0.2714285714285714,argW-echA14
0.26506024096385544,Rv3058c
0.2830188679245283,Rv3217c
0.2112676056338028,oppC
0.2727272727272727,gatB
0.25,Rv0303
0.38181818181818183,mmsB
0.21333333333333335,rpmF
0.28,blaC
0.3181818181818182,Rv0180c-Rv0181c
0.390625,Rv2927c-tesA
0.3157894736842105,Rv0310c
0.2702702702702703,Rv0898c
0.40298507462686567,Rv1085c
0.296875,dapE
0.25333333333333335,Rv1276c-Rv1277
0.2714285714285714,efp
0.30666666666666664,Rv3123
0.2236842105263158,lpqD
0.30434782608695654,PPE57-PPE58
0.20833333333333334,eccB5
0.3142857142857143,Rv1919c
0.24050632911392406,Rv0203-Rv0204c
0.28,Rv3335c
0.359375,Rv0696
0.2153846153846154,rpsH
0.2571428571428571,Rv0454
0.2727272727272727,Rv0998
0.2125,cobG-cobH
0.2222222222222222,Rv3166c
0.2857142857142857,Rv2844
0.19718309859154928,Rv2842c
0.3333333333333333,Rv2887
0.25842696629213485,Rv3222c
0.25,Rv3352c
0.29508196721311475,ilvC
0.22857142857142856,echA2-mazF1
0.2318840579710145,mmpL13a
0.23529411764705882,TB8.4
0.26136363636363635,Rv1780
0.30303030303030304,Rv2269c
0.2876712328767123,sirA
0.2191780821917808,ldtB-lysU
0.25,Rv2804c
0.1917808219178082,fic
0.3194444444444444,thrA
0.3670886075949367,Rv2283
0.3561643835616438,Rv3049c
0.35802469135802467,Rv0574c-Rv0575c
0.23809523809523808,cut1-wag22
0.29411764705882354,Rv0544c
0.2413793103448276,citA-Rv0890c
0.24050632911392406,gltA2-Rv0897c
0.2222222222222222,Rv1833c-lipZ
0.328125,Rv0997
0.25,Rv2554c
0.32954545454545453,Rv3780
0.1780821917808219,rpmI-rplT
0.275,Rv2159c
0.275,Rv3342
0.23880597014925373,Rv0590A
0.21875,xseB
0.29577464788732394,hab
0.3013698630136986,Rv3095
0.2682926829268293,Rv1939
0.30120481927710846,Rv3717
0.26666666666666666,rnpA
0.3561643835616438,Rv0049-ponA1
0.27848101265822783,Rv1324-PE_PGRS24
0.19736842105263158,Rv2573
0.3283582089552239,Rv0767c-aldA
0.25675675675675674,Rv0953c-Rv0954
0.28378378378378377,Rv1083
0.27631578947368424,rrs-rrl
0.15942028985507245,Rv1473-Rv1473A
0.3548387096774194,Rv2456c-clpX
0.24675324675324675,Rv3527-Rv3528c
0.2413793103448276,Rv3851-hns
0.2638888888888889,Rv1831
0.3442622950819672,rpmG2
0.2375,Rv0135c-cyp138
0.22784810126582278,glbN-Rv1543
0.25,Rv1669
0.22058823529411764,cobD
0.20270270270270271,Rv2265-cyp124
0.30666666666666664,Rv3368c
0.2328767123287671,Rv1692
0.2,Rv3753c-tyrA
0.3333333333333333,Rv0538
0.2807017543859649,Rv0738
0.21794871794871795,aceAb-PPE34
0.2631578947368421,deoD
0.2682926829268293,cpsA
0.26666666666666666,glnA3
0.2236842105263158,nuoE
0.29310344827586204,Rv0039c
0.23529411764705882,Rv1638A
0.24324324324324326,Rv2851c-mqo
0.3548387096774194,Rv2958c-Rv2959c
0.2753623188405797,Rv3354
0.2823529411764706,panD
0.2682926829268293,Rv1632c
0.17391304347826086,cysK1
0.24615384615384617,Rv3235-Rv3236c
0.22093023255813954,Rv2824c
0.21739130434782608,ask-leuA
0.25,rplU-dctA
0.2903225806451613,Rv3679
0.3333333333333333,Rv2805
0.23529411764705882,rskA-sigK
0.3,gpdA1-Rv0565c
0.26666666666666666,PPE12-Rv0755A
0.2564102564102564,Rv0965c
0.3472222222222222,gpgS-Rv1209
0.25,Rv1341
0.2972972972972973,pyrF-PE15
0.23728813559322035,Rv1424c-Rv1425
0.2716049382716049,trpC-trpB
0.2375,Rv1906c-Rv1907c
0.1774193548387097,Rv1930c
0.25,Rv2706c
0.2602739726027397,ASdes-Rv0825c
0.38028169014084506,Rv2705c
0.288135593220339,Rv0383c
0.2153846153846154,Rv2292c
0.26136363636363635,Rv2410c
0.2857142857142857,rbfA
0.32098765432098764,fbiA
0.25842696629213485,Rv1052
0.3157894736842105,cbs-pra
0.275,murX
0.1643835616438356,Rv2293c-Rv2294
0.24285714285714285,Rv2569c
0.2857142857142857,Rv1670
0.2222222222222222,mrr-Rv2529
0.2571428571428571,Rv0008c
0.2875,pheS
0.2222222222222222,yrbE4A
0.4444444444444444,nrdI
0.21875,cspB
0.2608695652173913,Rv1065
0.2714285714285714,Rv1424c
0.35294117647058826,glgE-glgP
0.28169014084507044,Rv2734
0.18518518518518517,trmD
0.23333333333333334,PE_PGRS41-cysA1
0.28378378378378377,Rv0201c
0.20689655172413793,Rv2306B
0.23376623376623376,gluT-aspT
0.23880597014925373,greA-Rv1081c
0.19047619047619047,polA-rpsA
0.3191489361702128,Rv2694c
0.15873015873015872,Rv3070
0.1111111111111111,Rv3613c
0.26136363636363635,fgd2-Rv0133
0.3939393939393939,Rv0521-gabP
0.32894736842105265,Rv2136c
0.3048780487804878,cyp135B1-Rv0569
0.2,echA18.1
0.19540229885057472,mce1R-fadD5
0.21686746987951808,glpQ2
0.2857142857142857,rpsS
0.23880597014925373,Rv0926c
0.2077922077922078,Rv1351-Rv1352
0.2682926829268293,Rv2375
0.2077922077922078,vapC21
0.24390243902439024,ctaD-fecB
0.2318840579710145,lppI
0.3235294117647059,Rv0200
0.25,Rv2327
0.26229508196721313,ssb
0.30666666666666664,Rv0110
0.21428571428571427,Rv0145-Rv0146
0.27710843373493976,phoY2
0.26229508196721313,Rv1903
0.28378378378378377,Rv2226-rnpB
0.25,mobA
0.2717391304347826,Rv2558
0.30303030303030304,fadD17
0.20588235294117646,esxE
0.30985915492957744,Rv1893
0.352112676056338,Rv0792c-Rv0793
0.21794871794871795,sigE
0.26153846153846155,murA
0.2602739726027397,pepR
0.24096385542168675,mutT1
0.21666666666666667,nagA-Rv3333c
0.25862068965517243,fabD
0.35,echA20
0.2647058823529412,gpm1
0.22535211267605634,Rv0744c
0.22077922077922077,grcC1-htpX
0.2625,Rv1897c
0.25757575757575757,pknE-Rv1744c
0.32558139534883723,nuoB
0.3235294117647059,Rv0464c
0.2840909090909091,Rv1498A
0.2459016393442623,lprG
0.31868131868131866,Rv0948c-uvrD1
0.2,lpqX-mrp
0.31958762886597936,Rv1367c-lprF
0.29411764705882354,inhA
0.2597402597402597,helZ-Rv2102
0.21739130434782608,Rv2672-aftC
0.2823529411764706,ephG-PE_PGRS47
0.1791044776119403,Rv2776c-Rv2777c
0.2571428571428571,ftsY
0.22950819672131148,Rv1581c-Rv1582c
0.24242424242424243,ctaC
0.2222222222222222,Rv3311
0.2535211267605634,Rv0463
0.30120481927710846,Rv0078
0.17142857142857143,Rv0122
0.25,fadD5-yrbE1A
0.23684210526315788,lpqI-Rv0238
0.2112676056338028,Rv0250c
0.2808988764044944,Rv0265c
0.3076923076923077,Rv0455c
0.20930232558139536,gpm1-senX3
0.2236842105263158,vapB27
0.1891891891891892,Rv0658c-mazF2
0.32142857142857145,Rv0875c
0.30864197530864196,Rv0970-echA7
0.2564102564102564,Rv1155-Rv1156
0.3246753246753247,mcr10
0.17333333333333334,ribC
0.2,trxB1
0.3492063492063492,cydB
0.2727272727272727,Rv1632c-uvrB
0.2804878048780488,pfkB-Rv2030c
0.2077922077922078,Rv2348c-plcC
0.23529411764705882,rpfE-Rv2451
0.34328358208955223,dxr
0.3188405797101449,Rv3031
0.26436781609195403,hpx
0.29411764705882354,sdhD-sdhA
0.3698630136986301,Rv3403c-Rv3404c
0.2894736842105263,ddn
0.3064516129032258,rfbD
0.24,serS
0.24193548387096775,ethA-ethR
0.2564102564102564,lprC
0.2236842105263158,Rv3267
0.27058823529411763,mazF5
0.20689655172413793,mazE1
0.24096385542168675,gcvH-garA
0.3108108108108108,rne-ndkA
0.3103448275862069,Rv0500A
0.3026315789473684,Rv0607
0.3146067415730337,lpqR-Rv0839
0.3026315789473684,Rv3395A
0.2,pnp
0.273972602739726,nrp-Rv0102
0.2926829268292683,Rv1626
0.25,Rv2076c
0.35294117647058826,vapC25
0.25,Rv0822c-Rv0823c
0.273972602739726,murI
0.2631578947368421,aroG-Rv2179c
0.30666666666666664,Rv2024c-Rv2025c
0.37681159420289856,Rv3517-cyp142
0.2702702702702703,nusG
0.2714285714285714,prrA-accD3
0.19402985074626866,Rv0108c-PE_PGRS1
0.2727272727272727,vapC44
0.33707865168539325,Rv0601c
0.2903225806451613,nrdZ-Rv0571c
0.296875,Rv3732-Rv3733c
0.25,Rv1026
0.24242424242424243,mtc28-leuS
0.2191780821917808,PPE9-purT
0.18181818181818182,rplJ
0.3,Rv1567c
0.23076923076923078,vapB36
0.21052631578947367,Rv2114
0.23728813559322035,gcvT
0.2545454545454545,Rv2475c
0.27710843373493976,bcp
0.2631578947368421,bfrB
0.28378378378378377,G2-lprJ
0.30120481927710846,Rv0367c-Rv0368c
0.35,rplP
0.3055555555555556,tatD
0.2564102564102564,canA
0.21621621621621623,Rv1706A-Rv1707
0.3157894736842105,vapB13-PE_PGRS34
0.24615384615384617,Rv2011c
0.36619718309859156,Rv2118c
0.3114754098360656,Rv3210c-rhlE
0.3026315789473684,Rv3259
0.3492063492063492,mhpE
0.29850746268656714,hsaE-kstD
0.25,espL
0.25,serU
0.2112676056338028,proC-Rv0500A
0.28888888888888886,sucC
0.2631578947368421,desA2
0.2777777777777778,Rv2454c
0.27848101265822783,Rv3896c-Rv3897c
0.2537313432835821,Rv0208c-Rv0209
0.3,Rv3528c-Rv3529c
0.32098765432098764,Rv1324
0.2676056338028169,dnaG
0.2948717948717949,apt
0.2236842105263158,Rv3212
0.3,Rv3137
0.22950819672131148,Rv0580c
0.273972602739726,cobS-Rv2209
0.37681159420289856,sigB-ideR
0.25806451612903225,ald
0.18072289156626506,vapC23
0.2692307692307692,Rv3073c-Rv3074
0.2894736842105263,nanT-Rv1903
0.18421052631578946,vapB6
0.3076923076923077,Rv1116A-Rv1117
0.2571428571428571,ideR
0.2833333333333333,Rv2957
0.26666666666666666,Rv3226c-aroA
0.23376623376623376,cyp121-Rv2277c
0.23529411764705882,aspC
0.24705882352941178,pyrF
0.2923076923076923,Rv2054-rpsR2
0.3950617283950617,pdxH-PPE42
0.27419354838709675,dacB1-sugI
0.3333333333333333,Rv0061c-celA1
0.2361111111111111,galU
0.23076923076923078,prfA
0.25757575757575757,Rv2172c
0.2857142857142857,Rv2310-Rv2311
0.21875,hsdM-vapC21
0.3023255813953488,Rv3134c
0.2916666666666667,moeB1
0.25316455696202533,Rv2189c-Rv2190c
0.32894736842105265,Rv2767c
0.21739130434782608,devR
0.26666666666666666,Rv3216
0.2597402597402597,Rv3483c-cpsA
0.3013698630136986,Rv2165c
0.21686746987951808,vapC16
0.2878787878787879,ppa
0.28169014084507044,Rv2698
0.23880597014925373,Rv2628-Rv2629
0.27848101265822783,Rv0139-Rv0140
0.2608695652173913,mce2R
0.36538461538461536,cysA2
0.203125,Rv1115
0.23880597014925373,cysA3
0.23684210526315788,Rv3120-cyp141
0.3013698630136986,Rv0108c
0.26582278481012656,Rv0330c
0.3275862068965517,Rv0879c
0.2972972972972973,Rv2556c
0.22857142857142856,ephG
0.2361111111111111,espR-Rv3850
0.18181818181818182,Rv1234
0.3333333333333333,oppB-canA
0.3194444444444444,Rv3742c
0.1791044776119403,moaC2
0.22077922077922077,Rv0910
0.2878787878787879,Rv1066
0.22033898305084745,Rv2598
0.21333333333333335,yfiH
0.3181818181818182,Rv0371c
0.2676056338028169,Rv2599-Rv2600
0.20967741935483872,aftC-msrB
0.3225806451612903,Rv0870c-cspB
0.30120481927710846,mprB
0.2835820895522388,Rv1000c-arcA
0.2236842105263158,esxJ-PPE15
0.2777777777777778,irtB-fabG2
0.2463768115942029,lppT-PPE28
0.2923076923076923,dop-Rv2113
0.2318840579710145,Rv2418c
0.3188405797101449,Rv2438A
0.2542372881355932,Rv2484c-lipQ
0.32894736842105265,pmmA
0.25,tcrX
0.2361111111111111,Rv3802c
0.20253164556962025,vapB27-Rv0600c
0.26229508196721313,Rv0263c
0.3026315789473684,hemK
0.32978723404255317,Rv2771c
0.2608695652173913,Rv3066
0.3013698630136986,upp
0.25,Rv0369c
0.23880597014925373,narH
0.18309859154929578,vapB33
0.30666666666666664,Rv2042c
0.2948717948717949,Rv3098c
0.3181818181818182,Rv3644c
0.3076923076923077,Rv3916c
0.3088235294117647,Rv2331A
0.24285714285714285,sdhB-vapC44
0.3333333333333333,Rv3604c-Rv3605c
0.23076923076923078,Rv3819
0.16393442622950818,Rv0612
0.22058823529411764,Rv0688
0.3333333333333333,esxL-Rv1199c
0.2833333333333333,dfp-metK
0.25675675675675674,vapB34
0.3333333333333333,ftsZ
0.3194444444444444,rpfD
0.2054794520547945,rnc
0.21739130434782608,Rv3178
0.2558139534883721,Rv2765
0.25,cpsY-Rv0807
0.24675324675324675,canA-cysD
0.3037974683544304,Rv1535
0.24691358024691357,Rv2459-clpP2
0.23529411764705882,Rv0349-dnaK
0.33766233766233766,Rv0488-gpm1
0.1917808219178082,virS-Rv3083
0.2857142857142857,Rv3177-Rv3178
0.20512820512820512,groEL1-groES
0.30120481927710846,cut4
0.2571428571428571,rplS
0.2537313432835821,Rv0940c
0.3157894736842105,Rv0939-Rv0940c
0.3142857142857143,Rv2613c
0.20588235294117646,cysD
0.16666666666666666,esxB
0.2987012987012987,lpdC
0.22807017543859648,Rv2774c-Rv2775
0.28735632183908044,esxC
0.24285714285714285,Rv1928c-Rv1929c
0.2153846153846154,ilvB1
0.27848101265822783,Rv1049-Rv1050
0.23684210526315788,mca
0.25,Rv1203c
0.2857142857142857,lppG
0.25316455696202533,Rv2640c-cadI
0.21212121212121213,dapA
0.29333333333333333,Rv3034c
0.26582278481012656,end
0.2571428571428571,PPE30-PE_PGRS32
0.3157894736842105,Rv0150c
0.30985915492957744,PE_PGRS62-Rv3813c
0.25925925925925924,clpX
0.20588235294117646,Rv2706c-Rv2707
0.2923076923076923,coaE-Rv1632c
0.29577464788732394,lipP
0.1724137931034483,Rv3369-dnaE2
0.25675675675675674,clpB
0.2876712328767123,rplB
0.26865671641791045,Rv1995
0.3108108108108108,vapB19
0.31746031746031744,Rv2478c
0.2361111111111111,rpsB-Rv2891
0.3,Rv1120c-zwf1
0.24285714285714285,Rv1864c
0.24615384615384617,ssr-Rv3099c
0.3291139240506329,Rv0273c
0.2727272727272727,pyrE
0.23376623376623376,Rv0383c-clpB
0.23076923076923078,cyp143-Rv1786
0.1794871794871795,tsf
0.296875,rubA
0.26506024096385544,otsB2
0.25333333333333335,Rv3453-Rv3454
0.25,fadE28
0.2948717948717949,hsaB
0.24324324324324326,Rv3643
0.359375,Rv3695-glpK
0.22972972972972974,hsdS.1
0.23809523809523808,rrl-rrf
0.30985915492957744,Rv0332
0.3333333333333333,Rv0521
0.26506024096385544,Rv3312c-Rv3312A
0.23376623376623376,idsA2
0.28205128205128205,ndh
0.24,espD-espC
0.2535211267605634,PE_PGRS7-Rv0579
0.2753623188405797,Rv0874c-Rv0875c
0.24390243902439024,Rv1875-bfrA
0.20588235294117646,Rv2415c-eis
0.3194444444444444,Rv2822c
0.2839506172839506,trxC
0.24675324675324675,Rv3706c
0.23376623376623376,Rv0496
0.31343283582089554,lpqX
0.29411764705882354,bfrA
0.288135593220339,Rv2229c
0.27586206896551724,Rv2424c-Rv2425c
0.30303030303030304,Rv3636-Rv3637
0.23529411764705882,Rv0123-PE_PGRS2
0.2916666666666667,Rv0484c-Rv0485
0.2753623188405797,hspX-acg
0.2597402597402597,B55
0.26436781609195403,Rv0390
0.2857142857142857,PE_PGRS11-PPE12
0.22580645161290322,Rv0941c
0.296875,PE_PGRS43-Rv2491
0.2702702702702703,Rv3632
0.2727272727272727,hns
0.3,esxA
0.25675675675675674,mcr-Rv1144
0.1518987341772152,fadD11.1
0.30303030303030304,proU
0.3291139240506329,secA1-Rv3241c
0.25,Rv1626-Rv1627c
0.3,vapB12
0.22388059701492538,vapC32
0.23333333333333334,Rv1672c-Rv1673c
0.234375,pknL-Rv2177c
0.3013698630136986,adoK
0.2911392405063291,Rv2260
0.30851063829787234,Rv2517c
0.27906976744186046,groES-gcp
0.2857142857142857,Rv1904-aao
0.20253164556962025,PPE2-Rv0257
0.24050632911392406,Rv0653c
0.2835820895522388,moxR1
0.2222222222222222,thyX-hsdS.1
0.2111111111111111,Rv2915c
0.2535211267605634,manB
0.2777777777777778,PE_PGRS61-Rv3654c
0.2923076923076923,Rv0332-Rv0333
0.23684210526315788,Rv2285-Rv2286c
0.22388059701492538,Rv0025
0.33783783783783783,Rv0531-PE_PGRS6
0.2898550724637681,PE_PGRS34-Rv1841c
0.2875,fbpB-Rv1887
0.29508196721311475,acpS
0.22388059701492538,ethR-Rv3856c
0.35,Rv3194c
0.21348314606741572,Rv0793-Rv0794c
0.32142857142857145,fadE7-Rv0401
0.3050847457627119,Rv0412c-mutT3
0.18309859154929578,vapB8
0.24324324324324326,Rv1205
0.28888888888888886,Rv2632c
0.3142857142857143,Rv0996-alaV
0.2459016393442623,leuS-Rv0042c
0.2597402597402597,Rv0481c-murB
0.3026315789473684,fadE6-Rv0272c
0.1917808219178082,Rv1413
0.3235294117647059,Rv1863c
0.2345679012345679,mpt63
0.17391304347826086,vapC15
0.2857142857142857,Rv3204
0.26865671641791045,fdxD
0.28205128205128205,Rv0394c
0.22950819672131148,msrB
0.26506024096385544,mpt83
0.26229508196721313,vapB46
0.2948717948717949,Rv0786c
0.23076923076923078,Rv2423-Rv2424c
0.22784810126582278,nicT
0.25675675675675674,icd1-metC
0.28125,Rv0895-gltA2
0.25,Rv3678c
0.22535211267605634,Rv1053c
0.2222222222222222,Rv1081c-mca
0.2345679012345679,rplT
0.2878787878787879,hisG
0.3142857142857143,Rv2772c
0.2777777777777778,Rv3751-serX
0.2702702702702703,Rv0123
0.23214285714285715,Rv0221-echA1
0.24675324675324675,Rv2639c-Rv2640c
0.32941176470588235,fadE22-ligB
0.35,Rv3190A-Rv3191c
0.2903225806451613,Rv3741c
0.15492957746478872,fadA4-Rv1324
0.1935483870967742,Rv2898c-fdhD
0.30434782608695654,Rv1762c
0.2,fbpC-htdZ
0.24242424242424243,Rv1773c-Rv1774
0.25675675675675674,Rv2314c
0.23170731707317074,vapC17
0.3181818181818182,vapC24
0.2727272727272727,Rv0571c-Rv0572c
0.26506024096385544,Rv1648-pheS
0.2361111111111111,mbtB-mbtA
0.3108108108108108,lipN
0.3055555555555556,Rv2422
0.2647058823529412,hupB
0.24,Rv2324
0.2647058823529412,tmk-sahH
0.21839080459770116,Rv3707c-asd
0.2692307692307692,rimJ-Rv0996
0.25,plcB-plcA
0.25,Rv2795c-lppV
0.26582278481012656,Rv2970A
0.20270270270270271,ruvC
0.3283582089552239,Rv0248c
0.21311475409836064,Rv3613c-espD
0.29411764705882354,fdxA-Rv2008c
0.3472222222222222,fdxD-fadE26
0.19230769230769232,mmaA1
0.29545454545454547,Rv0947c
0.3108108108108108,cmtR
0.3380281690140845,amiA1
0.19402985074626866,Rv2280-pitB
0.2916666666666667,Rv2515c-Rv2516c
0.3375,hpx-Rv3172c
0.27631578947368424,Rv0076c
0.20588235294117646,Rv1544
0.2972972972972973,fbiC-TB8.4
0.34375,fadE10-Rv0874c
0.21428571428571427,Rv0141c
0.2962962962962963,Rv0323c-Rv0324
0.30434782608695654,Rv0465c-Rv0466
0.19230769230769232,rplF
0.3375,Rv2638
0.25396825396825395,Rv3346c
0.22972972972972974,Rv3649-PE33
0.3333333333333333,Rv0195
0.26229508196721313,adoK-Rv2203
0.29577464788732394,fmt
0.3,mycP1-eccA2
0.3064516129032258,Rv0093c-Rv0094c
0.20481927710843373,nrdF1
0.3013698630136986,Rv3627c-ppa
0.25316455696202533,Rv3050c
0.32941176470588235,whiB3-groEL1
0.2037037037037037,kdpD-kdpF
0.2898550724637681,Rv3268-Rv3269
0.28125,echA5-mmpL5
0.2857142857142857,vapC20
0.2647058823529412,rpsC
0.3064516129032258,Rv1931c-tpx
0.27941176470588236,serT-hisC2
0.288135593220339,Rv1725c-Rv1726
0.36666666666666664,Rv1855c-Rv1856c
0.19736842105263158,dedA
0.25333333333333335,dxs1-Rv2683
0.22972972972972974,Rv1697
0.24390243902439024,Rv0249c
0.2835820895522388,tyrS-G2
0.18823529411764706,leuC-Rv2989
0.2840909090909091,clpP2
0.275,Rv1155
0.2875,mpr18
0.24675324675324675,Rv2025c-Rv2026c
0.28,Rv3821-Rv3822
0.28125,Rv1723-Rv1724c
0.2,Rv0836c
0.22058823529411764,Rv0236A-lpqI
0.32894736842105265,mmpL7-Rv2943
0.3010752688172043,Rv3769
0.2716049382716049,mazF1
0.3466666666666667,Rv2331
0.25396825396825395,Rv2695-Rv2696c
0.2535211267605634,Rv2704
0.2891566265060241,vapC42
0.30120481927710846,Rv1765c
0.20588235294117646,hemC
0.3125,oppB
0.3076923076923077,eis-Rv2417c
0.25806451612903225,argA
0.273972602739726,Rv3136A
0.3561643835616438,Rv3669
0.3387096774193548,cyp124-Rv2267c
0.265625,sigL
0.22580645161290322,lprD
0.25,Rv3046c
0.20930232558139536,mbtN
0.40298507462686567,Rv0801
0.2465753424657534,thyA-Rv2765
0.2,purM
0.391304347826087,Rv3690
0.18461538461538463,Rv3725-Rv3726
0.2872340425531915,fadE23-fadB4
0.25396825396825395,Rv1779c-Rv1780
0.3442622950819672,Rv0121c-Rv0122
0.234375,def-Rv0430
0.2638888888888889,Rv1435c-gap
0.3,rpmB2
0.1927710843373494,Rv3271c
0.34523809523809523,cdd-sdhC
0.3076923076923077,Rv1019-mfd
0.22058823529411764,mcr10-Rv1158c
0.2602739726027397,Rv1885c
0.19480519480519481,Rv2991-gluU
0.2375,Rv3054c-Rv3055
0.3,Rv3099c
0.21052631578947367,pirG-Rv3811
0.2916666666666667,dapC-fadA
0.2112676056338028,lpqV-Rv1065
0.3283582089552239,lppC-fadB5
0.2876712328767123,Rv2361c
0.23076923076923078,Rv2618
0.26153846153846155,Rv3717-Rv3718c
0.2413793103448276,PPE6-Rv0306
0.2903225806451613,vapC26
0.24242424242424243,phoY1-glpD2
0.2328767123287671,rpmD
0.2647058823529412,Rv1101c
0.2,Rv1531-Rv1532c
0.28888888888888886,Rv1635c-TB15.3
0.27692307692307694,usfY
0.288135593220339,Rv2730
0.2987012987012987,Rv3438-Rv3439c
0.25806451612903225,Rv2645
0.23529411764705882,echA8
0.373134328358209,phoH2-Rv1096
0.3472222222222222,Rv1879
0.2926829268292683,Rv2884
0.2608695652173913,sseC1
0.21518987341772153,Rv3258c
0.24096385542168675,Rv0275c-Rv0276
0.27586206896551724,rpsN1
0.37333333333333335,rpmE
0.20987654320987653,moaD1
0.23943661971830985,Rv1401
0.1875,Rv3269
0.23076923076923078,Rv1313c-Rv1314c
0.25675675675675674,nmtR
0.2077922077922078,Rv0988-grcC2
0.27631578947368424,ctaB-PE_PGRS28
0.2,Rv3922c
0.3088235294117647,Rv1590
0.2112676056338028,gcvB-Rv1833c
0.35714285714285715,aprA
0.2153846153846154,Rv2492
0.2465753424657534,Rv2622-TB31.7
0.3472222222222222,Rv3566A-hsaB
0.2923076923076923,Rv3647c
0.24705882352941178,Rv2630
0.2839506172839506,mhuD
0.2948717948717949,Rv0430-Rv0431
0.29411764705882354,lppJ-Rv2081c
0.22077922077922077,Rv0204c-Rv0205
0.26666666666666666,Rv3284
0.20270270270270271,vapC39
0.30158730158730157,Rv2466c
0.2692307692307692,Rv3750c-Rv3751
0.23376623376623376,Rv1048c-Rv1049
0.3157894736842105,proA-oxyR
0.2465753424657534,Rv2513-Rv2514c
0.3246753246753247,Rv0249c-Rv0250c
0.24193548387096775,Rv1701-Rv1702c
0.24528301886792453,espG1-espH
0.2753623188405797,Rv3224B
0.29850746268656714,atpC
0.2714285714285714,Rv0188
0.31645569620253167,rmlA
0.20238095238095238,echA11-echA10
0.21333333333333335,Rv1219c-Rv1220c
0.22413793103448276,mpr12
0.26804123711340205,gatC
0.2876712328767123,mmpS4
0.28125,Rv1990c
0.22988505747126436,fhaB
0.21428571428571427,gap
0.3125,Rv3005c
0.28,whiB7-uvrD2
0.23809523809523808,echA19
0.2537313432835821,ndkA
0.25806451612903225,Rv3644c-Rv3645
0.2716049382716049,Rv0488
0.2753623188405797,Rv2143-Rv2144c
0.27906976744186046,Rv3693-Rv3694c
0.30434782608695654,Rv3243c
0.28735632183908044,vapC47
0.3561643835616438,lpqF-Rv3594
0.28,sigL-rslA
0.24285714285714285,Rv0845-Rv0846c
0.3611111111111111,Rv2242-fabD
0.22784810126582278,Rv2272
0.18309859154929578,dnaJ2-hrcA
0.2839506172839506,nrdE-nrdI
0.21621621621621623,PPE43-PE27
0.29333333333333333,Rv1717
0.3125,rsbW
0.2840909090909091,vapC1-icd2
0.29411764705882354,scpA
0.265625,Rv0504c
0.21951219512195122,mpt64-nrdF1
0.2911392405063291,snoP
0.21052631578947367,Rv3058c-cyp136
0.2647058823529412,proX-Rv3760
0.3142857142857143,Rv3787c-Rv3788
0.2777777777777778,Rv0559c
0.3076923076923077,Rv1084-Rv1085c
0.16923076923076924,Rv2260-Rv2261c
0.3246753246753247,Rv3557c
0.18032786885245902,Rv2862c
0.313953488372093,Rv2929
0.3333333333333333,cdh-lppO
0.1728395061728395,Rv0076c-Rv0077c
0.30864197530864196,Rv1502-Rv1503c
0.2638888888888889,fdxB-Rv3555c
0.3055555555555556,kstR
0.3380281690140845,blaI-Rv1847
0.30985915492957744,rfbD-Rv3784
0.18461538461538463,Rv0466
0.2638888888888889,esxF-Rv3906c
0.28,mtn-ctpA
0.2597402597402597,Rv3237c
0.3142857142857143,deoC
0.2835820895522388,trxA
0.3076923076923077,Rv1591-Rv1592c
0.2987012987012987,thrV-Rv0756c
0.2830188679245283,Rv1434
0.2638888888888889,Rv0047c-Rv0048c
0.20588235294117646,rpsF-ssb
0.2413793103448276,Rv0183-Rv0184
0.22058823529411764,rplA
0.21428571428571427,end-lpqP
0.25301204819277107,lipU-cbs
0.2972972972972973,vapC11
0.19230769230769232,tatA
0.30434782608695654,Rv2827c
0.26865671641791045,TB22.2
0.2835820895522388,fadA2-F6
0.2328767123287671,pgk
0.27941176470588236,Rv2365c
0.21686746987951808,PE_PGRS59-clpC1
0.2602739726027397,Rv0257-Rv0258c
0.28378378378378377,ercc3-Rv0862c
0.24358974358974358,espF
0.24675324675324675,Rv0572c
0.28205128205128205,rplC
0.2962962962962963,prsA-glmU
0.26666666666666666,typA-lpqW
0.32432432432432434,lipY-Rv3098c
0.22857142857142856,Rv3916c-parB
0.3026315789473684,apt-Rv2585c
0.225,esxS
0.323943661971831,Rv0526
0.23880597014925373,Rv1043c-Rv1044
0.27692307692307694,fabG4-fadA2
0.273972602739726,Rv1498c
0.2875,Rv0837c-lpqR
0.2894736842105263,Rv0161-adhE1
0.2638888888888889,Rv2557-Rv2558
0.3055555555555556,hadC-trpT
0.1791044776119403,mshB-Rv1171
0.25,serC-Rv0885
0.3150684931506849,PPE45-Rv2893
0.15254237288135594,Rv2302
0.2535211267605634,B11-Rv3661
0.23943661971830985,thiS
0.208955223880597,Rv1639c-lysX
0.2647058823529412,rbsK-Rv2437
0.3424657534246575,Rv2600
0.27419354838709675,Rv2739c-ephG
0.2608695652173913,Rv0481c
0.3037974683544304,Rv0575c-Rv0576
0.30303030303030304,fdxC
0.2676056338028169,Rv1363c-mcr15
0.3,Rv1364c-rsfA
0.23076923076923078,nlhH-lipI
0.24,Rv1616-pykA
0.22666666666666666,Rv2307B-Rv2307D
0.24193548387096775,orn-hisT
0.29333333333333333,leuD
0.2948717948717949,Rv3032A
0.1875,fbiB-Rv3263
0.2631578947368421,entC-Rv3216
0.25,cobL-Rv2073c
0.1643835616438356,Rv2100-helZ
0.26582278481012656,vapC41
0.21153846153846154,Rv1828-Rv1829
0.31645569620253167,Rv2774c
0.2159090909090909,Rv3686c-rsfB
0.23076923076923078,Rv0912
0.30985915492957744,nrdI-nrdH
0.20634920634920634,Rv1151c
0.2535211267605634,Rv3675-crp
0.19444444444444445,csoR-Rv0968
0.23636363636363636,mazE9
0.2537313432835821,ddlA-gpdA2
0.2,hisI
0.275,PE29-Rv3023c
0.25,bcpB-trpE
0.2638888888888889,Rv1373-Rv1374c
0.2676056338028169,Rv3027c-fixB
0.21621621621621623,Rv1322A
0.3287671232876712,Rv1404-Rv1405c
0.24615384615384617,Rv1504c-Rv1505c
0.2631578947368421,Rv1754c-plcD
0.2571428571428571,Rv2144c
0.23943661971830985,papA5-mas
0.20967741935483872,Rv2252-Rv2253
0.25806451612903225,Rv2688c-Rv2689c
0.22058823529411764,Rv0042c-Rv0043c
0.24358974358974358,Rv0080-Rv0081
0.2222222222222222,PE_PGRS13-PE_PGRS14
0.3522727272727273,Rv3180c
0.2112676056338028,Rv3200c-Rv3201c
0.21794871794871795,whiB1
0.2916666666666667,secG
0.1875,Rv1893-Rv1894c
0.23376623376623376,thiD-thiC
0.2,Rv0460
0.17543859649122806,hsaA-kshB
0.2982456140350877,Rv0025-Rv0026
0.24242424242424243,Rv2286c-yjcE
0.2222222222222222,vapC46
0.25675675675675674,pstP-fhaB
0.2647058823529412,Rv0360c-Rv0361
0.2948717948717949,PPE32-PPE33
0.3,Rv1847-ureA
0.3157894736842105,rsfA
0.3088235294117647,vapB38
0.24175824175824176,uvrD2-Rv3198A
0.24675324675324675,Rv2061c
0.1791044776119403,purQ
0.26666666666666666,fixA
0.2926829268292683,psd-moeA2
0.23684210526315788,infC
0.2073170731707317,Rv2406c-Rv2407
0.2692307692307692,Rv2709-sigB
0.35,Rv1134
0.31746031746031744,mbtE-mbtD
0.2702702702702703,Rv0245-Rv0246
0.22727272727272727,rfbE
0.29508196721311475,Rv0111-gca
0.3,mazF3
0.2345679012345679,Rv1159A
0.23880597014925373,Rv2777c-Rv2778c
0.25675675675675674,TB7.3-rshA
0.20833333333333334,Rv1135A
0.29411764705882354,rimI
0.25316455696202533,vapB48
0.2465753424657534,Rv1167c-PPE17
0.21794871794871795,Rv2578c-dhaA
0.2823529411764706,Rv2722
0.19117647058823528,Rv2772c-dapB
0.20270270270270271,Rv0268c-Rv0269c
0.32926829268292684,clpB-Rv0385
0.36486486486486486,nrdF2
0.2597402597402597,fadE16
0.25,sthA-Rv2714
0.3625,nuoC
0.29508196721311475,fadD36-Rv1194c
0.3076923076923077,clgR-pgsA3
0.20588235294117646,frr
0.2839506172839506,Rv3642c-Rv3643
0.3220338983050847,ephD-dlaT
0.25,Rv3064c
0.2463768115942029,Rv0919-argT
0.27906976744186046,vapB42
0.2602739726027397,Rv2548A
0.21333333333333335,PPE10-Rv0443
0.3076923076923077,Rv3796-fadE35
0.2835820895522388,Rv0749A
0.28205128205128205,Rv2297-Rv2298
0.288135593220339,lipX-mshB
0.29069767441860467,pepA-treS
0.2318840579710145,Rv3552-Rv3553
0.3125,Rv1861
0.22058823529411764,Rv2077A
0.3103448275862069,Rv0459-Rv0460
0.27941176470588236,Rv2182c-Rv2183c
0.30434782608695654,Rv2451-Rv2452c
0.2054794520547945,rpsP-Rv2910c
0.25333333333333335,Rv3034c-Rv3035
0.28125,Rv3612c
0.2857142857142857,Rv2961-Rv2962c
0.25333333333333335,Rv3364c
0.23376623376623376,Rv0796-Rv0797
0.29333333333333333,ssr
0.15789473684210525,argJ
0.22077922077922077,ino1-Rv0047c
0.21621621621621623,PPE49-Rv3126c
0.2222222222222222,Rv0012-trpG
0.24615384615384617,menB-vapC3
0.21428571428571427,Rv2117
0.30864197530864196,Rv0312-Rv0313
0.1511627906976744,Rv0238
0.27631578947368424,Rv3258c-Rv3259
0.28205128205128205,Rv1476-ripA
0.20689655172413793,Rv2134c-Rv2135c
0.3181818181818182,vapB37
0.35714285714285715,vapB7-atsD
0.23880597014925373,Rv1873-Rv1874
0.2875,Rv0273c-Rv0274
0.1917808219178082,Rv0560c
0.352112676056338,Rv1486c
0.3472222222222222,Rv1158c-pimE
0.275,mtrA
0.2857142857142857,gmhB
0.25,Rv3672c-Rv3673c
0.26865671641791045,ribH
0.3050847457627119,lipB
0.34177215189873417,Rv2728c
0.325,Rv0227c
0.296875,Rv0525
0.2191780821917808,fadD9-PE_PGRS44
0.28125,gpm2
0.2328767123287671,mazE9-Rv2802c
0.27848101265822783,PE33-Rv3651
0.32857142857142857,Rv0807-purF
0.225,lppT
0.31645569620253167,panB-Rv2226
0.2777777777777778,Rv2771c-Rv2772c
0.2878787878787879,Rv3360
0.24324324324324326,Rv3538-PPE63
0.28,Rv0340-iniB
0.3333333333333333,umaA-pcaA
0.22535211267605634,mpr18-PE_PGRS60
0.3188405797101449,Rv0925c-Rv0926c
0.22388059701492538,Rv1273c-lprB
0.24324324324324326,fixB-fixA
0.29310344827586204,Rv0263c-Rv0264c
0.3037974683544304,Rv1322A-fadA4
0.24615384615384617,Rv2638-Rv2639c
0.25609756097560976,devR-Rv3134c
0.25,eccB4-cut3
0.36,Rv0078B
0.31645569620253167,Rv0313
0.25,hspX
0.2564102564102564,Rv2990c-Rv2991
0.2535211267605634,Rv3718c
0.2839506172839506,mbtG
0.26666666666666666,PPE54-PE_PGRS49
0.19736842105263158,mymT
0.30303030303030304,PE_PGRS54-ilvX
0.3253012048192771,Rv3659c-Rv3660c
0.2716049382716049,Rv3705c-Rv3705A
0.3181818181818182,lprC-Rv1276c
0.32857142857142857,Rv0691A
0.2608695652173913,esxK-esxL
0.2702702702702703,Rv1209
0.28378378378378377,vapC15-Rv2011c
0.2647058823529412,rpsR1
0.30303030303030304,Rv0081
0.2839506172839506,Rv0163
0.3235294117647059,fusA1-tuf
0.328125,Rv0741-PE_PGRS8
0.27848101265822783,prrA
0.24242424242424243,ureB
0.2564102564102564,rsfB-Rv3688c
0.2714285714285714,ribC-Rv1413
0.16393442622950818,esxN
0.26506024096385544,Rv0520
0.2602739726027397,Rv0441c
0.2711864406779661,plcD
0.2028985507246377,Rv2614A
0.25287356321839083,F6
0.25,Rv2292c-Rv2293c
0.23809523809523808,Rv1135A-Rv1136
0.2894736842105263,Rv1945-lppG
0.2911392405063291,Rv3015c-lpqA
0.3424657534246575,ileS-dinX
0.3,Rv2859c
0.2564102564102564,Rv3705c
