bayes,locus
0.3088235294117647,Rv0024
0.25,Rv0045c
0.22388059701492538,Rv0063
0.33766233766233766,Rv0090
0.25,ephF
0.2463768115942029,Rv0176
0.15873015873015872,PE_PGRS3-PE_PGRS4
0.16091954022988506,pks6
0.15517241379310345,Rv0420c-Rv0421c
0.17857142857142858,senX3-regX3
0.313953488372093,mce2B
0.18461538461538463,Rv0648
0.23376623376623376,Rv0759c-Rv0760c
0.225,Rv0794c-Rv0795
0.23529411764705882,Rv0823c
0.2,Rv0888
0.19480519480519481,Rv0927c
0.23170731707317074,Rv1042c-Rv1043c
0.20833333333333334,Rv1045
0.2641509433962264,Rv1179c-pks3
0.3142857142857143,Rv1225c
0.265625,Rv1258c
0.19047619047619047,mcr11
0.21686746987951808,Rv1269c
0.25757575757575757,Rv1444c
0.22972972972972974,opcA
0.18840579710144928,Rv1506c-Rv1507c
0.18571428571428572,plsB1
0.2891566265060241,Rv1730c
0.22857142857142856,Rv1775
0.265625,PPE31-PPE32
0.22784810126582278,Rv1907c
0.2777777777777778,ctpF
0.25,dosT
0.22727272727272727,Rv2081c
0.2,Rv2133c
0.22580645161290322,Rv2148c
0.208955223880597,Rv2264c
0.26229508196721313,Rv2303c
0.2463768115942029,mmpL9
0.24675324675324675,plcA-PPE38
0.25,Rv2405-Rv2406c
0.2222222222222222,Rv2437
0.2638888888888889,vapB17
0.23809523809523808,vapB18
0.23170731707317074,Rv2624c
0.3013698630136986,Rv2709
0.2894736842105263,Rv2823c
0.2564102564102564,cobB
0.21794871794871795,Rv2862c-vapB23
0.2361111111111111,lppW-trmD
0.2753623188405797,Rv2923c
0.2413793103448276,ppsA
0.22388059701492538,Rv3428c-PPE59
0.21875,Rv3483c
0.171875,ddn-Rv3548c
0.2911392405063291,ponA2-Rv3683
0.28378378378378377,Rv3766
0.22784810126582278,Rv3773c
0.25,lipE-Rv3776
0.17567567567567569,Rv3802c-fbpD
0.25396825396825395,Rv3829c
0.3150684931506849,Rv3830c
0.2564102564102564,Rv3847
0.2926829268292683,eccC2
0.27848101265822783,dnaA
0.19402985074626866,dnaA-dnaN
0.2625,alaT-Rv0008c
0.3125,Rv0012
0.2875,pknB
0.35365853658536583,pknA
0.28205128205128205,fhaA-leuT
0.2465753424657534,whiB5-Rv0023
0.24,bioF2
0.23529411764705882,fadD34
0.2159090909090909,fadD34-Rv0036c
0.27710843373493976,leuS
0.3013698630136986,dnaB
0.27631578947368424,dnaB-Rv0059
0.22666666666666666,Rv0061c
0.23809523809523808,Rv0064
0.2028985507246377,Rv0067c-Rv0068
0.19230769230769232,glyA2-Rv0071
0.20588235294117646,Rv0078A
0.23529411764705882,hycE-Rv0088
0.18571428571428572,Rv0088-Rv0089
0.22388059701492538,ctpB
0.18181818181818182,Rv0104
0.16216216216216217,hddA
0.265625,hddA-ldtA
0.25,oxyS
0.2191780821917808,fusA2
0.2,fadE1
0.25316455696202533,fadE1-fgd2
0.2361111111111111,cyp138
0.225,mce1D
0.21794871794871795,sigG
0.2571428571428571,Rv0185
0.21621621621621623,Rv0194
0.18571428571428572,Rv0210-pckA
0.32727272727272727,Rv0221
0.2,Rv0223c
0.30666666666666664,Rv0226c
0.2054794520547945,fadE5
0.2898550724637681,Rv0245
0.2597402597402597,nirB
0.2916666666666667,vapB25
0.15789473684210525,eccD3
0.24242424242424243,Rv0302
0.2777777777777778,Rv0311
0.23529411764705882,Rv0315
0.25287356321839083,Rv0330c-Rv0331
0.265625,Rv0376c
0.19318181818181818,Rv0380c
0.2647058823529412,clpB
0.2638888888888889,Rv0398c
0.2631578947368421,fadD30
0.25396825396825395,Rv0439c-groEL2
0.22950819672131148,rskA
0.21518987341772153,sigK-Rv0446c
0.25,mmpS4-Rv0452
0.3055555555555556,Rv0452
0.26582278481012656,Rv0457c
0.26666666666666666,pcaA-Rv0470A
0.1917808219178082,mshA
0.21951219512195122,Rv0492c
0.25316455696202533,mmpL2
0.28378378378378377,Rv0518-Rv0519c
0.22666666666666666,ccsA
0.23076923076923078,Rv0530
0.16923076923076924,galE3
0.21333333333333335,Rv0537c
0.21621621621621623,vapB3-fadD8
0.21052631578947367,Rv0565c
0.25,Rv0575c
0.273972602739726,Rv0585c
0.23728813559322035,Rv0585c-mce2R
0.1527777777777778,yrbE2B
0.23076923076923078,Rv0590A
0.26666666666666666,mce2F
0.2028985507246377,Rv0597c-vapC27
0.23076923076923078,tcrA-Rv0603
0.18571428571428572,Rv0613c
0.09230769230769231,recD
0.25806451612903225,mmaA2
0.2463768115942029,atsD
0.27419354838709675,echA4
0.2894736842105263,mmpL5
0.23214285714285715,Rv0679c
0.16216216216216217,rpsL
0.20270270270270271,Rv0691c
0.2564102564102564,lldD1-Rv0695
0.25,Rv0697
0.27692307692307694,Rv0699
0.18421052631578946,Rv0713
0.23076923076923078,Rv0737-Rv0738
0.23655913978494625,Rv0745
0.22058823529411764,Rv0749A-Rv0750
0.2625,cyp123
0.2647058823529412,aldA
0.19117647058823528,ggtA
0.2948717948717949,Rv0775
0.18461538461538463,purF
0.21621621621621623,sseC2
0.2,Rv0825c
0.2857142857142857,lpqR
0.22580645161290322,narL
0.24050632911392406,pdc-Rv0854
0.3194444444444444,far
0.3548387096774194,dapC
0.21794871794871795,moaD2
0.23809523809523808,Rv0874c
0.2714285714285714,Rv0890c
0.2676056338028169,Rv0893c
0.345679012345679,Rv0893c-Rv0894
0.18181818181818182,Rv0907
0.275,PE7-betP
0.2318840579710145,Rv0927c-pstS3
0.2962962962962963,Rv0939
0.21951219512195122,Rv0959
0.14473684210526316,Rv0964c-Rv0965c
0.24358974358974358,PE_PGRS18-mprA
0.24242424242424243,mprB-pepD
0.25,Rv0987
0.23076923076923078,Rv0988
0.3,Rv0991c-Rv0992c
0.32,rimJ
0.20833333333333334,tatD-rpfB
0.19117647058823528,eno
0.2077922077922078,kdpE
0.32,Rv1046c
0.18666666666666668,Rv1048c
0.22077922077922077,mpr5-Rv1052
0.25,Rv1072-Rv1073
0.2698412698412698,lipU
0.27710843373493976,celA2b
0.2564102564102564,MTS0858-glyA1
0.14545454545454545,Rv1129c
0.22666666666666666,Rv1136-Rv1137c
0.2698412698412698,Rv1152
0.2698412698412698,pimE
0.3088235294117647,mutT2
0.18461538461538463,mutT2-narG
0.19672131147540983,narJ
0.23076923076923078,mmpL10
0.16666666666666666,fadD36
0.234375,fadD6
0.203125,Rv1217c
0.27419354838709675,Rv1227c-lpqX
0.14473684210526316,lpqX
0.2073170731707317,Rv1230c-Rv1231c
0.21794871794871795,embR-Rv1268c
0.21428571428571427,Rv1289-Rv1290c
0.30158730158730157,thrC
0.2235294117647059,dinG
0.2318840579710145,Rv1357c-Rv1358
0.2727272727272727,lprF
0.29850746268656714,carA
0.3,dfp
0.24675324675324675,lipI
0.2535211267605634,lprH-Rv1419
0.24,uvrC
0.2318840579710145,Rv1432-Rv1433
0.2328767123287671,Rv1435c
0.3076923076923077,Rv1439c
0.18421052631578946,bisC
0.21333333333333335,Rv1458c
0.24691358024691357,Rv1461
0.18309859154929578,Rv1463
0.19444444444444445,Rv1478-moxR1
0.23376623376623376,Rv1489
0.2972972972972973,lipL
0.24096385542168675,Rv1505c
0.21739130434782608,Rv1507A-Rv1508c
0.3384615384615385,Rv1509-Rv1510
0.21333333333333335,Rv1515c
0.3142857142857143,Rv1520
0.22784810126582278,pks5
0.2564102564102564,Rv1532c
0.29850746268656714,ileS
0.2711864406779661,ansA
0.20689655172413793,Rv1566c-Rv1567c
0.23170731707317074,polA
0.20833333333333334,lysX
0.2702702702702703,pks7
0.26666666666666666,pks8
0.2676056338028169,cyp139
0.2976190476190476,dsbF-Rv1678
0.25,moeX
0.3076923076923077,moeX-Rv1682
0.3026315789473684,cycA-PPE22
0.1780821917808219,Rv1739c
0.23376623376623376,Rv1769
0.1951219512195122,Rv1771
0.2835820895522388,cyp143
0.18571428571428572,secA2
0.18571428571428572,Rv1823
0.1791044776119403,gcvH
0.2727272727272727,Rv1835c
0.21739130434782608,glcB
0.175,guaB1-gnd1
0.2891566265060241,Rv1847
0.2911392405063291,lldD2
0.23255813953488372,Rv1879-cyp140
0.3333333333333333,Rv1888c-Rv1888A
0.2112676056338028,Rv1894c-Rv1895
0.23880597014925373,Rv1904
0.2222222222222222,katG
0.2638888888888889,lppC
0.25675675675675674,Rv1920
0.21333333333333335,lppF-Rv1922
0.21686746987951808,Rv1924c-fadD31
0.2777777777777778,fadD31
0.28,Rv1927
0.2465753424657534,fadE17
0.24285714285714285,Rv1936
0.30303030303030304,ephB
0.27941176470588236,Rv1972
0.2878787878787879,Rv1975-Rv1976c
0.18,Rv1978
0.3111111111111111,nrdF1-vapC36
0.28169014084507044,Rv1986
0.24324324324324326,Rv1987-erm(37)
0.24096385542168675,Rv1999c
0.24615384615384617,Rv2000
0.22580645161290322,Rv2020c
0.32857142857142857,Rv2023A
0.2676056338028169,Rv2034
0.28888888888888886,Rv2047c
0.18181818181818182,ASpks-Rv2049c
0.28125,rpmG1
0.21212121212121213,Rv2059
0.21739130434782608,cobN
0.2054794520547945,Rv2079
0.22950819672131148,Rv2082
0.20987654320987653,Rv2087-pknJ
0.19736842105263158,pknJ
0.3125,pepE
0.24691358024691357,pafB
0.3188405797101449,vapC37
0.2916666666666667,mpa-lppK
0.10714285714285714,Rv2120c-hisG
0.25806451612903225,Rv2128-Rv2129c
0.24193548387096775,pyrD
0.2463768115942029,PE_PGRS38-pbpB
0.20270270270270271,pknL-Rv2177c
0.3380281690140845,Rv2180c
0.24675324675324675,TB16.3-Rv2186c
0.26666666666666666,Rv2191
0.36585365853658536,ephD
0.31746031746031744,Rv2237-Rv2237A
0.2638888888888889,accD6
0.24675324675324675,Rv2248
0.2,mazF8
0.2631578947368421,cyp121
0.25675675675675674,Rv2280
0.3013698630136986,lppO
0.22950819672131148,Rv2308
0.25,uspA
0.25,stp-cysK1
0.25675675675675674,esxO
0.2054794520547945,esxO-esxP
0.24324324324324326,esxP
0.2191780821917808,plcC
0.25,plcA
0.25882352941176473,PPE38-PPE39
0.21348314606741572,Rv2355-PPE40
0.3466666666666667,Rv2366c
0.3125,mbtB
0.27848101265822783,Rv2395-mcr7
0.2,subI
0.2564102564102564,ahpD
0.18181818181818182,Rv2433c
0.23170731707317074,obg
0.25675675675675674,rpfE
0.25806451612903225,aglA
0.3283582089552239,Rv2474c
0.3013698630136986,lipQ
0.3188405797101449,lipQ-argW
0.34210526315789475,Rv2488c
0.2692307692307692,vapC38
0.15053763440860216,bkdC
0.2625,accD1
0.14285714285714285,scoA
0.32432432432432434,Rv2516c
0.2894736842105263,Rv2525c-vapB17
0.2191780821917808,lppA
0.28169014084507044,lppB
0.1746031746031746,vapB20-Rv2551c
0.24615384615384617,Rv2562
0.2054794520547945,glnQ
0.22950819672131148,Rv2567
0.208955223880597,aspS-Rv2573
0.13432835820895522,Rv2621c
0.2602739726027397,hrp1-Rv2627c
0.2153846153846154,Rv2629
0.25862068965517243,Rv2632c-Rv2633c
0.2597402597402597,Rv2644c-valT
0.2676056338028169,valU-Rv2645
0.25675675675675674,Rv2659c-Rv2660c
0.1511627906976744,ceoB
0.24675324675324675,Rv2693c
0.27710843373493976,Rv2712c
0.1917808219178082,fadE20
0.24,recX
0.2318840579710145,Rv2800-mazF9
0.2073170731707317,Rv2808-Rv2809
0.2028985507246377,Rv2813-Rv2814c
0.25,Rv2820c
0.24,Rv2827c-Rv2828c
0.3,Rv2828c
0.27631578947368424,vapB22-echA16
0.32051282051282054,echA16
0.15789473684210525,Rv2864c-relF
0.2857142857142857,dipZ
0.2191780821917808,mpt53-Rv2879c
0.2441860465116279,Rv2891
0.23684210526315788,fdhD
0.1780821917808219,lppW
0.171875,amt
0.17142857142857143,ppsD
0.2602739726027397,mas
0.22077922077922077,fadD28
0.20689655172413793,fadD29-Rv2951c
0.1875,Rv2951c
0.20967741935483872,Rv2952
0.18518518518518517,Rv2957-Rv2958c
0.12857142857142856,purU
0.24242424242424243,purU-kdtB
0.2608695652173913,Rv2969c
0.2361111111111111,pfkA-gatA
0.20481927710843373,Rv3015c
0.2777777777777778,Rv3047c
0.25,nrdE
0.16666666666666666,nrdH-Rv3054c
0.22388059701492538,Rv3081
0.1780821917808219,Rv3081-virS
0.1643835616438356,moaA1
0.14492753623188406,Rv3115-moeB2
0.2948717948717949,fadB4-Rv3142c
0.16666666666666666,Rv3142c-Rv3143
0.2714285714285714,Rv3173c-Rv3174
0.22972972972972974,Rv3174
0.29411764705882354,Rv3178-Rv3179
0.22535211267605634,Rv3181c-Rv3182
0.2962962962962963,Rv3196
0.23376623376623376,nudC
0.25675675675675674,Rv3201c
0.22093023255813954,Rv3202c
0.16455696202531644,Rv3220c
0.3076923076923077,Rv3236c
0.2727272727272727,mtrB
0.27848101265822783,Rv3263
0.21621621621621623,Rv3272
0.3384615384615385,Rv3282
0.16161616161616163,sseA
0.2716049382716049,pcd
0.22950819672131148,lhr
0.2777777777777778,sdhD
0.20253164556962025,Rv3346c-PPE55
0.21666666666666667,PPE55-Rv3348
0.38571428571428573,Rv3359-Rv3360
0.27692307692307694,Rv3365c
0.3333333333333333,spoU
0.20270270270270271,spoU-PE_PGRS51
0.24358974358974358,Rv3376
0.23076923076923078,idsB-vapC46
0.2597402597402597,htdY
0.2972972972972973,Rv3395c-Rv3395A
0.20512820512820512,Rv3402c
0.32941176470588235,vapB47
0.17647058823529413,guaB2
0.27631578947368424,Rv3424c
0.12698412698412698,Rv3433c
0.2727272727272727,esxU
0.3442622950819672,Rv3446c
0.21621621621621623,mycP4
0.203125,rmlC
0.25,lipF
0.21739130434782608,otsA
0.3246753246753247,mce4C
0.208955223880597,fadE27
0.3050847457627119,fadD19
0.1917808219178082,ltp3
0.23880597014925373,Rv3531c
0.2631578947368421,PPE61-PPE62
0.12987012987012986,kstD
0.25301204819277107,ltp2
0.12857142857142856,fdxB
0.22535211267605634,fadE30-fadD3
0.3103448275862069,Rv3591c
0.25757575757575757,lysS
0.29850746268656714,folK
0.16883116883116883,espA-ephA
0.20512820512820512,Rv3618
0.21333333333333335,esxV
0.208955223880597,esxW
0.3492063492063492,Rv3635-Rv3636
0.30864197530864196,nth
0.18666666666666668,crp
0.23529411764705882,crp-Rv3677c
0.2125,Rv3680
0.1794871794871795,ponA2
0.16666666666666666,Rv3689
0.3225806451612903,Rv3691
0.3037974683544304,Rv3694c
0.2876712328767123,recR
0.24358974358974358,Rv3722c
0.33783783783783783,cut5b
0.1728395061728395,Rv3725
0.2236842105263158,Rv3727
0.21794871794871795,Rv3729
0.2638888888888889,PPE67-Rv3740c
0.19718309859154928,Rv3745c-PE34
0.2459016393442623,Rv3747-Rv3748
0.325,proV
0.2631578947368421,proX
0.20833333333333334,Rv3769-Rv3770c
0.2777777777777778,echA21
0.25316455696202533,Rv3776
0.2191780821917808,glfT1
0.22413793103448276,Rv3788
0.2222222222222222,fadE35
0.22093023255813954,pks13
0.2826086956521739,fadD32
0.27631578947368424,fadD32-Rv3802c
0.2894736842105263,aftB
0.23333333333333334,papA2
0.21333333333333335,fadD23
0.275,Rv3835
0.1794871794871795,Rv3837c
0.21518987341772153,ncrMT3949
0.16883116883116883,MTS2975-Rv3844
0.19444444444444445,Rv3845-sodA
0.2631578947368421,gltB-Rv3860
0.2840909090909091,Rv3863-espE
0.18309859154929578,espI
0.18181818181818182,espK
0.25,espK-espL
0.2,mutT4
0.16666666666666666,Rv3910
0.1643835616438356,gid
0.2916666666666667,Rv3920c-Rv3921c
0.22784810126582278,Rv0191
0.20253164556962025,aftD
0.1875,PE_PGRS17-Rv0979c
0.22857142857142856,cut1
0.25757575757575757,pks12
0.21686746987951808,pks15
0.3125,pstP
0.1797752808988764,Rv0080
0.20967741935483872,Rv0093c
0.275,ctpI
0.22727272727272727,fadD5
0.2222222222222222,Rv0192A
0.24285714285714285,Rv0193c
0.3142857142857143,Rv0197
0.3125,Rv0205
0.2875,lipW
0.25316455696202533,Rv0257
0.2289156626506024,Rv0275c
0.19696969696969696,Rv0312
0.2222222222222222,iniA
0.22077922077922077,Rv0359
0.28378378378378377,Rv0370c
0.2698412698412698,Rv0377
0.2926829268292683,purT
0.24,ctpH
0.21818181818181817,Rv0431
0.20512820512820512,Rv0434
0.11594202898550725,moeA2
0.35135135135135137,Rv0484c
0.20967741935483872,proC
0.18571428571428572,mce2C
0.25609756097560976,lpqO
0.23529411764705882,Rv0610c
0.2345679012345679,Rv0621
0.30985915492957744,rplO
0.23076923076923078,xylB
0.28169014084507044,purB
0.1875,Rv0818
0.32,Rv0822c
0.25301204819277107,Rv0851c
0.23943661971830985,Rv0909
0.20588235294117646,pstS2
0.21739130434782608,sucD
0.20270270270270271,mprA
0.3333333333333333,Rv0992c
0.2571428571428571,moeA1
0.22666666666666666,Rv0996
0.3492063492063492,pabB
0.22535211267605634,Rv1012
0.2876712328767123,lpqU
0.20270270270270271,pra
0.2638888888888889,ppdK
0.20833333333333334,Rv1178
0.29310344827586204,esxL
0.25,Rv1215c
0.14925373134328357,Rv1226c
0.2638888888888889,Rv1250
0.24285714285714285,deaD
0.25,Rv1262c
0.2692307692307692,lprB
0.2191780821917808,Rv1301
0.21212121212121213,glgB
0.2727272727272727,glgP
0.20833333333333334,moeY
0.2717391304347826,Rv1375
0.288135593220339,carB
0.25,vapC10
0.25,fmu
0.23863636363636365,ribG
0.23076923076923078,Rv1425
0.2112676056338028,echA12
0.3013698630136986,Rv1504c
0.2054794520547945,mmpL6
0.2463768115942029,nadC
0.3,Rv1624c
0.25301204819277107,pks9
0.273972602739726,cmr
0.24324324324324326,Rv1707
0.24324324324324326,Rv1708
0.2465753424657534,narX
0.2345679012345679,bacA
0.22058823529411764,Rv1870c
0.25,lppD
0.19736842105263158,aao
0.27586206896551724,Rv1949c
0.25,Rv1979c
0.27710843373493976,Rv1998c
0.26666666666666666,Rv2036
0.2972972972972973,Rv2083
0.2465753424657534,mptA
0.3157894736842105,fadD15
0.2,cobS
0.3235294117647059,Rv2227
0.2923076923076923,Rv2240c
0.22857142857142856,sseB
0.24285714285714285,Rv2306A
0.34285714285714286,mez
0.275,zur
0.15942028985507245,Rv2395
0.2571428571428571,Rv2415c
0.21951219512195122,tig
0.2631578947368421,plsC
0.28205128205128205,nusB
0.28169014084507044,Rv2559c
0.2702702702702703,Rv2599
0.21621621621621623,Rv2628
0.2692307692307692,Rv2660c
0.2236842105263158,Rv2668
0.25,Rv2683
0.3235294117647059,Rv2690c
0.32727272727272727,Rv2714
0.2608695652173913,lppV
0.22950819672131148,Rv2813
0.2328767123287671,Rv2837c
0.2318840579710145,Rv2877c
0.28205128205128205,fadD26
0.32051282051282054,ppsB
0.36363636363636365,ppsE
0.3132530120481928,drrA
0.19402985074626866,gatA
0.265625,Rv3096
0.2962962962962963,fprA
0.19444444444444445,Rv3128c
0.23728813559322035,devS
0.1780821917808219,pflA
0.22077922077922077,nuoI
0.33766233766233766,Rv3185-Rv3186
0.18055555555555555,Rv3190c
0.20833333333333334,Rv3193c
0.18666666666666668,Rv3200c
0.22784810126582278,lpqB
0.2602739726027397,rmlD
0.2361111111111111,purE
0.27419354838709675,pmmB
0.2571428571428571,sapM
0.2375,Rv3371
0.18055555555555555,echA18
0.2702702702702703,dxs2-Rv3380c
0.1774193548387097,Rv3381c-lytB1
0.203125,cmaA1
0.2972972972972973,Rv3395c
0.18840579710144928,Rv3475-kgtP
0.20270270270270271,Rv3479
0.16901408450704225,Rv3551
0.203125,Rv3555c
0.21428571428571427,hsaA
0.21428571428571427,Rv3627c
0.19696969696969696,dppA
0.203125,glpK
0.27941176470588236,dnaQ
0.1917808219178082,Rv3753c
0.2535211267605634,tcrY
0.2537313432835821,embC
0.28205128205128205,embB
0.2602739726027397,ubiA
0.26865671641791045,Rv3822
0.26865671641791045,mmpL8
0.2714285714285714,Rv3843c
0.3076923076923077,gltB
0.25675675675675674,whiB6-Rv3863
0.23376623376623376,esxD
0.24324324324324326,Rv3899c
0.2535211267605634,Rv3909
0.2537313432835821,Rv1319c
0.19736842105263158,Rv1371
0.2898550724637681,Rv0133
0.2535211267605634,ctpD
0.28,Rv1668c
0.19117647058823528,gnd1
0.2602739726027397,Rv1883c
0.1625,Rv1888c
0.19767441860465115,Rv1976c-Rv1977
0.323943661971831,Rv2016
0.2413793103448276,Rv2106-PE22
0.2808988764044944,fhaA
0.2564102564102564,Rv2250A
0.21739130434782608,Rv3060c-fadE22
0.359375,idsB
0.21951219512195122,Rv3453
0.21428571428571427,Rv3655c
0.2962962962962963,sigM
0.2727272727272727,Rv0064-vapB1
0.16393442622950818,rplW-rplB
0.28888888888888886,Rv0031-bioF2
0.1917808219178082,Rv0576
0.2465753424657534,ptrBb-emrB
0.21212121212121213,impA
0.25,lppJ
0.2465753424657534,echA1
0.32786885245901637,Rv0258c
0.22727272727272727,fadD2
0.2894736842105263,pcp
0.25,lpqJ
0.2894736842105263,phoP
0.21739130434782608,purD
0.21428571428571427,cpsY
0.25,ctpE
0.21739130434782608,Rv0959-vapB9
0.15714285714285714,fadD14
0.23684210526315788,Rv1063c-lpqV
0.21739130434782608,Rv1087A
0.28169014084507044,tal
0.18571428571428572,Rv1507c
0.16049382716049382,Rv1516c-Rv1517
0.23863636363636365,Rv1517
0.2948717948717949,treX
0.2698412698412698,uvrB
0.2361111111111111,Rv1877
0.328125,echA13-Rv1936
0.2558139534883721,Rv2030c
0.26666666666666666,cobI
0.2962962962962963,metH
0.1780821917808219,Rv2228c
0.265625,kasA
0.29411764705882354,Rv2295
0.25396825396825395,Rv2407-PE24
0.25333333333333335,bkdA-citE
0.2564102564102564,dhaA
0.203125,cadI-Rv2642
0.171875,Rv2647-Rv2648
0.26153846153846155,Rv2652c-Rv2653c
0.27941176470588236,fadD29
0.3132530120481928,pgmA
0.2833333333333333,desA3
0.2361111111111111,secA1
0.2682926829268293,trpS
0.1724137931034483,choD
0.2073170731707317,rpoA-rpsD
0.25675675675675674,rmlB
0.26881720430107525,Rv3611
0.2676056338028169,dppB
0.27941176470588236,Rv3693
0.19696969696969696,oplA
0.2857142857142857,PE_PGRS9-PE_PGRS10
0.234375,murF
0.26666666666666666,embR
0.25,Rv1318c
0.20481927710843373,Rv1765c-Rv1765A
0.23170731707317074,Rv2263
0.1746031746031746,Rv3183-Rv3184
0.2345679012345679,Rv0010c-Rv0011c
0.2608695652173913,Rv1290c
0.30303030303030304,Rv1682
0.26666666666666666,Rv2084
0.2465753424657534,helY-tatC
0.2328767123287671,Rv2262c
0.28,Rv2293c
0.19767441860465115,Rv3427c-Rv3428c
0.2727272727272727,rpsM-rpmJ
0.15714285714285714,Rv0036c
0.38461538461538464,fgd2
0.2571428571428571,Rv0269c
0.21518987341772153,fadD8
0.2537313432835821,Rv0712-Rv0713
0.2564102564102564,Rv0831c
0.22666666666666666,Rv1509
0.24074074074074073,helZ
0.2077922077922078,Rv2370c
0.2328767123287671,Rv2566
0.2328767123287671,Rv3091
0.2923076923076923,Rv3239c
0.19402985074626866,acs
0.3050847457627119,Rv3728
0.15,Rv3785
0.24324324324324326,eccD2
0.23076923076923078,Rv0037c
0.1864406779661017,Rv0146
0.19047619047619047,Rv0147
0.2112676056338028,Rv0323c
0.27941176470588236,Rv0339c
0.2898550724637681,mmpL1
0.28378378378378377,pknG
0.1927710843373494,psd
0.30666666666666664,Rv0466-icl1
0.21518987341772153,Rv0481c
0.3582089552238806,Rv0487-Rv0488
0.1875,hemC
0.3150684931506849,Rv0537c-Rv0538
0.14035087719298245,menD
0.21333333333333335,Rv0575c-Rv0576
0.2716049382716049,recC
0.25,atsA
0.27586206896551724,rslA
0.21518987341772153,phoR
0.15853658536585366,cysK2
0.2753623188405797,rpfA
0.20967741935483872,fadE10
0.2602739726027397,pgi-Rv0947c
0.26153846153846155,Rv1052
0.22666666666666666,Rv1105
0.25,zwf1
0.2948717948717949,fdxC
0.2463768115942029,Rv1179c
0.3103448275862069,fadD21
0.16666666666666666,sigI
0.28169014084507044,mdh
0.26153846153846155,Rv1357c
0.14035087719298245,Rv1363c-mcr15
0.16091954022988506,Rv1364c-rsfA
0.13043478260869565,cyp132
0.3176470588235294,nlhH-lipI
0.22857142857142856,Rv1465
0.23728813559322035,trxB1
0.2631578947368421,Rv1616-pykA
0.2716049382716049,engA-Rv1714
0.2857142857142857,modC
0.24193548387096775,Rv1896c
0.2923076923076923,lipJ
0.2727272727272727,Rv1914c
0.2361111111111111,Rv1937
0.3013698630136986,Rv1947-Rv1948c
0.225,yrbE3A
0.26506024096385544,erm(37)-Rv1989c
0.22857142857142856,Rv1996
0.2361111111111111,Rv2011c
0.16455696202531644,Rv2113
0.2112676056338028,cyp124-Rv2267c
0.21818181818181817,Rv2294
0.19402985074626866,cut2
0.21518987341772153,Rv2307B-Rv2307D
0.29411764705882354,Rv2387
0.27631578947368424,oxyR
0.2676056338028169,orn-hisT
0.2535211267605634,Rv2514c
0.35384615384615387,fas
0.3064516129032258,Rv2631
0.21739130434782608,arsC
0.23684210526315788,Rv2751
0.18840579710144928,Rv2765
0.2962962962962963,Rv2828A
0.16901408450704225,pyrH-Rv2884
0.2727272727272727,ffh
0.2459016393442623,tesA
0.2608695652173913,Rv2968c
0.13953488372093023,leuD
0.24324324324324326,Rv2991
0.30357142857142855,Rv3032A
0.16883116883116883,Rv3067
0.25,Rv3083
0.26785714285714285,fadE23
0.21621621621621623,Rv3177-Rv3178
0.2191780821917808,Rv3194c-Rv3195
0.25316455696202533,ppk2
0.18421052631578946,fbiB-Rv3263
0.2222222222222222,otsB2
0.2222222222222222,infA-Rv3463
0.28125,kshA
0.3157894736842105,lpqE
0.2857142857142857,mhuD
0.18518518518518517,Rv3784
0.2191780821917808,pirG
0.2876712328767123,espB
0.3611111111111111,eccE2
0.18181818181818182,Rv0914c
0.3382352941176471,Rv1084
0.2,Rv2168c-Rv2169c
0.2375,accE5
0.23880597014925373,vapB37-Rv2105
0.189873417721519,PE27A-esxR
0.175,hspR
0.2857142857142857,ponA1
0.2876712328767123,mshD-phoT
0.1875,pknD
0.19736842105263158,Rv0961
0.24074074074074073,ncrMT1234-esxK
0.273972602739726,frdD-Rv1556
0.18518518518518517,pyrG
0.1951219512195122,Rv1774
0.23809523809523808,lprM
0.19696969696969696,Rv1990A
0.22666666666666666,Rv2100-helZ
0.29545454545454547,Rv2323c-Rv2324
0.19753086419753085,Rv2324-Rv2325c
0.25,Rv3324A
0.24675324675324675,clpC1-mpr17
0.25301204819277107,Rv3630
0.25757575757575757,B11
0.2916666666666667,Rv0004
0.2153846153846154,ileT-alaT
0.21978021978021978,pbpA
0.2236842105263158,Rv0029
0.2542372881355932,Rv0051
0.25,Rv0059
0.2537313432835821,Rv0075
0.22388059701492538,Rv0082
0.34782608695652173,Rv0083
0.23529411764705882,nrp
0.22058823529411764,Rv0102
0.2,htdZ
0.2375,Rv0149
0.2777777777777778,mce1B
0.23170731707317074,mce1F
0.25757575757575757,Rv0210
0.18181818181818182,fabG4
0.2875,Rv0281
0.22972972972972974,eccB3
0.1891891891891892,eccC3
0.1590909090909091,Rv0296c
0.18461538461538463,Rv0345
0.20481927710843373,Rv0385
0.21666666666666667,Rv0396
0.25925925925925924,lpqK
0.2125,mmpS1
0.24285714285714285,thiE
0.15,lpqM
0.19117647058823528,echA2
0.22666666666666666,Rv0457c-Rv0458
0.2191780821917808,Rv0458
0.2638888888888889,Rv0474-hbhA
0.189873417721519,murB
0.25,Rv0552
0.3424657534246575,nrdZ
0.3548387096774194,Rv0574c
0.2345679012345679,Rv0625c
0.2463768115942029,Rv0647c
0.1774193548387097,rplL
0.2972972972972973,vapC6
0.23170731707317074,lpqP
0.27848101265822783,mmpS5
0.3181818181818182,Rv0686
0.24324324324324326,lldD1
0.359375,Rv0697-Rv0698
0.25675675675675674,Rv0698
0.2318840579710145,Rv0755A-thrV
0.21311475409836064,ptrBb
0.15492957746478872,ercc3
0.26582278481012656,Rv0870c
0.3088235294117647,Rv0883c
0.140625,gltA2
0.27631578947368424,Rv0944
0.323943661971831,Rv0958
0.24675324675324675,Rv0963c
0.2597402597402597,ctpV
0.25,grcC2
0.21333333333333335,Rv0999
0.26153846153846155,lpqT-prsA
0.24324324324324326,Rv1025
0.2876712328767123,PE8-Rv1041c
0.21212121212121213,Rv1087A-PE9
0.29411764705882354,ephC
0.2571428571428571,narG
0.15,fbiC
0.2125,Rv1190-Rv1191
0.25675675675675674,glgC-PE14
0.265625,lpqZ
0.22784810126582278,Rv1245c-relE
0.273972602739726,atpH
0.234375,glgE
0.18055555555555555,Rv1358
0.26506024096385544,Rv1364c
0.16129032258064516,Rv1431
0.2972972972972973,Rv1455
0.3333333333333333,Rv1460
0.2786885245901639,fadE15-PE_PGRS29
0.19718309859154928,Rv1489A
0.19117647058823528,lprI
0.23880597014925373,fadD11
0.35,treZ
0.19753086419753085,Rv1592c
0.22784810126582278,Rv1592c-Rv1593c
0.30864197530864196,trpE
0.2987012987012987,uvrA
0.19402985074626866,Rv1676
0.24,Rv1683
0.09876543209876543,tyrS
0.32098765432098764,cyp144
0.296875,malQ
0.25396825396825395,Rv1804c
0.2112676056338028,secA2-pgsA2
0.18181818181818182,Rv1855c
0.28735632183908044,Rv1868
0.2727272727272727,Rv1874
0.21794871794871795,cyp140
0.2916666666666667,PPE35-Rv1919c
0.32857142857142857,tpx
0.23333333333333334,Rv1944c
0.19672131147540983,Rv1950c
0.2318840579710145,Rv1954A-higB
0.2112676056338028,Rv1961
0.203125,mce3R
0.22972972972972974,Rv2005c
0.2459016393442623,Rv2008c-vapB15
0.24050632911392406,Rv2022c
0.22077922077922077,Rv2024c
0.2465753424657534,cobM
0.19047619047619047,Rv2119
0.22857142857142856,hisE-PPE37
0.21176470588235294,Rv2137c
0.25,Rv2141c-leuU
0.19672131147540983,murC
0.13043478260869565,pimB
0.2361111111111111,qcrB
0.21794871794871795,Rv2216
0.23376623376623376,lppN
0.3103448275862069,lppP
0.29508196721311475,stp
0.22388059701492538,cysE
0.22388059701492538,lppQ-Rv2342
0.1375,Rv2345
0.1625,plcB
0.2692307692307692,phoH1
0.1917808219178082,nadD-Rv2422
0.23809523809523808,proA
0.2236842105263158,Rv2434c
0.25316455696202533,gdh
0.24324324324324326,Rv2477c
0.2537313432835821,fadD35
0.15151515151515152,hisT-Rv2512c
0.24285714285714285,pepQ
0.1927710843373494,Rv2560
0.2972972972972973,Rv2561
0.2875,gabT
0.29850746268656714,Rv2609c
0.2535211267605634,arsA-arsB1
0.27941176470588236,sthA
0.2876712328767123,Rv2732c
0.31645569620253167,Rv2752c
0.358974358974359,Rv2815c-Rv2816c
0.25862068965517243,Rv2817c
0.29577464788732394,Rv2819c
0.2571428571428571,vapB23
0.3076923076923077,Rv2913c-pknI
0.25925925925925924,pknI
0.2459016393442623,Rv2926c
0.25,pks1
0.28735632183908044,Rv2949c
0.2033898305084746,pca
0.3157894736842105,Rv2989
0.18666666666666668,trmU
0.20588235294117646,fadE22
0.21052631578947367,ligB-cstA
0.20833333333333334,Rv3072c
0.15789473684210525,pknK
0.1791044776119403,fadD13
0.26153846153846155,Rv3113
0.15625,moeB2
0.2459016393442623,cyp141
0.3,Rv3123-moaR1
0.24050632911392406,Rv3134c
0.24358974358974358,nuoD
0.24358974358974358,Rv3192
0.22972972972972974,Rv3277
0.15492957746478872,Rv3300c
0.1935483870967742,lpdA-Rv3304
0.3076923076923077,icd1
0.265625,amiD-Rv3376
0.2631578947368421,lytB1
0.2916666666666667,rplM
0.1875,lipF-Rv3488
0.1927710843373494,yrbE4A-Rv3502c
0.2878787878787879,Rv3527
0.2676056338028169,lppH-Rv3577
0.26666666666666666,arsB2
0.22857142857142856,Rv3658c
0.2835820895522388,Rv3660c-B11
0.16,Rv3662c
0.26865671641791045,cyp137
0.3,Rv3695
0.3181818181818182,Rv3698
0.2903225806451613,Rv3703c
0.22727272727272727,Rv3723
0.1791044776119403,Rv3748
0.2857142857142857,tcrX-Rv3766
0.171875,Rv3796
0.2222222222222222,fbpD
0.16,glf-pirG
0.1774193548387097,Rv3811
0.22972972972972974,pks2
0.2459016393442623,Rv3832c
0.20430107526881722,Rv3832c-Rv3833
0.26582278481012656,Rv3843c-MTS2975
0.2972972972972973,ethA
0.2073170731707317,gltD
0.2835820895522388,espG1
0.23943661971830985,eccB1
0.21978021978021978,espB-eccE1
0.27631578947368424,mycP1
0.22727272727272727,eccA2
0.21794871794871795,mycP2
0.22058823529411764,Rv0023
0.2236842105263158,PE2-ptbB
0.23943661971830985,mycP3
0.2692307692307692,Rv0387c
0.23255813953488372,ppm1-Rv2052c
0.2375,cobG
0.2786885245901639,ugpB
0.2112676056338028,Rv3093c
0.3142857142857143,mce4F
0.25757575757575757,Rv3787c
0.2833333333333333,nuoN
0.15384615384615385,Rv0647c-Rv0648
0.20253164556962025,ptkA
0.2537313432835821,Rv2279-Rv2280
0.22388059701492538,Rv2818c
0.22857142857142856,htdX
0.1891891891891892,Rv1148c-Rv1149
0.20253164556962025,Rv1190
0.19480519480519481,PE_PGRS50-Rv3346c
0.2463768115942029,sodA-Rv3847
0.29508196721311475,Rv0030
0.2222222222222222,ldtA
0.325,Rv0180c
0.17857142857142858,vapC2
0.25,glpQ2
0.25,Rv0371c
0.22388059701492538,ndhA
0.30434782608695654,Rv0487
0.2222222222222222,Rv0496
0.2112676056338028,Rv0622
0.23076923076923078,rpoC
0.21428571428571427,moaA2
0.19718309859154928,Rv0923c
0.16071428571428573,greA-Rv1081c
0.26744186046511625,murA
0.3170731707317073,Rv1378c
0.27941176470588236,Rv1443c-Rv1444c
0.2923076923076923,mmpL12
0.25316455696202533,pks5-papA4
0.30434782608695654,gcvB
0.325,lipT
0.24193548387096775,Rv2219
0.20634920634920634,Rv2258c-mscR
0.32432432432432434,pitB
0.2631578947368421,Rv2285
0.24705882352941178,ggtB
0.19736842105263158,Rv2435c
0.22093023255813954,Rv2456c
0.3058823529411765,secD
0.1625,Rv2599-Rv2600
0.21621621621621623,Rv2662-Rv2663
0.22972972972972974,aftC-msrB
0.23170731707317074,serA1
0.1506849315068493,Rv3167c
0.21875,Rv3224
0.14666666666666667,atsB
0.25287356321839083,Rv3482c
0.21311475409836064,Rv3538
0.19540229885057472,ftsH
0.20930232558139536,tgs2
0.2545454545454545,Rv3770c-Rv3770A
0.25675675675675674,Rv3901c-Rv3902c
0.3076923076923077,Rv0383c
0.20930232558139536,Rv0650
0.2112676056338028,fadE9
0.26744186046511625,lpqW
0.21666666666666667,priA
0.22058823529411764,whiA
0.30303030303030304,amt-ftsY
0.38596491228070173,Rv3166c
0.21428571428571427,Rv0071
0.38235294117647056,esxR-esxS
0.19672131147540983,Rv0029-Rv0030
0.28169014084507044,Rv0273c-Rv0274
0.2878787878787879,iniB
0.25,ndhA-Rv0393
0.2808988764044944,pstS1
0.2361111111111111,omt
0.20224719101123595,pknH
0.20634920634920634,Rv2980-ddlA
0.18309859154929578,espJ
0.21839080459770116,Rv0128-fbpC
0.2112676056338028,Rv0194-Rv0195
0.2786885245901639,Rv0426c
0.25,Rv0528
0.1891891891891892,TB27.3
0.2786885245901639,Rv0634c
0.24719101123595505,pip
0.2777777777777778,rpfB
0.2345679012345679,Rv1140
0.3114754098360656,mcr
0.21686746987951808,folP2
0.17777777777777778,cya
0.22727272727272727,Rv1627c
0.3548387096774194,pks11
0.21052631578947367,aceAb
0.2463768115942029,higA
0.3176470588235294,dop
0.18518518518518517,murE
0.24050632911392406,uspC
0.26666666666666666,dgt-Rv2345
0.21333333333333335,mbtI
0.22950819672131148,eis
0.21794871794871795,Rv2517c-ldtB
0.17567567567567569,Rv2715
0.18666666666666668,miaA
0.2545454545454545,Rv2733c
0.2054794520547945,mpt83-dipZ
0.2711864406779661,glnD
0.18309859154929578,Rv2929-fadD26
0.25316455696202533,dinP
0.3142857142857143,hab
0.2125,moaR1-PPE49
0.12857142857142856,Rv3196A-Rv3197
0.25925925925925924,fbiA
0.22972972972972974,Rv3430c-Rv3431c
0.225,eccC4
0.265625,cut4-Rv3453
0.225,ddn
0.22857142857142856,Rv3575c
0.22807017543859648,Rv3742c-ctpJ
0.25,Rv2147c
0.23943661971830985,Rv0756c-phoP
0.18181818181818182,clgR
0.21621621621621623,Rv0027
0.25,lprO
0.31343283582089554,mymT-Rv0187
0.2153846153846154,Rv0314c
0.22388059701492538,dcd-udgA
0.25274725274725274,cyp135A1
0.11940298507462686,Rv0356c
0.2328767123287671,Rv0374c
0.14754098360655737,Rv0726c
0.16901408450704225,Rv0744c-Rv0745
0.17647058823529413,Rv0767c
0.24358974358974358,Rv0789c
0.2823529411764706,ASdes-Rv0825c
0.23376623376623376,Rv0877
0.18571428571428572,accD2
0.3333333333333333,Rv1117
0.35714285714285715,Rv1194c
0.20253164556962025,Rv1289
0.20238095238095238,vapB10
0.25396825396825395,nlhH
0.25,Rv1429
0.2676056338028169,Rv1501-Rv1502
0.2631578947368421,cydC
0.36764705882352944,Rv1711
0.2714285714285714,lppF
0.28205128205128205,mce3A
0.23170731707317074,Rv2039c
0.2,lppM
0.23809523809523808,qcrC
0.3404255319148936,mbtA
0.35064935064935066,Rv2401
0.25,Rv2455c
0.21686746987951808,Rv2585c
0.2702702702702703,Rv2661c
0.23595505617977527,Rv2798c
0.2777777777777778,Rv2821c
0.20512820512820512,fdhF-Rv2901c
0.19402985074626866,gltS
0.28,Rv3160c
0.3013698630136986,Rv3249c
0.21518987341772153,fbiB
0.14432989690721648,Rv3351c
0.14864864864864866,relK
0.28169014084507044,Rv3377c
0.2028985507246377,Rv3401
0.2465753424657534,Rv3406
0.3283582089552239,folB
0.22666666666666666,Rv3701c
0.22950819672131148,fbpA
0.23943661971830985,Rv3903c
0.2727272727272727,lprA
0.2465753424657534,Rv1729c-Rv1730c
0.16,cspB-PE_PGRS15
0.21212121212121213,Rv0026
0.22950819672131148,Rv0074
0.23376623376623376,fadE3
0.3382352941176471,ufaA1
0.2698412698412698,galTb
0.20833333333333334,Rv0737
0.19117647058823528,far-Rv0856
0.24285714285714285,lprP-Rv0963c
0.25,Rv0966c
0.25333333333333335,kdpD
0.20238095238095238,Rv1204c
0.2727272727272727,Rv1260
0.3108108108108108,Rv1526c
0.3333333333333333,pks10
0.2542372881355932,cycA
0.22535211267605634,Rv1804c-Rv1805c
0.3333333333333333,Rv1810
0.18292682926829268,Rv1841c
0.24358974358974358,Rv1895
0.24050632911392406,lipJ-cinA
0.20270270270270271,fadB5
0.22388059701492538,mazF5
0.20481927710843373,Rv1977
0.24285714285714285,cobK
0.25,Rv2091c
0.19230769230769232,PE_PGRS37-ansP1
0.22058823529411764,Rv2189c
0.16417910447761194,cyp128
0.24285714285714285,Rv2275
0.29850746268656714,Rv2319c
0.28169014084507044,Rv2553c
0.26153846153846155,Rv2557
0.22972972972972974,Rv2574
0.2054794520547945,Rv2630-Rv2631
0.23076923076923078,Rv2699c-Rv2700
0.27941176470588236,Rv2777c
0.27419354838709675,Rv2802c
0.26666666666666666,Rv2803
0.17857142857142858,Rv2953
0.28888888888888886,Rv2994
0.2625,Rv3007c
0.24324324324324326,Rv3037c
0.1780821917808219,Rv3087
0.3088235294117647,Rv3128c-Rv3129
0.2564102564102564,Rv3129
0.2714285714285714,aofH
0.2857142857142857,tgs3
0.2916666666666667,Rv3337
0.2,Rv3401-Rv3402c
0.15853658536585366,Rv3716c
0.2571428571428571,Rv3733c
0.1875,Rv3798-accD4
0.22580645161290322,Rv3836
0.18181818181818182,espE
0.2463768115942029,gyrB
0.2289156626506024,gyrA
0.2692307692307692,gyrA-Rv0007
0.2894736842105263,ppiA-Rv0010c
0.22413793103448276,Rv0010c
0.275,Rv0021c
0.24050632911392406,celA1
0.2463768115942029,celA1-Rv0063
0.27631578947368424,Rv0063-Rv0064
0.20987654320987653,vapC1
0.2903225806451613,Rv0067c
0.2112676056338028,Rv0068
0.1935483870967742,ctpA
0.36363636363636365,Rv0094c-Rv0095c
0.22857142857142856,gmhA
0.265625,treS-mak
0.29850746268656714,Rv0143c
0.16923076923076924,Rv0144
0.16417910447761194,Rv0150c-PE1
0.323943661971831,adhE1
0.29577464788732394,yrbE1A
0.25,Rv0177
0.35294117647058826,bglS-mymT
0.29577464788732394,Rv0193c-Rv0194
0.2702702702702703,Rv0213c
0.16883116883116883,lipC
0.273972602739726,vapB24
0.27848101265822783,cobQ1
0.19753086419753085,Rv0263c
0.23684210526315788,tam
0.175,Rv0309
0.19480519480519481,Rv0329c
0.25757575757575757,Rv0331
0.22666666666666666,Rv0340-iniB
0.21212121212121213,dnaK
0.2625,dnaJ1
0.25396825396825395,hspR-PPE7
0.18292682926829268,Rv0361-mgtE
0.18032786885245902,Rv0374c-Rv0375c
0.28169014084507044,Rv0386
0.17142857142857143,thiD
0.2222222222222222,Rv0433
0.30303030303030304,Rv0449c
0.21333333333333335,Rv0452-PPE11
0.25609756097560976,Rv0465c
0.2236842105263158,umaA
0.23529411764705882,umaA-pcaA
0.2597402597402597,Rv0471c
0.14473684210526316,Rv0473
0.23809523809523808,Rv0479c
0.2318840579710145,Rv0480c-Rv0481c
0.26666666666666666,serB1
0.22535211267605634,Rv0514-Rv0515
0.17073170731707318,Rv0541c
0.16853932584269662,recB
0.2676056338028169,Rv0633c
0.2361111111111111,secE1
0.17142857142857143,Rv0653c-Rv0654
0.22857142857142856,mkl
0.21621621621621623,vapB6-Rv0658c
0.1896551724137931,Rv0658c
0.296875,rpoC-Rv0669c
0.22058823529411764,fadE8
0.20481927710843373,tuf-Rv0686
0.14285714285714285,Rv0699-rpsJ
0.28205128205128205,Rv0725c
0.28205128205128205,vapC31
0.16923076923076924,Rv0756c
0.29577464788732394,Rv0776c-purB
0.20481927710843373,cyp126
0.2222222222222222,Rv0791c
0.20253164556962025,Rv0802c
0.38461538461538464,thiX
0.25,Rv0856
0.23943661971830985,moaC2
0.25316455696202533,Rv0876c-Rv0877
0.24358974358974358,Rv0897c
0.23943661971830985,ompA
0.265625,Rv0906
0.19480519480519481,Rv0911
0.24,Rv0913c
0.3013698630136986,betP
0.1927710843373494,betP-Rv0918
0.18055555555555555,Rv0925c
0.175,pstS3
0.3770491803278688,ligD
0.24390243902439024,Rv0950c
0.265625,accA2
0.25806451612903225,arcA
0.31666666666666665,Rv1012-pks16
0.2777777777777778,mfd
0.2289156626506024,trcS
0.2894736842105263,Rv1051c-mpr5
0.24675324675324675,Rv1061
0.2702702702702703,Rv1069c
0.23809523809523808,fadA3
0.2463768115942029,Rv1096
0.3114754098360656,glpX
0.21739130434782608,Rv1111c
0.29333333333333333,Rv1129c-prpD
0.3026315789473684,Rv1134-PPE16
0.30357142857142855,pks3
0.25,papA3
0.2,dapD
0.21428571428571427,Rv1231c
0.25609756097560976,Rv1248c
0.22857142857142856,Rv1251c
0.23809523809523808,cyp130
0.14084507042253522,Rv1264
0.25316455696202533,Rv1273c
0.19672131147540983,oppB-canA
0.24675324675324675,Rv1291c-argV
0.2459016393442623,atpG
0.2839506172839506,rrl
0.23076923076923078,pncB1
0.2692307692307692,rphA
0.19117647058823528,irtA
0.1643835616438356,Rv1356c-Rv1357c
0.3333333333333333,Rv1359-Rv1360
0.2698412698412698,Rv1363c
0.25,mcr15
0.25,Rv1372
0.35294117647058826,Rv1377c
0.2903225806451613,PPE20-mihF
0.20270270270270271,Rv1403c
0.2077922077922078,Rv1405c
0.125,lipO
0.2894736842105263,Rv1428c
0.32,tpi-Rv1439c
0.22807017543859648,Rv1439c-secG
0.16901408450704225,Rv1500
0.2631578947368421,Rv1506c
0.25333333333333335,Rv1518
0.2608695652173913,fadD24
0.21176470588235294,fadD24-adh
0.273972602739726,adh
0.21311475409836064,Rv1534-Rv1535
0.23076923076923078,Rv1543
0.2222222222222222,Rv1565c
0.18055555555555555,bioD
0.20253164556962025,Rv1591
0.22972972972972974,hisB
0.22666666666666666,hisI
0.21621621621621623,lgt
0.22857142857142856,rpsA
0.1875,Rv1634
0.2714285714285714,tsnR
0.25,pheT
0.14457831325301204,argH
0.2463768115942029,pks17
0.2112676056338028,Rv1672c
0.3,dsbF
0.30985915492957744,recN
0.22950819672131148,engA
0.21052631578947367,fadB3
0.2289156626506024,Rv1723
0.2,Rv1724c
0.24242424242424243,fadD1
0.2916666666666667,Rv1773c-Rv1774
0.25,Rv1779c
0.3170731707317073,malQ-eccB5
0.22666666666666666,eccC5
0.3333333333333333,PPE26-PPE27
0.2328767123287671,esxM
0.2714285714285714,eccE5
0.27941176470588236,ilvG
0.25,Rv1836c
0.20634920634920634,blaI
0.25,Rv1866
0.3157894736842105,Rv1875
0.22058823529411764,bfrA-Rv1877
0.21333333333333335,lppE
0.3114754098360656,Rv1889c
0.22058823529411764,aceAa
0.25675675675675674,Rv1931c
0.3108108108108108,Rv1957
0.23684210526315788,mce3F
0.3283582089552239,Rv1975
0.2028985507246377,Rv1993c
0.2631578947368421,Rv1995
0.23529411764705882,Rv1995-Rv1996
0.22950819672131148,Rv1996-ctpF
0.3,Rv2003c
0.2891566265060241,otsB1
0.225,ppm1
0.18604651162790697,mazF7
0.25,Rv2074
0.2638888888888889,Rv2081c-Rv2082
0.28,Rv2090
0.2878787878787879,Rv2132
0.3333333333333333,lppL
0.18032786885245902,TB18.6
0.22784810126582278,Rv2143
0.2535211267605634,pbpB
0.2077922077922078,Rv2164c
0.3333333333333333,Rv2203
0.15294117647058825,Rv2205c-Rv2206
0.23529411764705882,Rv2212
0.2597402597402597,glnA2
0.22641509433962265,rnpB-Rv2227
0.175,Rv2230c
0.2602739726027397,mcr16-acpM
0.3409090909090909,Rv2257c
0.2153846153846154,Rv2265
0.171875,Rv2277c
0.1951219512195122,Rv2298
0.27848101265822783,Rv2307c
0.25757575757575757,Rv2309c-Rv2309A
0.275,rocE
0.17105263157894737,narK1
0.20481927710843373,smtB
0.2,dnaJ2
0.25925925925925924,mbtF
0.16363636363636364,mbtJ
0.22058823529411764,lepA
0.36619718309859156,ndkA-Rv2446c
0.18518518518518517,clpX-mmuM
0.29411764705882354,Rv2484c
0.14754098360655737,mrr-Rv2529
0.2702702702702703,vapC19-Rv2548A
0.18571428571428572,Rv2560-mpr11
0.2,Rv2570
0.3684210526315789,Rv2575
0.1875,relA
0.23076923076923078,vapB40
0.2711864406779661,pdxH
0.27631578947368424,pgsA1
0.2,aftC
0.2571428571428571,Rv2676c
0.2463768115942029,hemY
0.32786885245901637,Rv2681
0.2564102564102564,Rv2712c-sthA
0.3472222222222222,Rv2717c-nrdR
0.2,Rv2719c
0.25,Rv2779c
0.2597402597402597,sirR
0.25862068965517243,ltp1
0.2127659574468085,Rv2807-Rv2808
0.2112676056338028,Rv2825c
0.27692307692307694,ugpC
0.2786885245901639,infB
0.20454545454545456,aldC
0.2714285714285714,Rv2867c
0.20253164556962025,Rv2880c
0.20588235294117646,rplS-lppW
0.31343283582089554,Rv2913c
0.234375,Rv2927c
0.25396825396825395,fadD22
0.2361111111111111,Rv2953-Rv2954c
0.3380281690140845,Rv2955c
0.34285714285714286,Rv2959c-Rv2960c
0.22535211267605634,Rv2962c
0.26582278481012656,Rv2971
0.2,recG
0.18461538461538463,Rv2974c
0.2535211267605634,Rv2990c
0.21052631578947367,esxR
0.16216216216216217,Rv3026c
0.2413793103448276,Rv3032A-Rv3033
0.21428571428571427,ctaD
0.24285714285714285,adhC
0.16666666666666666,cstA-Rv3064c
0.1891891891891892,Rv3066-Rv3067
0.2,Rv3079c
0.2558139534883721,virS
0.22058823529411764,virS-Rv3083
0.3111111111111111,Rv3085
0.1411764705882353,smpB
0.23684210526315788,moaC1
0.35384615384615387,tgs1
0.14814814814814814,Rv3161c
0.3194444444444444,Rv3218
0.2692307692307692,TB7.3
0.35526315789473684,fadE25
0.2054794520547945,birA
0.23333333333333334,lat
0.20588235294117646,lat-lrpA
0.36,lrpA
0.23376623376623376,nei
0.15714285714285714,phoY1
0.2558139534883721,sdhC
0.16417910447761194,Rv3355c
0.2535211267605634,folD
0.21818181818181817,Rv3362c
0.24096385542168675,dnaE2
0.2028985507246377,amiD
0.2222222222222222,dxs2
0.3150684931506849,Rv3394c
0.24050632911392406,guaA
0.20270270270270271,idsA1
0.30864197530864196,gadB
0.2857142857142857,Rv3435c-glmS
0.2753623188405797,rpsI
0.2571428571428571,rmlC-Rv3466
0.30434782608695654,kgtP-PE31
0.189873417721519,Rv3480c
0.2222222222222222,Rv3502c
0.22077922077922077,fadD17
0.22077922077922077,Rv3510c
0.19117647058823528,Rv3521
0.27941176470588236,Rv3525c
0.27586206896551724,Rv3530c
0.29508196721311475,hsaG
0.20481927710843373,Rv3549c
0.2682926829268293,Rv3549c-echA20
0.31343283582089554,fadE31
0.2112676056338028,ispF
0.19230769230769232,ispD
0.3088235294117647,clpC1
0.25675675675675674,Rv3635
0.265625,Rv3645
0.2898550724637681,topA
0.22988505747126436,mpr18-PE_PGRS60
0.25,MTS2823-Rv3662c
0.29577464788732394,Rv3684
0.22535211267605634,moxR2
0.2289156626506024,Rv3694c-Rv3695
0.2676056338028169,Rv3699
0.3037974683544304,ask-leuA
0.30434782608695654,Rv3719
0.3013698630136986,Rv3726
0.2619047619047619,Rv3732
0.36585365853658536,Rv3736
0.3611111111111111,ctpJ
0.2236842105263158,tyrA
0.24675324675324675,Rv3770c
0.2714285714285714,Rv3786c
0.27848101265822783,embA
0.2463768115942029,Rv3814c
0.27631578947368424,Rv3833
0.23376623376623376,Rv3848-espR
0.3287671232876712,rraA
0.22727272727272727,Rv3860
0.265625,whiB6
0.16666666666666666,eccA1
0.27941176470588236,Rv3897c
0.21518987341772153,pcnA
0.2804878048780488,Rv3912
0.29577464788732394,Rv3921c
0.26436781609195403,mce2D
0.3194444444444444,Rv0743c
0.20512820512820512,papA4
0.2535211267605634,Rv1924c
0.2328767123287671,Rv1986-Rv1987
0.2625,PPE56-Rv3351c
0.2361111111111111,whiB4
0.1791044776119403,Rv0104-rpmB1
0.3380281690140845,Rv0144-Rv0145
0.3333333333333333,Rv0157A-Rv0158
0.2441860465116279,mce1C
0.24675324675324675,ilvD
0.2727272727272727,php
0.1791044776119403,narU
0.24444444444444444,Rv0318c
0.2077922077922078,fgd1
0.2054794520547945,pta
0.19753086419753085,Rv0435c
0.26865671641791045,galE2
0.3380281690140845,menE
0.24050632911392406,mgtA
0.2894736842105263,Rv0561c
0.2631578947368421,yrbE2A
0.34523809523809523,Rv0628c
0.3194444444444444,echA3
0.2,fabD2
0.2692307692307692,Rv0689c-Rv0690c
0.2857142857142857,Rv0750
0.25,Rv0774c
0.30666666666666664,Rv0811c
0.2222222222222222,Rv0849
0.21428571428571427,Rv0891c
0.2054794520547945,mscL-Rv0986
0.23076923076923078,PE10-celA2a
0.3492063492063492,vapC32-Rv1115
0.17567567567567569,Rv1139c
0.2459016393442623,Rv1158c
0.14285714285714285,typA
0.18055555555555555,Rv1191
0.20833333333333334,Rv1233c
0.2222222222222222,sugB
0.17391304347826086,Rv1276c
0.2535211267605634,Rv1312-Rv1313c
0.15853658536585366,alkA
0.3114754098360656,mbtM
0.21311475409836064,fabG2
0.13846153846153847,ctaB
0.23943661971830985,Rv1503c
0.30985915492957744,Rv1508c
0.25333333333333335,treY
0.28169014084507044,Rv1730c-gabD2
0.23529411764705882,Rv1744c
0.2112676056338028,Rv1751
0.20253164556962025,Rv1786-PPE25
0.19230769230769232,apa-Rv1861
0.25,mazE6-ctpG
0.15789473684210525,Rv2012-Rv2013
0.3333333333333333,Rv2035
0.22058823529411764,Rv2073c
0.2676056338028169,Rv2161c
0.22077922077922077,Rv2170
0.24285714285714285,ctaC-asnB
0.2727272727272727,Rv2223c
0.189873417721519,Rv2308-metV
0.21052631578947367,mbtE
0.24,Rv2466c-pepN
0.21621621621621623,glbO
0.2753623188405797,Rv2480c-Rv2481c
0.2972972972972973,vapC19
0.19480519480519481,Rv2577
0.18055555555555555,secD-yajC
0.23943661971830985,ruvB
0.30158730158730157,Rv2597
0.26582278481012656,tesB2
0.18666666666666668,Rv2622
0.21794871794871795,Rv2627c-Rv2628
0.20588235294117646,msrB-Rv2675c
0.23076923076923078,recA
0.24561403508771928,Rv2854
0.25396825396825395,rpsB
0.22727272727272727,Rv2917
0.22388059701492538,ligA
0.26666666666666666,Rv3071
0.2835820895522388,dacB1
0.234375,glmS
0.1956521739130435,fadD19-echA19
0.3684210526315789,Rv3524
0.25842696629213485,topA-Rv3647c
0.2465753424657534,Rv3649
0.2647058823529412,Rv3730c
0.3055555555555556,proW
0.30120481927710846,Rv3771c-argU
0.25,Rv3818
0.20987654320987653,Rv3850
0.17567567567567569,gid-Rv3920c
0.18309859154929578,ephA
0.2463768115942029,Rv0306
0.2602739726027397,cfp2
0.14492753623188406,Rv2551c
0.2463768115942029,mesT-Rv3177
0.24,ilvX
0.2894736842105263,ctpB-Rv0104
0.36764705882352944,vapB4
0.24615384615384617,Rv0681
0.2328767123287671,Rv1104
0.2328767123287671,glgC
0.16666666666666666,Rv1488
0.3246753246753247,PPE33-Rv1810
0.4090909090909091,Rv1922
0.21621621621621623,Rv2042c
0.3333333333333333,ftsW
0.2948717948717949,lysU-PE26
0.25757575757575757,speE
0.3023255813953488,cobO
0.2345679012345679,Rv3074
0.359375,Rv3191c-metU
0.31746031746031744,radA
0.3114754098360656,Rv3898c-Rv3899c
0.20967741935483872,Rv3326-Rv3327
0.2318840579710145,Rv2426c-proA
0.3076923076923077,Rv2075c
0.175,Rv0049-ponA1
0.14285714285714285,Rv0140
0.25,mce1A
0.24390243902439024,Rv0381c
0.2753623188405797,Rv0518
0.15151515151515152,Rv0580c
0.3620689655172414,vapB4-Rv0597c
0.23376623376623376,mazE2-vapC7
0.2682926829268293,Rv0687
0.2714285714285714,Rv0785
0.28378378378378377,cysA2-thiX
0.29545454545454547,Rv0876c
0.2222222222222222,uvrD1
0.1794871794871795,gnd2
0.19753086419753085,Rv1171
0.24691358024691357,PE_PGRS25-vapC10
0.34177215189873417,mutB
0.3,Rv1673c
0.2727272727272727,vapB12-Rv1722
0.2,pknE
0.25675675675675674,cmtR-Rv1995
0.22950819672131148,cobS-Rv2209
0.30985915492957744,kasB
0.3333333333333333,Rv2307c-Rv2307A
0.19230769230769232,che1
0.3384615384615385,echA14
0.2875,Rv2513
0.20967741935483872,Rv2542
0.25,PE_PGRS45-Rv2616
0.2608695652173913,suhB
0.265625,sigB-ideR
0.18055555555555555,Rv2897c
0.2235294117647059,cstA
0.3793103448275862,Rv3179
0.24096385542168675,aroA
0.2857142857142857,Rv3241c
0.25806451612903225,Rv3481c-Rv3482c
0.22077922077922077,Rv3548c
0.2682926829268293,Rv3668c-Rv3669
0.29577464788732394,Rv3737
0.27848101265822783,eccCb1-PE35
0.18072289156626506,AS1726
0.1891891891891892,Rv0572c
0.18840579710144928,rplW
0.18461538461538463,ptrBa
0.22807017543859648,icd2
0.3283582089552239,Rv0088
0.2413793103448276,fadA2
0.2833333333333333,Rv0260c-narK3
0.225,Rv0348
0.234375,Rv0373c
0.17073170731707318,mazF2
0.2328767123287671,rpsG
0.14705882352941177,PPE13-Rv0879c
0.2876712328767123,Rv0953c
0.1794871794871795,Rv1021
0.25757575757575757,lpqV
0.31746031746031744,Rv1116A
0.1917808219178082,corA
0.26153846153846155,cyp130-Rv1257c
0.28205128205128205,Rv1480
0.2,bioA
0.18421052631578946,Rv1637c
0.19444444444444445,acg-Rv2033c
0.25609756097560976,Rv2271-Rv2272
0.25,dacB2
0.2159090909090909,Rv3094c
0.22727272727272727,lpdA
0.21951219512195122,upp-sapM
0.2112676056338028,Rv3333c-Rv3334
0.22058823529411764,folD-relJ
0.27631578947368424,Rv3403c
0.22857142857142856,Rv3454
0.23170731707317074,gpdA1
0.2923076923076923,Rv0674
0.171875,Rv1410c
0.2786885245901639,frdD
0.19696969696969696,hisS
0.2328767123287671,Rv3013
0.2535211267605634,vapB14
0.2564102564102564,caeA-panB
0.2647058823529412,fadE5-Rv0245
0.25,Rv0324
0.2631578947368421,pssA
0.273972602739726,vapC27
0.2328767123287671,fusA1
0.28378378378378377,mapA
0.2608695652173913,kmtR-Rv0828c
0.2597402597402597,kdpB
0.21518987341772153,prpC
0.3246753246753247,pyrR
0.32857142857142857,epiA
0.25806451612903225,Rv1598c
0.24615384615384617,Rv1610
0.2537313432835821,Rv1680
0.2191780821917808,Rv1722
0.32051282051282054,cinA
0.2676056338028169,Rv1973
0.3188405797101449,Rv2510c
0.2647058823529412,Rv2571c
0.19402985074626866,thrS
0.21621621621621623,Rv2954c
0.3333333333333333,lipR
0.25675675675675674,Rv3335c-trpS
0.25333333333333335,guaB2-Rv3412
0.25675675675675674,PE_PGRS58-Rv3591c
0.3064516129032258,whiB4-ponA2
0.2894736842105263,Rv3817
0.28378378378378377,Rv3830c-Rv3831
0.3382352941176471,devB
0.1746031746031746,rpmJ
0.29411764705882354,gca
0.26229508196721313,hbhA
0.20588235294117646,mmaA4-mmaA3
0.2727272727272727,Rv1003
0.26865671641791045,Rv0216
0.21621621621621623,F6
0.1506849315068493,Rv0276
0.23880597014925373,vapB2
0.21839080459770116,glnH
0.28169014084507044,Rv0446c
0.2948717948717949,Rv0465c-Rv0466
0.32051282051282054,hemL
0.24096385542168675,adhB
0.14285714285714285,Rv0762c
0.13432835820895522,Rv0843-narL
0.1625,Rv0881
0.15254237288135594,mntH
0.24691358024691357,Rv1043c
0.2857142857142857,Rv1046c-Rv1047
0.20253164556962025,Rv1050
0.19480519480519481,Rv1257c
0.2,lprF-Rv1369c
0.24324324324324326,ribC
0.3146067415730337,zwf2
0.20634920634920634,Rv1473A
0.2987012987012987,fadD25
0.1917808219178082,rpmI-rplT
0.35714285714285715,scpB
0.25333333333333335,Rv1714
0.2535211267605634,Rv1779c-Rv1780
0.323943661971831,Rv1842c
0.23809523809523808,furA
0.28169014084507044,Rv2015c-Rv2016
0.2692307692307692,PE21-Rv2100
0.29850746268656714,asnB-adoK
0.22641509433962265,vapC18
0.10144927536231885,Rv2578c
0.1951219512195122,Rv2638
0.2413793103448276,arsB1
0.19718309859154928,fadE20-hflX
0.27631578947368424,Rv2962c-Rv2963
0.1643835616438356,whiB2-fbiA
0.18571428571428572,mce4D
0.203125,PE_PGRS53-PE_PGRS54
0.26153846153846155,kshB
0.28169014084507044,Rv3626c
0.28169014084507044,Rv3649-PE33
0.20652173913043478,PE34-Rv3747
0.2,esxF
0.1724137931034483,Rv1762c-Rv1763
0.16666666666666666,Rv3134c-PPE50
0.22666666666666666,bpoA-Rv3474
0.2619047619047619,leuA
0.2625,Rv3901c
0.27692307692307694,Rv0504c-serB1
0.34375,Rv0260c
0.22058823529411764,htpG
0.19298245614035087,fhaB-fhaA
0.20833333333333334,lpqI-Rv0238
0.26153846153846155,mce2A
0.171875,pqqE
0.24324324324324326,Rv0805
0.19117647058823528,Rv1002c
0.2235294117647059,Rv1063c
0.17333333333333334,infC-rpmI
0.15053763440860216,Rv1667c
0.2073170731707317,Rv2190c-Rv2191
0.25316455696202533,Rv2297-Rv2298
0.24242424242424243,Rv2469c-glbO
0.1323529411764706,Rv2672
0.23333333333333334,acrA1
0.26582278481012656,cut4
0.2857142857142857,Rv3683
0.36507936507936506,Rv3740c
0.24,lipE
0.21311475409836064,lprP
0.2289156626506024,Rv2407
0.2413793103448276,gmdA
0.2222222222222222,Rv2621c-Rv2622
0.3013698630136986,Rv2687c
0.265625,Rv0049
0.24242424242424243,Rv0192A-Rv0193c
0.21311475409836064,Rv0264c
0.2898550724637681,Rv0572c-pncB2
0.18072289156626506,Rv0669c
0.2823529411764706,Rv0692
0.2,Rv0713-rplN
0.25757575757575757,Rv1132
0.28378378378378377,narI
0.4,vapC33
0.3116883116883117,eccA5
0.22535211267605634,Rv2161c-PE_PGRS38
0.2,rocD2
0.2222222222222222,Rv2522c
0.22388059701492538,Rv3000-ilvC
0.234375,uvrD2
0.3048780487804878,Rv3553
0.13793103448275862,vapC48
0.2441860465116279,pheA-Rv3839
0.24050632911392406,Rv3359
0.2823529411764706,glnA1-glnE
0.234375,Rv2478c-Rv2479c
0.2727272727272727,Rv0028
0.273972602739726,mtn
0.26582278481012656,emrB
0.19230769230769232,Rv0920c-Rv0921
0.21666666666666667,gpgP
0.1891891891891892,ask
0.2318840579710145,Rv0048c
0.25675675675675674,Rv0057
0.189873417721519,yrbE1B
0.1875,espG3
0.20967741935483872,rskA-sigK
0.13432835820895522,gpdA1-Rv0565c
0.25333333333333335,Rv0812
0.2857142857142857,kdpA
0.22388059701492538,celA2b-PE_PGRS22
0.2916666666666667,fum
0.3380281690140845,Rv1186c-rocA
0.2916666666666667,gpgS-Rv1209
0.27586206896551724,Rv1220c-sigE
0.28378378378378377,rfe-Rv1303
0.35135135135135137,ogt
0.3235294117647059,Rv1341
0.25,Rv1424c-Rv1425
0.2714285714285714,PE_PGRS28-Rv1453
0.25,mazE4
0.234375,Rv1507A
0.22988505747126436,Rv1510
0.3064516129032258,trpC-trpB
0.29577464788732394,Rv1638A
0.24615384615384617,Rv1682-Rv1683
0.2558139534883721,G2
0.189873417721519,Rv1734c-Rv1735c
0.16176470588235295,nanT
0.2711864406779661,Rv1930c
0.2535211267605634,cfp21-Rv1985c
0.20270270270270271,Rv2037c
0.2,Rv2038c
0.26865671641791045,Rv2611c
0.15492957746478872,Rv2795c
0.18072289156626506,Rv2958c
0.2692307692307692,Rv2972c
0.14925373134328357,Rv2975c-ung
0.19696969696969696,Rv3172c
0.16470588235294117,Rv3268
0.23943661971830985,cyp125
0.24691358024691357,PE32-lpqG
0.25,rsfB
0.2714285714285714,Rv3706c-Rv3707c
0.14925373134328357,dnaZX
0.3333333333333333,Rv3725-Rv3726
0.2903225806451613,Rv3821
0.2916666666666667,Rv0330c
0.359375,citA
0.23880597014925373,Rv1778c
0.27419354838709675,Rv3404c
0.21978021978021978,Rv0161
0.22727272727272727,Rv0178
0.20588235294117646,mmpL11-Rv0203
0.29333333333333333,tuf
0.27631578947368424,Rv0804-Rv0805
0.22784810126582278,Rv0846c
0.21739130434782608,Rv0879c
0.24,ctpE-Rv0909
0.19672131147540983,glnT-Rv1019
0.2926829268292683,Rv1151c
0.23943661971830985,esxL-Rv1199c
0.27380952380952384,rrs
0.1935483870967742,Rv1648
0.25757575757575757,narK2-Rv1738
0.3013698630136986,Rv1892
0.2537313432835821,Rv2041c
0.1625,lppI
0.2702702702702703,Rv2135c
0.25,Rv2337c
0.25675675675675674,moeW-mmpL9
0.24096385542168675,dgt
0.2571428571428571,snoP
0.2972972972972973,Rv2689c
0.22388059701492538,ephG
0.25,ugpA
0.29850746268656714,glnB
0.28378378378378377,ung
0.2328767123287671,Rv3023c-trmU
0.296875,Rv3120
0.2876712328767123,Rv3197
0.23076923076923078,proY-cyp137
0.22972972972972974,Rv3847-Rv3848
0.15492957746478872,espR-Rv3850
0.15714285714285714,Rv3856c
0.1917808219178082,Rv3863
0.2413793103448276,parB
0.1791044776119403,argR
0.22033898305084745,Rv2014-Rv2015c
0.22950819672131148,Rv2993c-Rv2994
0.26666666666666666,galTa
0.26666666666666666,ftsZ-ftsQ
0.24324324324324326,cobC
0.2916666666666667,Rv0078-Rv0078A
0.2716049382716049,Rv0246
0.25301204819277107,Rv0340
0.2625,Rv0519c
0.16883116883116883,Rv0680c
0.2903225806451613,cyp51
0.21621621621621623,Rv0826
0.20270270270270271,Rv0854
0.21428571428571427,pstC1
0.25,lpqY
0.21875,lspA
0.2028985507246377,nadA
0.2153846153846154,nadB
0.3055555555555556,Rv1674c-cmr
0.2786885245901639,Rv1686c
0.19736842105263158,Rv1829-Rv1830
0.24358974358974358,Rv1866-Rv1867
0.2894736842105263,mce3R-yrbE3A
0.2361111111111111,mshC
0.2972972972972973,Rv2209
0.3055555555555556,accD6-Rv2248
0.18181818181818182,Rv2627c
0.20833333333333334,valT-glyT
0.22413793103448276,ppgK
0.18840579710144928,ftsK
0.27631578947368424,Rv2993c
0.17857142857142858,nuoG
0.19047619047619047,nuoL
0.20512820512820512,Rv3226c
0.2857142857142857,metA
0.18571428571428572,Rv3520c
0.2571428571428571,hsaC
0.2328767123287671,lpqF
0.21428571428571427,Rv3779
0.23333333333333334,Rv3819-papA2
0.20987654320987653,Rv3839
0.2608695652173913,sodA
0.2112676056338028,eccCa1
0.2345679012345679,Rv3888c
0.2753623188405797,Rv3187-Rv3188
0.27692307692307694,Rv3651-mpr18
0.20833333333333334,Rv0192
0.2441860465116279,Rv2799
0.2631578947368421,pcnA-mutT4
0.23529411764705882,PPE2-Rv0257
0.16176470588235295,Rv0303
0.1794871794871795,serC
0.28169014084507044,Rv0948c-uvrD1
0.30864197530864196,csoR-Rv0968
0.21428571428571427,Rv1048c-Rv1049
0.2463768115942029,Rv1230c
0.15853658536585366,Rv1320c
0.24285714285714285,dnaE1
0.23809523809523808,Rv1556
0.26666666666666666,hisD
0.265625,Rv1687c
0.2676056338028169,Rv2040c
0.18421052631578946,pepB
0.21518987341772153,Rv2326c
0.25301204819277107,glyS-smtB
0.25609756097560976,nadE
0.16483516483516483,dctA
0.24691358024691357,scoA-fadD35
0.3333333333333333,fadD9
0.2702702702702703,mazE9
0.2916666666666667,glnA4-mapB
0.20634920634920634,ddlA-gpdA2
0.29411764705882354,leuB
0.2361111111111111,Rv3005c
0.20588235294117646,moeB1
0.3291139240506329,Rv3472
0.24324324324324326,Rv3647c-cspA
0.30864197530864196,Rv0603
0.2608695652173913,Rv0378
0.23529411764705882,Rv1869c
0.27710843373493976,Rv1894c
0.24358974358974358,Rv1951c-vapB14
0.2318840579710145,TB31.7
0.27586206896551724,Rv0111
0.21739130434782608,iniC
0.28125,mku
0.18333333333333332,cysN
0.16129032258064516,Rv1354c
0.26666666666666666,Rv1393c
0.22058823529411764,Rv1490
0.16666666666666666,pgsA2
0.23863636363636365,Rv1882c
0.22058823529411764,Rv2008c
0.28205128205128205,sigC
0.15492957746478872,cdh
0.25,Rv2464c
0.24050632911392406,accA1
0.25,Rv2531c
0.25,Rv2642
0.275,Rv2662
0.30337078651685395,Rv2716
0.19540229885057472,gpsI-lppU
0.2808988764044944,lipN-Rv2970A
0.2786885245901639,ctpC
0.2923076923076923,amiB1
0.23076923076923078,Rv3587c
0.3472222222222222,Rv3888c-espG2
0.18867924528301888,groEL2-Rv0441c
0.1917808219178082,Rv0139
0.2361111111111111,mmpL11
0.21794871794871795,Rv0259c
0.208955223880597,Rv0634A
0.2923076923076923,mmaA3-mmaA2
0.2535211267605634,lytB2
0.2894736842105263,Rv1120c
0.2112676056338028,echA10-mcr
0.2597402597402597,esxK
0.22857142857142856,Rv1219c
0.16176470588235295,sugA
0.25,atpA
0.2876712328767123,mec
0.36363636363636365,mutA
0.22058823529411764,Rv1523
0.22727272727272727,dinX
0.2835820895522388,Rv1571
0.26582278481012656,mctB-pyrG
0.2465753424657534,Rv1765A-Rv1766
0.25675675675675674,Rv1794-eccD5
0.2647058823529412,Rv2004c
0.2537313432835821,pafA
0.21951219512195122,Rv2132-Rv2133c
0.24193548387096775,pknL
0.2028985507246377,Rv2297
0.25316455696202533,Rv2565
0.17543859649122806,Rv2750
0.24324324324324326,mqo
0.28,nicT-Rv2857c
0.20588235294117646,Rv3013-ligA
0.21818181818181817,Rv3077
0.16666666666666666,Rv3175
0.2962962962962963,relJ
0.29411764705882354,sigD
0.16883116883116883,cyp142
0.24719101123595505,folE
0.2638888888888889,Rv3762c
0.18421052631578946,Rv3788-Rv3789
0.2962962962962963,aftA
0.2619047619047619,ethR
0.171875,Rv3920c
0.3582089552238806,Rv2311
0.21739130434782608,Rv3242c
0.2647058823529412,PPE21-fadD11.1
0.3090909090909091,Rv3230c
0.3181818181818182,Rv0060
0.1951219512195122,hycP
0.23076923076923078,Rv0209
0.25,Rv0538
0.2923076923076923,pepD
0.18309859154929578,glgA
0.2191780821917808,Rv1249c-Rv1250
0.2459016393442623,Rv1443c
0.27631578947368424,PPE30-PE_PGRS32
0.20270270270270271,higB
0.21978021978021978,vapC35
0.1927710843373494,mce3B
0.22413793103448276,mce3C
0.23376623376623376,vapB36
0.24,Rv2017
0.21951219512195122,blaC
0.29577464788732394,Rv2190c
0.15254237288135594,rocD1
0.23076923076923078,efp
0.273972602739726,Rv2556c
0.296875,mpr11-Rv2561
0.22388059701492538,Rv2568c
0.3088235294117647,Rv2638-Rv2639c
0.18666666666666668,Rv2696c
0.30434782608695654,Rv2729c
0.24615384615384617,35kd_ag
0.2804878048780488,PE27-PPE44
0.23376623376623376,pepR
0.1927710843373494,dinF
0.1780821917808219,amiC
0.31666666666666665,Rv2896c
0.2191780821917808,ppsC
0.24096385542168675,lppZ
0.2463768115942029,fecB
0.2028985507246377,Rv3064c
0.21333333333333335,moaE1
0.2159090909090909,Rv3169
0.20512820512820512,Rv3439c
0.2564102564102564,eccB4-cut3
0.26153846153846155,Rv3586
0.27710843373493976,Rv3627c-ppa
0.25316455696202533,dppD
0.16666666666666666,espH
0.21666666666666667,eccB2
0.2191780821917808,Rv3896c
0.2,bisC-Rv1443c
0.2328767123287671,rpoB
0.18292682926829268,echA10
0.25,PE16-Rv1431
0.2545454545454545,ripA
0.13513513513513514,Rv1767
0.23076923076923078,pncA-Rv2044c
0.2465753424657534,Rv2044c
0.21428571428571427,Rv2049c-Rv2050
0.3088235294117647,Rv3656c
0.20689655172413793,embC-embA
0.25333333333333335,Rv0726c-fucA
0.25301204819277107,ctpG
0.24390243902439024,Rv2742c
0.1891891891891892,mce4A
0.2318840579710145,Rv0042c
0.2127659574468085,Rv0108c
0.23684210526315788,Rv0110
0.25,Rv0123
0.2676056338028169,treS
0.32786885245901637,mmpL3
0.2463768115942029,pyrE
0.2361111111111111,Rv0394c-Rv0395
0.25316455696202533,lprQ
0.1917808219178082,Rv0565c-Rv0566c
0.3333333333333333,Rv0566c-tyrT
0.24285714285714285,lipG
0.2159090909090909,rplC
0.22807017543859648,Rv0784
0.19402985074626866,Rv0837c-lpqR
0.19402985074626866,Rv0901
0.2361111111111111,pstA2
0.2028985507246377,Rv0947c
0.31746031746031744,Rv1049-Rv1050
0.2676056338028169,Rv1053c-Rv1054
0.2682926829268293,Rv1199c-Rv1200
0.20481927710843373,Rv1232c
0.21951219512195122,rho
0.21875,lysX-infC
0.17391304347826086,Rv1752
0.17105263157894737,Rv1805c
0.2,Rv1828
0.1791044776119403,modB
0.14457831325301204,Rv2015c
0.17391304347826086,pafC
0.20270270270270271,Rv2165c
0.24,aroG
0.3088235294117647,glpD1
0.2,Rv2401A-Rv2402
0.3333333333333333,Rv2508c
0.20270270270270271,Rv2737A
0.273972602739726,hsdS
0.10810810810810811,Rv2787
0.25757575757575757,Rv2800
0.2833333333333333,Rv2850c
0.2345679012345679,ftsY
0.24,Rv3000
0.18666666666666668,Rv3031
0.2,Rv3349c-PPE56
0.225,Rv3453-Rv3454
0.29069767441860467,PPE60-Rv3479
0.2875,fadE28
0.18032786885245902,Rv3555c-fadA6
0.25675675675675674,fadE34
0.21621621621621623,Rv3695-glpK
0.30985915492957744,Rv3717
0.234375,Rv3916c-parB
0.23529411764705882,Rv0607
0.29850746268656714,relB-Rv1248c
0.2537313432835821,Rv0882
0.30666666666666664,cobL-Rv2073c
0.25,moxR3
0.23529411764705882,Rv0007
0.2903225806451613,rodA
0.24050632911392406,Rv0078
0.24324324324324326,mgtE
0.15873015873015872,Rv0712
0.2727272727272727,pepC
0.2638888888888889,Rv0843
0.328125,echA6
0.2714285714285714,glmU
0.25,argS
0.24193548387096775,thrB-rho
0.33783783783783783,fabG1
0.21621621621621623,PE_PGRS43-Rv2491
0.16666666666666666,Rv2603c
0.1388888888888889,tgs4
0.22058823529411764,Rv3267
0.25287356321839083,Rv3902c
0.20481927710843373,cysG-cobB
0.3076923076923077,Rv2689c-Rv2690c
0.21875,Rv0349-dnaK
0.18571428571428572,fadE7
0.2375,ureC
0.2702702702702703,rpfC
0.19444444444444445,mce3D
0.2054794520547945,pncA
0.2682926829268293,Rv2402
0.2535211267605634,Rv2478c
0.2,Rv2640c
0.22580645161290322,Rv2670c
0.3048780487804878,recA-Rv2737A
0.2463768115942029,Rv3127
0.28169014084507044,Rv3639c
0.27380952380952384,PPE36-prcA
0.1794871794871795,Rv1566c
0.24285714285714285,proU-glyV
0.24705882352941178,Rv0829-Rv0830
0.21333333333333335,Rv0895
0.2235294117647059,Rv1112
0.25862068965517243,Rv1136
0.2891566265060241,ppnK
0.21875,Rv1738
0.17105263157894737,lipZ
0.2875,mbtD
0.19736842105263158,Rv2664-Rv2665
0.23529411764705882,mapB
0.2898550724637681,Rv2997-Rv2998
0.1774193548387097,Rv3434c
0.2647058823529412,rpoA
0.34210526315789475,fadE30
0.2571428571428571,Rv3767c
0.3064516129032258,eccCb1
0.2125,htpX
0.27631578947368424,ndkA
0.30357142857142855,Rv0235c
0.24242424242424243,Rv1057-fadD14
0.2682926829268293,proT-vapC12
0.3037974683544304,Rv3254
0.171875,Rv3700c
0.23809523809523808,Rv0044c
0.18181818181818182,cobU
0.3146067415730337,Rv0584
0.21052631578947367,Rv0846c-lpqS
0.23684210526315788,pgi
0.2222222222222222,Rv1026-kdpE
0.16883116883116883,oppD
0.22580645161290322,rpe
0.2916666666666667,mgtC
0.29577464788732394,lppE-Rv1882c
0.2753623188405797,fabG3-Rv2003c
0.2608695652173913,Rv2017-Rv2018
0.2328767123287671,Rv2025c
0.22666666666666666,Rv2067c
0.2714285714285714,cobL
0.2222222222222222,cyp124
0.3188405797101449,cysH
0.2459016393442623,Rv2778c
0.323943661971831,Rv3126c
0.2727272727272727,Rv3161c-Rv3162c
0.2602739726027397,ilvB2
0.24528301886792453,kgtP
0.22988505747126436,PE_PGRS56-fadD18
0.29333333333333333,Rv3552
0.22784810126582278,esxW-PPE65
0.2898550724637681,Rv3673c
0.18571428571428572,lpqN
0.25,Rv3657c
0.2676056338028169,Rv0004-gyrB
0.2,Rv0071-Rv0072
0.1875,narK3
0.21333333333333335,galK-Rv0621
0.23076923076923078,Rv0666-rpoB
0.2840909090909091,Rv0817c
0.23684210526315788,kdpC
0.30985915492957744,Rv1053c
0.2753623188405797,mbtK-leuW
0.2564102564102564,fmt
0.2289156626506024,Rv1645c
0.2727272727272727,Rv1702c-Rv1703c
0.2631578947368421,Rv2125
0.34615384615384615,Rv2206
0.25,panB
0.22972972972972974,Rv2492
0.20270270270270271,Rv2618
0.2191780821917808,dapB
0.23595505617977527,Rv3142c
0.23170731707317074,bpoA
0.22388059701492538,Rv3916c
0.2535211267605634,Rv1476
0.35443037974683544,acpA
0.1794871794871795,Rv1545
0.2962962962962963,qcrB-Rv2197c
0.24324324324324326,vapC22
0.26666666666666666,proZ
0.13157894736842105,fadD4
0.31666666666666665,Rv0293c
0.2361111111111111,Rv0298
0.22988505747126436,Rv0338c
0.2037037037037037,purA
0.208955223880597,Rv0387c-PPE9
0.26136363636363635,Rv0472c
0.21875,hemD
0.27848101265822783,Rv0517
0.23943661971830985,rplD
0.2125,purL
0.2702702702702703,Rv1075c-lipU
0.2876712328767123,TB8.4-fadH
0.28,csd
0.3010752688172043,hisA
0.2857142857142857,Rv1794
0.14130434782608695,guaB1
0.2714285714285714,qcrA
0.27692307692307694,Rv2219A-glnA1
0.15714285714285714,glnA1
0.25316455696202533,PE_PGRS39-asnT
0.2028985507246377,amiA2
0.21666666666666667,snzP
0.30434782608695654,Rv2680
0.3225806451612903,dxs1
0.3055555555555556,Rv2694c-Rv2695
0.28865979381443296,Rv2776c
0.25333333333333335,mmpL7
0.25,Rv3104c
0.25842696629213485,moaB1
0.16923076923076924,Rv3542c
0.26666666666666666,folP1
0.2,gshA
0.24242424242424243,Rv3723-cut5a
0.16666666666666666,vapC28
0.2987012987012987,PE_PGRS14-lpqQ
0.20588235294117646,pks4
0.2807017543859649,Rv2258c
0.11428571428571428,Rv3363c
0.24705882352941178,Rv3402c-Rv3403c
0.2,Rv0052
0.2647058823529412,hycQ
0.3333333333333333,Rv0224c-Rv0225
0.2289156626506024,Rv0358
0.24358974358974358,Rv0364
0.2535211267605634,thiC
0.25,mmpS2
0.23170731707317074,Rv0614
0.17647058823529413,Rv0625c-vapB5
0.22580645161290322,Rv0739
0.2857142857142857,Rv0792c
0.21739130434782608,Rv0830
0.21666666666666667,Rv1062
0.1864406779661017,Rv1072
0.189873417721519,Rv1156
0.28125,rocA
0.3235294117647059,Rv1268c-Rv1269c
0.23809523809523808,Rv1291c
0.29508196721311475,Rv1352
0.24675324675324675,metK
0.2345679012345679,Rv1482c-fabG1
0.25,wbbL2
0.2112676056338028,Rv1619
0.2564102564102564,Rv1686c-Rv1687c
0.26229508196721313,Rv1691
0.3055555555555556,AS1726-Rv1727
0.16216216216216217,Rv1816-Rv1817
0.3176470588235294,Rv1817
0.22727272727272727,otsB1-fdxA
0.3181818181818182,trpD
0.18571428571428572,ahpE
0.23076923076923078,Rv2252
0.2028985507246377,Rv2264c-Rv2265
0.19444444444444445,yjcE
0.23728813559322035,Rv2406c
0.1791044776119403,PE25-Rv2432c
0.2413793103448276,Rv2435c-rbsK
0.1791044776119403,Rv2459
0.23809523809523808,dhaA-hisS
0.25,Rv2581c
0.29850746268656714,relF
0.20512820512820512,vapB43
0.3064516129032258,Rv3076
0.22972972972972974,sigH-Rv3224
0.17333333333333334,moaX
0.3150684931506849,sugI
0.22077922077922077,Rv3395A-guaA
0.2602739726027397,alr-Rv3424c
0.22580645161290322,Rv3519
0.22077922077922077,Rv3531c-PPE61
0.26666666666666666,Rv3714c
0.22857142857142856,Rv3767c-Rv3768
0.2911392405063291,Rv3840
0.18055555555555555,eccE1
0.27848101265822783,Rv3777
0.273972602739726,Rv0365c
0.18055555555555555,pknF
0.24705882352941178,gcvB-Rv1833c
0.2191780821917808,Rv1833c
0.2571428571428571,Rv2237A
0.2903225806451613,cysA1
0.16666666666666666,Rv2864c
0.18867924528301888,rip
0.24324324324324326,Rv3050c
0.22727272727272727,Rv3421c
0.23880597014925373,Rv3796-fadE35
0.2054794520547945,Rv1370c-Rv1371
0.20253164556962025,cut5a
0.22950819672131148,PE_PGRS7-Rv0579
0.2571428571428571,rslA-Rv0737
0.29333333333333333,Rv2944-lppX
0.15384615384615385,Rv3898c
0.2608695652173913,ctpI-Rv0108c
0.21333333333333335,PE_PGRS1-Rv0110
0.38095238095238093,Rv0187
0.16,Rv0228
0.24050632911392406,lpqI
0.15714285714285714,Rv0339c-Rv0340
0.225,ackA
0.2261904761904762,Rv0485
0.2876712328767123,proC-Rv0500A
0.21875,rpsE
0.25,pstB
0.2463768115942029,xseA
0.26666666666666666,rseA
0.2619047619047619,lprE
0.2,mpt63-Rv1927
0.3230769230769231,Rv2342
0.2716049382716049,mbtI-Rv2387
0.29508196721311475,Rv2425c
0.17857142857142858,plsB2
0.2647058823529412,thyA
0.3125,frr-pyrH
0.21311475409836064,rnhB
0.20833333333333334,nrdF2
0.22666666666666666,ligB
0.15384615384615385,fadE34-kstR
0.22535211267605634,pks2-fadD23
0.20588235294117646,Rv2160c
0.24,Rv0038
0.2,oxcA
0.3055555555555556,Rv0183
0.225,mcr19-mshA
0.23684210526315788,menA-pnp
0.2153846153846154,menH
0.15789473684210525,moaE2
0.1388888888888889,amiB2
0.24096385542168675,Rv2033c
0.24731182795698925,Rv2633c-PE_PGRS46
0.3235294117647059,ribF
0.24193548387096775,Rv2876
0.21428571428571427,lpqA
0.3142857142857143,Rv3131
0.16901408450704225,purK
0.20588235294117646,vapB44-Rv3322c
0.24615384615384617,Rv3387-PE_PGRS52
0.296875,Rv1419
0.25,frdB
0.2159090909090909,pheA
0.21875,Rv3857c
0.2318840579710145,Rv0406c
0.27419354838709675,lpdC
0.2835820895522388,Rv0680c-Rv0681
0.22077922077922077,Rv0776c
0.22535211267605634,pdc
0.3013698630136986,mscL
0.225,Rv1004c
0.22033898305084745,Rv1047-Rv1048c
0.3037974683544304,mazE3
0.1875,Rv1138c
0.25806451612903225,Rv1272c
0.27692307692307694,Rv1376
0.3142857142857143,Rv1498c
0.22058823529411764,Rv1514c
0.2602739726027397,Rv1615
0.18840579710144928,Rv1647
0.25316455696202533,fxsA
0.17333333333333334,Rv2181
0.3076923076923077,Rv2251
0.275,vapB21
0.24242424242424243,Rv2844
0.22972972972972974,smc
0.23376623376623376,Rv3242c-Rv3243c
0.265625,phyA
0.22666666666666666,PPE58-Rv3427c
0.25316455696202533,yrbE4B
0.25316455696202533,Rv3857c-gltD
0.2463768115942029,pyrC
0.2235294117647059,Rv3289c
0.13157894736842105,bglS
0.23943661971830985,Rv0567
0.27941176470588236,nrdZ-Rv0571c
0.21052631578947367,tcrA
0.28865979381443296,lprH
0.2807017543859649,mycP5
0.1917808219178082,Rv2253
0.23880597014925373,Rv1674c
0.1566265060240964,Rv0366c
0.2602739726027397,Rv2129c
0.2459016393442623,eccD1
0.21052631578947367,Rv0037c-Rv0038
0.31343283582089554,Rv0047c
0.19696969696969696,Rv0089
0.21794871794871795,Rv0207c
0.1875,Rv0349
0.25396825396825395,Rv0461
0.26153846153846155,Rv0740
0.2318840579710145,Rv0770
0.14666666666666667,Rv0879c-Rv0880
0.29850746268656714,Rv0885
0.2692307692307692,pstC2
0.1917808219178082,Rv1021-lpqU
0.2753623188405797,Rv1049
0.23376623376623376,Rv1225c-Rv1226c
0.16216216216216217,Rv1351
0.18840579710144928,cyp132-Rv1395
0.30864197530864196,tkt
0.21212121212121213,Rv1558
0.25675675675675674,Rv1678
0.3013698630136986,Rv1716
0.25396825396825395,Rv1749c
0.29850746268656714,Rv1812c
0.2619047619047619,Rv1887
0.2857142857142857,echA13
0.18181818181818182,Rv2018
0.21428571428571427,aprA-aprB
0.25675675675675674,Rv2499c
0.24096385542168675,Rv2635
0.26666666666666666,mtr
0.3194444444444444,relG-Rv2867c
0.2,glnU-gltS
0.29411764705882354,Rv2998
0.26229508196721313,cyp136-Rv3060c
0.2857142857142857,sahH
0.2916666666666667,cdd
0.2191780821917808,ephE
0.2714285714285714,Rv3671c
0.18666666666666668,Rv3760-fadE36
0.1917808219178082,Rv3840-bfrB
0.2,eccCa1-eccCb1
0.17333333333333334,PE36-eccC2
0.3111111111111111,Rv0531
0.25555555555555554,esxP-Rv2348c
0.225,Rv0307c
0.27631578947368424,Rv0502
0.23076923076923078,Rv1044
0.2054794520547945,coaA
0.3157894736842105,argC
0.2318840579710145,Rv2166c
0.24285714285714285,mrr
0.22093023255813954,Rv2960c
0.19480519480519481,fadD13-Rv3090
0.15714285714285714,panC
0.25675675675675674,lprK
0.1917808219178082,Rv0443
0.125,Rv0799c-pepC
0.36923076923076925,Rv0862c
0.2571428571428571,Rv0990c
0.12698412698412698,sigE-mpr6
0.2222222222222222,cysO
0.21212121212121213,bioF1
0.2692307692307692,fadE18
0.3684210526315789,scoB
0.24615384615384617,Rv2507
0.2,Rv3295
0.18032786885245902,Rv3572
0.25274725274725274,Rv3633
0.2112676056338028,lipV
0.1875,fadE7-Rv0401
0.3114754098360656,lpqQ
0.26865671641791045,Rv0922-Rv0923c
0.22058823529411764,Rv1194c-PE13
0.2923076923076923,leuU-parE2
0.2361111111111111,Rv3727-Rv3728
0.22388059701492538,whiB5
0.23529411764705882,pntB
0.28,PE_PGRS5-Rv0298
0.19718309859154928,udgA
0.208955223880597,Rv0654
0.2777777777777778,secY
0.3142857142857143,fadA
0.25925925925925924,Rv0892
0.296875,Rv0954
0.27419354838709675,ispE
0.26865671641791045,Rv1051c
0.34210526315789475,PE_PGRS19-PE_PGRS20
0.23880597014925373,Rv1073
0.2857142857142857,Rv1086
0.2638888888888889,bpoB
0.2564102564102564,Rv1128c-Rv1129c
0.2753623188405797,Rv1144-mmpL13a
0.2727272727272727,Rv1147-Rv1148c
0.16470588235294117,tatB
0.23076923076923078,Rv1405c-fmt
0.2033898305084746,Rv1429-PE16
0.20987654320987653,PE_PGRS27-ctaB
0.3472222222222222,frdA
0.20512820512820512,bioB
0.17647058823529413,Rv1754c
0.18840579710144928,Rv1825
0.1917808219178082,Rv1871c
0.27380952380952384,Rv1891
0.265625,murD
0.3561643835616438,Rv2184c
0.2727272727272727,Rv2186c
0.30434782608695654,narK1-lppP
0.2631578947368421,lppQ
0.27419354838709675,Rv2563
0.19117647058823528,vapC40-Rv2597
0.26666666666666666,Rv2616
0.28378378378378377,echA15-Rv2680
0.22033898305084745,Rv2688c
0.24096385542168675,rpsO
0.3194444444444444,Rv2842c-Rv2843
0.23809523809523808,Rv2876-Rv2877c
0.24285714285714285,Rv2959c
0.3333333333333333,Rv3057c
0.19047619047619047,Rv3075c
0.2878787878787879,Rv3205c
0.2537313432835821,whiB1-Rv3220c
0.2261904761904762,deoD
0.3561643835616438,Rv3378c
0.23529411764705882,Rv3528c
0.28378378378378377,mpr17-lsr2
0.2777777777777778,accD4
0.2753623188405797,mmpL8-papA1
0.2696629213483146,Rv2019
0.21052631578947367,Rv1234
0.2077922077922078,Rv1815
0.2608695652173913,Rv0133-ephF
0.25,Rv0145
0.31645569620253167,Rv0265c
0.24285714285714285,Rv0273c
0.22727272727272727,Rv0484c-Rv0485
0.2716049382716049,Rv0540
0.22988505747126436,Rv0793
0.27380952380952384,lpqQ-Rv0836c
0.3088235294117647,PE_PGRS20-Rv1069c
0.21518987341772153,Rv1144
0.2711864406779661,mshB-Rv1171
0.2911392405063291,mcr3
0.22972972972972974,Rv1729c
0.27380952380952384,Rv1867
0.17567567567567569,Rv2370c-PE_PGRS40
0.2894736842105263,Rv2414c
0.22972972972972974,valS
0.3088235294117647,mmuM-Rv2459
0.3170731707317073,Rv2576c
0.33783783783783783,clgR-pgsA3
0.18181818181818182,lppY
0.22580645161290322,Rv3822-mmpL8
0.2542372881355932,Rv0459
0.20270270270270271,erm(37)
0.22535211267605634,Rv3680-whiB4
0.2839506172839506,Rv0038-Rv0039c
0.25757575757575757,rplI
0.2571428571428571,pepA
0.2682926829268293,Rv0175
0.25806451612903225,Rv0201c
0.2564102564102564,Rv0308
0.25882352941176473,vapB7
0.25,Rv0739-Rv0740
0.25,fprB
0.273972602739726,phoH2
0.2608695652173913,Rv1186c
0.27631578947368424,dapE
0.3013698630136986,Rv1312
0.2597402597402597,murI
0.17142857142857143,Rv1481
0.3,Rv1544
0.22972972972972974,Rv1719
0.27941176470588236,idi
0.1927710843373494,eccA5-lppT
0.2465753424657534,Rv1914c-aceAa
0.2962962962962963,lipD
0.19117647058823528,glnA2-Rv2223c
0.25806451612903225,vapC20
0.2222222222222222,relA-apt
0.22058823529411764,pimA
0.2631578947368421,rbfA
0.24,proS
0.3132530120481928,fpg-rnc
0.28205128205128205,Rv2956-Rv2957
0.2535211267605634,lipN
0.2463768115942029,ppk1
0.2261904761904762,Rv3035
0.24528301886792453,Rv3166c-Rv3167c
0.23809523809523808,Rv3168
0.1780821917808219,manB
0.2714285714285714,sigF
0.21428571428571427,gcp
0.2,fadE26
0.22033898305084745,PE_PGRS54-ilvX
0.234375,Rv3528c-Rv3529c
0.2777777777777778,fadA6
0.11666666666666667,Rv3705A
0.2894736842105263,wag31
0.15942028985507245,mutT3
0.16883116883116883,Rv0454-Rv0455c
0.15151515151515152,Rv0571c
0.2909090909090909,vapB30
0.26785714285714285,Rv0794c
0.26582278481012656,purM-Rv0810c
0.17567567567567569,pstS2-pstB
0.23529411764705882,leuW-irtA
0.23880597014925373,pyrB
0.23880597014925373,Rv1501
0.25842696629213485,wag22-Rv1760
0.25287356321839083,Rv1760
0.24050632911392406,Rv1842c-guaB1
0.15873015873015872,Rv1990A-mazF6
0.2835820895522388,ftsQ
0.21518987341772153,Rv2305
0.373134328358209,Rv2348c
0.3333333333333333,Rv2455c-Rv2456c
0.2602739726027397,Rv2536
0.1746031746031746,Rv2963
0.23076923076923078,Rv3032
0.2571428571428571,Rv3202c-lipV
0.22972972972972974,Rv3273
0.2,Rv3431c-gadB
0.22388059701492538,fadE33
0.22077922077922077,hsaD
0.24050632911392406,Rv3771c
0.16901408450704225,Rv3915
0.16129032258064516,Rv2541
0.29411764705882354,secF
0.25,Rv3046c-Rv3047c
0.28169014084507044,Rv0218
0.3283582089552239,pstB-pstS1
0.16455696202531644,vapC9
0.21739130434782608,Rv1060-Rv1061
0.19318181818181818,echA8
0.26666666666666666,Rv1176c
0.19298245614035087,Rv1502
0.23333333333333334,mctB
0.22988505747126436,Rv2012
0.30434782608695654,Rv2026c
0.18823529411764706,helY
0.2923076923076923,Rv2226
0.24615384615384617,Rv2286c
0.1927710843373494,lppR
0.2619047619047619,nrdR-Rv2719c
0.18461538461538463,Rv2731
0.275,Rv3073c
0.26666666666666666,Rv3189
0.2542372881355932,Rv3686c
0.1791044776119403,thrC-thrB
0.19696969696969696,prfB-fprA
0.21739130434782608,Rv0328
0.19117647058823528,fabH
0.21428571428571427,pstA1
0.25609756097560976,Rv1261c
0.28,cydB
0.22388059701492538,dlaT
0.1724137931034483,Rv2466c
0.20253164556962025,rimM
0.18571428571428572,Rv3399
0.2077922077922078,Rv3415c
0.20987654320987653,PE_PGRS57-fadD19
0.31645569620253167,Rv3720
0.24242424242424243,Rv2512c-Rv2513
0.24,Rv0039c
0.32894736842105265,fgd2-Rv0133
0.17391304347826086,Rv0249c-Rv0250c
0.23809523809523808,Rv0397-Rv0397A
0.25301204819277107,mmpS1-fadD30
0.2465753424657534,bpoC
0.22058823529411764,mce2R
0.3114754098360656,Rv1367c
0.20253164556962025,lgt-Rv1615
0.3561643835616438,Rv2033c-Rv2034
0.24285714285714285,ansP1
0.2891566265060241,Rv2267c
0.358974358974359,apt-Rv2585c
0.29411764705882354,Rv3253c
0.2898550724637681,Rv3424c-PPE57
0.1864406779661017,Rv3755c
0.2647058823529412,parA
0.2112676056338028,narL-Rv0845
0.22727272727272727,Rv1026
0.2976190476190476,Rv1157c
0.328125,gabD2
0.22972972972972974,Rv2054
0.11428571428571428,PE29-Rv3023c
0.16883116883116883,nuoC
0.22535211267605634,nuoK
0.22535211267605634,lpqC
0.22580645161290322,Rv3583c-lpqE
0.19718309859154928,ribA1
0.28735632183908044,Rv3060c
0.2463768115942029,Rv0043c-Rv0044c
0.2,fadB
0.12643678160919541,Rv1218c
0.25,Rv1288
0.25333333333333335,hisC1
0.27380952380952384,Rv2049c
0.2465753424657534,Rv2050
0.2465753424657534,rnpB
0.20967741935483872,Rv2315c
0.2463768115942029,uspB
0.20833333333333334,folC
0.17647058823529413,Rv3033
0.2698412698412698,Rv3103c
0.26865671641791045,Rv3241c-Rv3242c
0.2261904761904762,Rv3577
0.27419354838709675,leuA-dnaQ
0.24691358024691357,Rv2980
0.21333333333333335,Rv2294-Rv2295
0.22033898305084745,Rv0250c-hsp
0.2112676056338028,Rv1728c
0.22535211267605634,Rv0128
0.288135593220339,Rv0224c
0.2916666666666667,php-fadE4
0.2236842105263158,nrdB
0.3108108108108108,gabD1
0.3246753246753247,Rv0424c
0.2857142857142857,Rv0461-lpdC
0.31343283582089554,accD3
0.2753623188405797,Rv1000c
0.15873015873015872,Rv1075c
0.25,relE
0.2676056338028169,garA
0.21621621621621623,Rv1928c
0.3142857142857143,Rv2449c
0.2716049382716049,echA15
0.21176470588235294,Rv3041c
0.26153846153846155,Rv3660c
0.21794871794871795,vapC36
0.22058823529411764,Rv0008c
0.22666666666666666,Rv0495c
0.2463768115942029,Rv0499
0.24324324324324326,Rv0601c
0.2463768115942029,Rv1158c-pimE
0.1774193548387097,Rv1324
0.21333333333333335,pykA
0.2,narK2
0.21875,hrcA
0.18518518518518517,hemN
0.2727272727272727,Rv2554c
0.11842105263157894,Rv2816c
0.2318840579710145,Rv3415c-whiB3
0.22077922077922077,mrsA
0.3142857142857143,Rv3612c
0.21212121212121213,Rv3900c
0.28,lppX-pks1
0.2702702702702703,Rv3651
0.29577464788732394,Rv0336-aspC
0.3382352941176471,ansP2
0.1896551724137931,Rv0894
0.19753086419753085,Rv1718
0.2878787878787879,pfkB
0.37681159420289856,Rv2426c
0.23076923076923078,whiB7
0.1935483870967742,Rv3807c
0.25,trpG
0.273972602739726,Rv0026-Rv0027
0.2926829268292683,Rv0045c-ino1
0.24193548387096775,Rv0052-rpsF
0.23529411764705882,fadD7
0.22033898305084745,Rv0121c
0.21794871794871795,fbpC
0.34210526315789475,TB18.5
0.32,zmp1
0.2948717948717949,zmp1-Rv0199
0.32,esxH
0.2711864406779661,cyp135A1-Rv0328
0.28,grpE
0.2153846153846154,Rv0360c
0.24358974358974358,Rv0368c
0.16666666666666666,Rv0477
0.19047619047619047,Rv0547c
0.19047619047619047,menB
0.2375,Rv0609A
0.3150684931506849,Rv0616c
0.20481927710843373,trpT-secE1
0.19736842105263158,vapC6-vapB6
0.2916666666666667,Rv0731c
0.2647058823529412,Rv0790c
0.22388059701492538,Rv0804
0.2857142857142857,pheU-PE_PGRS12
0.2222222222222222,Rv0845
0.2876712328767123,PE_PGRS15-fadE10
0.2111111111111111,prrB
0.25,Rv0950c-sucC
0.20512820512820512,Rv0968
0.1111111111111111,esxI
0.28205128205128205,Rv1104-Rv1105
0.29333333333333333,Rv1249c
0.20512820512820512,atpB
0.1746031746031746,Rv1360
0.23809523809523808,Rv1366
0.275,Rv1478
0.1506849315068493,Rv1482c
0.26666666666666666,pks10-pks7
0.1643835616438356,Rv1727
0.2676056338028169,Rv1747
0.15384615384615385,Rv1767-PE_PGRS31
0.2535211267605634,PE_PGRS32-Rv1804c
0.208955223880597,Rv1812c-Rv1813c
0.19444444444444445,modA
0.3150684931506849,lldD2-Rv1873
0.23880597014925373,Rv1910c
0.1875,rpsN2
0.22058823529411764,Rv2078
0.3194444444444444,Rv2307D-Rv2308
0.27848101265822783,aprB
0.30434782608695654,Rv2633c
0.21739130434782608,Rv2714-Rv2715
0.25,Rv2723
0.22807017543859648,Rv2743c
0.2608695652173913,Rv2781c
0.2833333333333333,Rv2826c
0.3125,nusA
0.33783783783783783,efpA
0.18666666666666668,Rv2910c
0.22666666666666666,papA5
0.3392857142857143,Rv2998A-lppY
0.2602739726027397,iscS-Rv3026c
0.22857142857142856,fixA-Rv3030
0.12857142857142856,Rv3038c
0.4107142857142857,Rv3040c
0.19736842105263158,Rv3092c
0.24324324324324326,fadE24
0.20512820512820512,entC
0.24615384615384617,tgs3-Rv3235
0.25,Rv3294c
0.15384615384615385,Rv3322c
0.24390243902439024,eccB4
0.28735632183908044,Rv3525c-kshA
0.16666666666666666,Rv3603c
0.2261904761904762,dppA-acs
0.3013698630136986,Rv3678A
0.25316455696202533,Rv3684-proY
0.25316455696202533,Rv3707c
0.24615384615384617,ligC
0.2361111111111111,Rv3745c
0.21739130434782608,dprE1
0.28169014084507044,papA1
0.2786885245901639,PPE68-esxB
0.20512820512820512,ino1
0.1935483870967742,Rv1524
0.21052631578947367,Rv1057
0.3,Rv1125
0.2894736842105263,Rv1147
0.189873417721519,Rv1669
0.21428571428571427,tatC
0.34615384615384615,Rv2809
0.09090909090909091,Rv3218-whiB1
0.2222222222222222,alr
0.2191780821917808,Rv3922c
0.1746031746031746,blaC-sigC
0.2236842105263158,dedA-Rv2638
0.1864406779661017,fadD18
0.125,Rv3906c
0.2571428571428571,Rv0011c
0.2328767123287671,Rv0539
0.2875,vapC3
0.2564102564102564,Rv0750-mmsB
0.21518987341772153,Rv1109c
0.19607843137254902,Rv1487
0.21621621621621623,argH-pks10
0.20634920634920634,Rv1733c
0.26436781609195403,Rv2581c-ppiB
0.208955223880597,mazF9
0.19444444444444445,glnA4
0.2537313432835821,acyP
0.1724137931034483,Rv3233c
0.2727272727272727,Rv3238c
0.24242424242424243,lprN
0.23595505617977527,Rv3517
0.31746031746031744,mce1R
0.25,glpQ2-glyU
0.36470588235294116,Rv0494
0.3225806451612903,oppA
0.19480519480519481,cydD
0.1896551724137931,Rv2372c
0.22535211267605634,nadD
0.1643835616438356,Rv2625c
0.19444444444444445,ceoC
0.40540540540540543,Rv3114-Rv3115
0.2692307692307692,nuoA
0.2235294117647059,esxT
0.1643835616438356,amiB2-Rv1264
0.2786885245901639,dnaN
0.29411764705882354,Rv0097
0.19230769230769232,rpmB1-Rv0106
0.34545454545454546,Rv0138
0.225,Rv0470A
0.26229508196721313,hadC
0.2153846153846154,PE_PGRS21-Rv1087A
0.24675324675324675,Rv2273
0.2894736842105263,proB
0.24,mmuM
0.20987654320987653,agpS
0.19101123595505617,dprE2
0.25,Rv3813c
0.265625,Rv1948c
0.17391304347826086,fadD10
0.22972972972972974,Rv0146-Rv0147
0.21428571428571427,rplE
0.2191780821917808,fadE13
0.24705882352941178,Rv3137
0.2876712328767123,pntAb
0.24193548387096775,fadD4-fadE3
0.25,senX3
0.1864406779661017,Rv1118c
0.3157894736842105,chaA
0.14102564102564102,mpg
0.32051282051282054,Rv2331A
0.19480519480519481,mbtG
0.19117647058823528,bkdB
0.29411764705882354,fdhF
0.23595505617977527,PPE53-Rv3160c
0.25757575757575757,mtc28
0.23636363636363636,Rv1313c-Rv1314c
0.22388059701492538,Rv1453
0.275,deoC
0.19736842105263158,Rv1100
0.20833333333333334,fbiC-TB8.4
0.21153846153846154,pgk
0.2638888888888889,moxR1
0.26666666666666666,trpB
0.3918918918918919,vapB13
0.17647058823529413,fbpB
0.21518987341772153,Rv2451
0.35064935064935066,Rv2956
0.25,sdhA
0.2682926829268293,truA
0.2236842105263158,Rv0986
0.22972972972972974,Rv0021c-whiB5
0.22077922077922077,Rv0229c
0.3333333333333333,Rv0372c
0.14925373134328357,Rv0609A-B55
0.2413793103448276,rplX
0.23943661971830985,atpD
0.2054794520547945,Rv2052c
0.20512820512820512,Rv2179c
0.2714285714285714,Rv2183c
0.2894736842105263,Rv2312-Rv2313c
0.25,Rv2721c
0.25333333333333335,Rv3030
0.32142857142857145,Rv3400-Rv3401
0.3013698630136986,esxT-esxU
0.2711864406779661,espA
0.1875,MTS2823
0.2857142857142857,nadR
0.2972972972972973,Rv1504c-Rv1505c
0.1891891891891892,Rv0048c-Rv0049
0.21875,Rv0158
0.3333333333333333,Rv0395
0.2159090909090909,Rv0523c
0.25333333333333335,Rv1639c
0.20634920634920634,cobT
0.1896551724137931,gabT-fadD9
0.2962962962962963,Rv2717c
0.28,Rv3258c
0.2318840579710145,Rv3557c
0.3287671232876712,Rv0248c
0.19444444444444445,Rv0807
0.26865671641791045,Rv1219c-Rv1220c
0.21666666666666667,ileS-dinX
0.3058823529411765,PE_PGRS31-Rv1769
0.2631578947368421,Rv1861
0.2714285714285714,Rv2159c
0.1643835616438356,Rv2491
0.22727272727272727,Rv2722
0.20454545454545456,PPE46-PE27A
0.2962962962962963,Rv3527-Rv3528c
0.22666666666666666,Rv0493c
0.2465753424657534,Rv1830
0.2463768115942029,glcB-vapC13
0.2857142857142857,Rv2175c
0.2073170731707317,Rv2529
0.3116883116883117,Rv2893
0.16216216216216217,fadE32
0.2328767123287671,Rv3679
0.17647058823529413,Rv3778c
0.28205128205128205,tatD
0.24096385542168675,Rv1864c
0.24242424242424243,Rv2336
0.273972602739726,fixB
0.21518987341772153,Rv0939-Rv0940c
0.14516129032258066,Rv1672c-Rv1673c
0.24615384615384617,Rv2598
0.2318840579710145,ino1-Rv0047c
0.3375,sdaA
0.29508196721311475,glyA2
0.2261904761904762,Rv0078B-Rv0079
0.25757575757575757,hycE
0.3333333333333333,Rv0181c
0.21428571428571427,fadE4
0.23376623376623376,nrdB-gabD1
0.24096385542168675,Rv0281-eccA3
0.2714285714285714,Rv0295c
0.1388888888888889,Rv0333
0.2898550724637681,thiO
0.2714285714285714,hemD-hemB
0.23684210526315788,Rv0612
0.22784810126582278,echA5
0.3333333333333333,Rv1155
0.19696969696969696,Rv1204c-Rv1205
0.14666666666666667,mbtL
0.2571428571428571,Rv1401
0.2619047619047619,Rv1466
0.22972972972972974,Rv1498c-Rv1498A
0.2876712328767123,Rv1588c-bioB
0.18292682926829268,Rv1645c-PE17
0.3275862068965517,Rv1725c
0.17543859649122806,vapC34
0.2054794520547945,Rv1770
0.2537313432835821,PPE34-PPE35
0.25806451612903225,lppG
0.2972972972972973,vapB36-PE_PGRS35
0.30120481927710846,Rv2102
0.1780821917808219,mpa
0.2647058823529412,Rv2169c-Rv2170
0.2857142857142857,Rv2197c
0.30434782608695654,mbtC
0.3103448275862069,rbsK-Rv2437
0.22580645161290322,Rv2513-Rv2514c
0.2558139534883721,vapC39
0.30158730158730157,aroE
0.16666666666666666,aspS
0.2898550724637681,Rv2669
0.2,Rv2686c
0.2597402597402597,Rv2738c
0.3,ephG-PE_PGRS47
0.3,Rv2779c-ald
0.17333333333333334,Rv2857c
0.31343283582089554,relG
0.12903225806451613,frr
0.2714285714285714,leuC
0.22580645161290322,serB2
0.26666666666666666,ssr-Rv3099c
0.23684210526315788,Rv3136A
0.24285714285714285,fadB4
0.28169014084507044,Rv3180c
0.22972972972972974,Rv3190A-Rv3191c
0.3076923076923077,Rv3235-Rv3236c
0.15584415584415584,accD5
0.3188405797101449,vapC44
0.22077922077922077,Rv3329
0.3333333333333333,vapB46-Rv3386
0.16393442622950818,Rv3485c
0.24615384615384617,mce4B
0.24050632911392406,Rv3594
0.2835820895522388,Rv3604c
0.3055555555555556,Rv3659c-Rv3660c
0.24324324324324326,PE_PGRS62-Rv3813c
0.2777777777777778,espL
0.2631578947368421,Rv2811
0.323943661971831,mcr-Rv1144
0.2698412698412698,Rv2282c
0.25925925925925924,mshD
0.3037974683544304,clpX
0.2077922077922078,Rv3753c-tyrA
0.2727272727272727,Rv2774c
0.2054794520547945,Rv3243c-lpqB
0.2375,ssb
0.26153846153846155,Rv0257-Rv0258c
0.27906976744186046,metZ
0.30952380952380953,thiS
0.234375,Rv0836c
0.3132530120481928,ksgA
0.2602739726027397,Rv1635c
0.323943661971831,PPE27-PE19
0.2112676056338028,fbpB-Rv1887
0.28,Rv2001-fabG3
0.19402985074626866,Rv2237
0.19117647058823528,rpiB
0.24,thyX-hsdS.1
0.21666666666666667,truB
0.17391304347826086,lepB
0.19736842105263158,hpx
0.30864197530864196,fdxB-Rv3555c
0.24358974358974358,Rv0945
0.3125,Rv1748
0.265625,erg3
0.2692307692307692,Rv1913
0.24691358024691357,Rv0034
0.24096385542168675,Rv0089-Rv0090
0.2153846153846154,Rv0813c-sseC2
0.2597402597402597,Rv0883c-serC
0.2676056338028169,Rv0887c-Rv0888
0.3333333333333333,mmpL13b-Rv1147
0.275,irtB
0.27941176470588236,Rv1473
0.3283582089552239,Rv1510-gmdA
0.3382352941176471,MTS1338
0.27631578947368424,Rv1954A
0.21518987341772153,asnB
0.19480519480519481,Rv2515c
0.24358974358974358,Rv3559c
0.14666666666666667,cspA-Rv3649
0.20481927710843373,galK
0.2,vapB1
0.21052631578947367,nirD
0.125,Rv0157A
0.2361111111111111,Rv0219
0.2777777777777778,Rv0316
0.21311475409836064,Rv0320
0.14516129032258066,Rv0430
0.2261904761904762,cmaA2
0.21621621621621623,Rv0546c
0.3037974683544304,recC-echA3
0.28,Rv0690c
0.15873015873015872,sppA
0.3484848484848485,Rv0787A
0.28378378378378377,Rv0839
0.25862068965517243,prsA
0.23809523809523808,Rv1019
0.2222222222222222,Rv1216c
0.21794871794871795,cysM
0.3194444444444444,Rv1456c
0.1839080459770115,tesB1
0.21428571428571427,argB
0.22413793103448276,PPE24-Rv1754c
0.26153846153846155,Rv1987
0.25,hrcA-Rv2375
0.2261904761904762,vapB41
0.09836065573770492,Rv2966c-pca
0.31746031746031744,thiL
0.2361111111111111,gpdA2
0.25396825396825395,Rv3071-Rv3072c
0.2608695652173913,cyp141-Rv3122
0.2804878048780488,Rv3188
0.18518518518518517,Rv3256c
0.34782608695652173,sdhB
0.14285714285714285,Rv3510c-PE_PGRS55
0.14084507042253522,lpqH
0.23943661971830985,hisC2
0.2361111111111111,Rv1732c
0.21176470588235294,Rv2767c-PPE43
0.25862068965517243,Rv1359
0.21794871794871795,Rv0696
0.1917808219178082,desA2
0.19696969696969696,Rv1134
0.275,Rv2166c-Rv2167c
0.3170731707317073,Rv0520
0.26865671641791045,Rv1434
0.3283582089552239,Rv1490-Rv1491c
0.2328767123287671,hpx-Rv3172c
0.2916666666666667,Rv0079
0.225,fadE6
0.19402985074626866,Rv0460
0.18032786885245902,Rv0497-Rv0498
0.25301204819277107,Rv0498
0.22727272727272727,cyp135B1
0.19736842105263158,vapC26
0.2345679012345679,Rv0653c
0.2608695652173913,phoT
0.22388059701492538,Rv0887c
0.22666666666666666,echA7
0.21666666666666667,PE_PGRS16-PE_PGRS17
0.2753623188405797,Rv1056-Rv1057
0.29850746268656714,Rv1112-vapB32
0.3,Rv1126c
0.27692307692307694,mshB
0.2898550724637681,Rv1278
0.21052631578947367,Rv1279
0.1951219512195122,Rv1331
0.1956521739130435,Rv1395
0.2676056338028169,infC
0.2535211267605634,Rv1739c-vapB34
0.3013698630136986,adhA
0.18421052631578946,fdxA-Rv2008c
0.19736842105263158,Rv2024c-Rv2025c
0.2876712328767123,Rv2144c
0.24358974358974358,Rv2293c-Rv2294
0.30666666666666664,Rv2405
0.30434782608695654,Rv2469c
0.21518987341772153,Rv2489c
0.21875,ruvC
0.24358974358974358,hsdM
0.3333333333333333,gcpE
0.32941176470588235,cdsA
0.2535211267605634,vapB44
0.16666666666666666,echA18.1
0.2804878048780488,Rv3403c-Rv3404c
0.16129032258064516,Rv3471c
0.2972972972972973,Rv3486
0.18055555555555555,fadE29
0.3,mpr18
0.30158730158730157,fadE36
0.24390243902439024,vapC25
0.2702702702702703,Rv1648-pheS
0.16666666666666666,mce1R-fadD5
0.23880597014925373,hsp-nirB
0.2597402597402597,Rv3173c
0.22972972972972974,sigL
0.22972972972972974,Rv1200
0.2537313432835821,lprD
0.20689655172413793,mmpS3
0.2857142857142857,rne
0.2714285714285714,fadB2-umaA
0.17647058823529413,Rv1706A-Rv1707
0.2711864406779661,Rv2413c
0.2125,Rv2898c-fdhD
0.2835820895522388,Rv2365c
0.24444444444444444,fadE12
0.2361111111111111,tkt-PE_PGRS27
0.2375,purA-Rv0358
0.2571428571428571,vapC14
0.2318840579710145,Rv1861-adhA
0.25609756097560976,thrV-Rv0756c
0.171875,Rv0203
0.2647058823529412,xthA
0.32,Rv0607-vapB28
0.2625,Rv0689c
0.2833333333333333,Rv0738
0.358974358974359,Rv0801
0.2807017543859649,fadH
0.25757575757575757,Rv1735c
0.3,Rv2077c
0.17567567567567569,yfiH
0.25882352941176473,Rv2313c
0.189873417721519,Rv2481c
0.2073170731707317,Rv2573
0.23529411764705882,fpg
0.21348314606741572,gatB
0.26436781609195403,Rv3090
0.26666666666666666,Rv3702c
0.23076923076923078,Rv0516c
0.2716049382716049,Rv2803-Rv2804c
0.20967741935483872,vapC2-Rv0302
0.19402985074626866,fadD17-PE_PGRS53
0.34210526315789475,vapC4
0.21176470588235294,Rv0943c
0.25316455696202533,metE
0.17142857142857143,rrf-ogt
0.25,Rv2307A-Rv2307B
0.2465753424657534,aroF
0.21428571428571427,Rv3217c-Rv3218
0.18032786885245902,mazE1-Rv0457c
0.15384615384615385,rplK
0.22058823529411764,Rv0779c
0.25396825396825395,Rv1056
0.26153846153846155,PE_PGRS22-coaA
0.22388059701492538,Rv2473
0.17142857142857143,Rv2541-Rv2542
0.24285714285714285,pgsA3
0.19117647058823528,rplM-esxT
0.18571428571428572,Rv0942
0.12658227848101267,rseA-htrA
0.22727272727272727,Rv1322
0.20238095238095238,tlyA
0.20481927710843373,lppL-pyrD
0.2564102564102564,glnE
0.20253164556962025,Rv2739c
0.2835820895522388,Rv2797c
0.27941176470588236,esxG
0.22857142857142856,Rv3197-whiB7
0.12,Rv3212-Rv3213c
0.3013698630136986,moaC3
0.2537313432835821,nagA
0.1891891891891892,guaB3
0.18461538461538463,eccD4
0.2727272727272727,galE1
0.25925925925925924,mmpL4
0.16,pip-Rv0841
0.2236842105263158,Rv0842
0.27631578947368424,PE_PGRS4-PPE3
0.24615384615384617,hemB
0.24,htrA
0.2638888888888889,Rv1735c-narX
0.25675675675675674,Rv1772-Rv1773c
0.3076923076923077,cysE-Rv2336
0.208955223880597,Rv2432c
0.2191780821917808,Rv0530A
0.2054794520547945,fucA
0.2153846153846154,Rv1050-Rv1051c
0.23943661971830985,mutY
0.3253012048192771,Rv0976c-PE_PGRS16
0.11764705882352941,metB-greA
0.25316455696202533,Rv1421
0.2328767123287671,Rv1546
0.23076923076923078,Rv2020c-Rv2021c
0.2608695652173913,murG
0.34285714285714286,pckA
0.2375,ggtB-Rv2395
0.21428571428571427,Rv2525c
0.24285714285714285,rpsP
0.36363636363636365,mmr
0.25,rhlE
0.2465753424657534,accA3
0.2727272727272727,Rv0678
0.2459016393442623,gmhB
0.24675324675324675,Rv0650-rplJ
0.2608695652173913,Rv0837c
0.3728813559322034,rfe
0.2033898305084746,mbtN
0.28169014084507044,lprG
0.25609756097560976,Rv1626-Rv1627c
0.3142857142857143,Rv3292
0.2361111111111111,cysS1
0.1917808219178082,PE_PGRS41-cysA1
0.29577464788732394,Rv1139c-Rv1140
0.18055555555555555,Rv1459c
0.25252525252525254,pknF-Rv1747
0.25,Rv2120c
0.2619047619047619,bkdA
0.2876712328767123,cysG
0.2564102564102564,Rv0326
0.21212121212121213,lpqG
0.18421052631578946,Rv3661
0.17105263157894737,Rv3789
0.16455696202531644,fbpD-fbpA
0.19736842105263158,Rv0375c
0.28,Rv0841
0.21212121212121213,Rv0347
0.23809523809523808,Rv1034c-Rv1035c
0.2033898305084746,metB
0.3055555555555556,metE-Rv1134
0.21333333333333335,Rv1717-Rv1718
0.20270270270270271,Rv2023c
0.2318840579710145,Rv2472
0.2638888888888889,manA
0.22784810126582278,Rv0955
0.2361111111111111,Rv1628c
0.08955223880597014,Rv2240c-aceE
0.3,Rv2636-dedA
0.3037974683544304,Rv0311-Rv0312
0.22950819672131148,echA14-PE_PGRS42
0.19718309859154928,argA-ftsK
0.1527777777777778,serV-Rv3723
0.2911392405063291,fcoT
0.13924050632911392,Rv0492A
0.2571428571428571,lprL
0.26582278481012656,Rv0787
0.2698412698412698,cmk
0.22727272727272727,Rv2617c-Rv2618
0.20754716981132076,mpt70
0.20588235294117646,mas-fadD28
0.24096385542168675,Rv3278c-birA
0.23376623376623376,aspB
0.23880597014925373,Rv3735
0.3181818181818182,rplV
0.3026315789473684,Rv1742
0.23076923076923078,pks16
0.3125,cbs
0.25,Rv1277
0.24,Rv1856c
0.22666666666666666,acg
0.29577464788732394,Rv2134c
0.28125,Rv2250c
0.234375,Rv2304c
0.33783783783783783,Rv2345-esxO
0.2857142857142857,Rv2423
0.2702702702702703,aroB
0.34328358208955223,Rv2806-Rv2807
0.3728813559322034,prfB
0.23943661971830985,Rv3437
0.32727272727272727,Rv3752c
0.23636363636363636,ncrMT3949-Rv3843c
0.23376623376623376,rpmC
0.18518518518518517,Rv0738-Rv0739
0.24675324675324675,Rv0481c-murB
0.22388059701492538,Rv3235
0.21839080459770116,Rv3364c
0.390625,hemA
0.2702702702702703,Rv0940c
0.27419354838709675,Rv0976c
0.1506849315068493,pks16-pth
0.2608695652173913,atpC
0.2972972972972973,Rv1535
0.2891566265060241,Rv1906c
0.24691358024691357,mpt63
0.2,Rv1939
0.3442622950819672,ugpE
0.2608695652173913,Rv3204
0.24324324324324326,fbpA-aftB
0.2597402597402597,rbsK
0.2328767123287671,Rv3683-Rv3684
0.21951219512195122,Rv1422
0.2786885245901639,Rv1496
0.2375,Rv1717
0.15942028985507245,Rv1726
0.1896551724137931,Rv1897c
0.23684210526315788,Rv1976c
0.13333333333333333,Rv0196
0.17647058823529413,vapB16
0.175,Rv2420c
0.2535211267605634,Rv2665
0.22388059701492538,pfkA
0.32,Rv3049c
0.2153846153846154,fadE23-fadB4
0.2894736842105263,Rv3672c
0.11594202898550725,Rv0401
0.22950819672131148,pitA
0.2571428571428571,pncB2
0.22077922077922077,Rv0787-Rv0787A
0.2631578947368421,Rv0996-alaV
0.2808988764044944,Rv2061c-cobN
0.24705882352941178,sucC
0.2727272727272727,Rv1516c
0.16049382716049382,cut3
0.2465753424657534,Rv0142
0.2236842105263158,apa
0.21311475409836064,gcvT
0.25,Rv2700
0.3389830508474576,Rv3395A
0.25,end
0.3088235294117647,lpqS
0.18055555555555555,mazE2
0.24615384615384617,Rv2735c
0.2972972972972973,mcr7
0.21052631578947367,Rv2721c-Rv2722
0.34375,Rv2766c
0.17647058823529413,ddlA
0.2625,Rv0421c
0.25333333333333335,leuT-Rv0021c
0.1774193548387097,Rv0406c-fgd1
0.2631578947368421,rpfA-moaD2
0.14864864864864866,vapB20
0.325,lppU
0.21428571428571427,Rv3114
0.2125,Rv3520c-Rv3521
0.2988505747126437,tagA-Rv1211
0.3235294117647059,Rv1254
0.17073170731707318,udgB
0.1794871794871795,Rv1382
0.21428571428571427,Rv1414
0.30303030303030304,Rv1535-ileS
0.203125,eccE3
0.24561403508771928,Rv0332
0.24615384615384617,ptpA
0.28205128205128205,Rv1006
0.30303030303030304,prpD
0.37681159420289856,sugC-corA
0.3275862068965517,Rv1432
0.24675324675324675,Rv1929c
0.23076923076923078,Rv0204c
0.21794871794871795,Rv2283
0.1527777777777778,rplU-dctA
0.2112676056338028,Rv2997
0.2608695652173913,glpQ1
0.2235294117647059,vapB31
0.19444444444444445,rpsN1
0.34782608695652173,mmsA
0.1794871794871795,Rv1591-Rv1592c
0.22388059701492538,Rv1697
0.2077922077922078,Rv2172c
0.25,cadI
0.21311475409836064,Rv2706c
0.23076923076923078,mpt83
0.25757575757575757,nuoH
0.19736842105263158,vapB46
0.16901408450704225,echA20
0.21951219512195122,Rv0918
0.2564102564102564,lysA
0.1935483870967742,fadD12
0.30666666666666664,fadD11.1
0.208955223880597,ureF
0.2807017543859649,Rv1893
0.2916666666666667,viuB
0.2,Rv0274
0.2875,Rv0513
0.24324324324324326,menA
0.2375,PPE19-Rv1362c
0.23943661971830985,trpA
0.11475409836065574,PE_PGRS33-bacA
0.2112676056338028,Rv1961-vapC35
0.24615384615384617,Rv2219A
0.24050632911392406,ahpC
0.24285714285714285,Rv3371-otsB2
0.25675675675675674,Rv3324A-Rv3325
0.23880597014925373,Rv3163c
0.1935483870967742,Rv0880
0.24691358024691357,purC
0.3541666666666667,lipM
0.23076923076923078,Rv2772c-dapB
0.25675675675675674,Rv1466-fadE15
0.203125,Rv2285-Rv2286c
0.21621621621621623,Rv2304c-Rv2305
0.2459016393442623,Rv2417c
0.2261904761904762,rpiB-Rv2466c
0.2537313432835821,Rv3263-manB
0.21153846153846154,add
0.2823529411764706,Rv0744c
0.2571428571428571,Rv1373
0.25675675675675674,dapC-fadA
0.2328767123287671,lpqV-Rv1065
0.36065573770491804,vapB10-nlhH
0.26666666666666666,Rv1424c
0.2465753424657534,lppC-fadB5
0.27586206896551724,Rv2361c
0.19402985074626866,rpsB-Rv2891
0.275,Rv3717-Rv3718c
0.2222222222222222,Rv2613c
0.25,PPE9-purT
0.20634920634920634,Rv2160c-Rv2161c
0.18309859154929578,PE4-Rv0161
0.21621621621621623,fadA2-F6
0.3253012048192771,Rv0272c
0.2441860465116279,PE6-Rv0336
0.345679012345679,psd-moeA2
0.18823529411764706,Rv0466
0.2857142857142857,Rv0580c-vapB26
0.23809523809523808,hadB
0.3142857142857143,rplA
0.2692307692307692,Rv0799c
0.19047619047619047,trcR-Rv1034c
0.2571428571428571,Rv1101c-mazF3
0.2602739726027397,Rv1404-Rv1405c
0.2647058823529412,scpA
0.1780821917808219,Rv2060
0.27419354838709675,ldtB
0.28735632183908044,Rv2665-Rv2666
0.24528301886792453,Rv3054c
0.208955223880597,wbbL1
0.2222222222222222,Rv3342
0.12698412698412698,Rv3369
0.24390243902439024,nat
0.3493975903614458,kstR
0.20238095238095238,gshA-Rv3705c
0.22784810126582278,Rv1271c
0.26153846153846155,mesJ
0.29310344827586204,thiG
0.20253164556962025,Rv0966c-csoR
0.3076923076923077,Rv1097c
0.20987654320987653,Rv3050c-nrdE
0.15789473684210525,adhD
0.24,Rv3333c
0.2911392405063291,cobH
0.2926829268292683,Rv1533
0.1794871794871795,Rv3064c-mmr
0.2413793103448276,mesT
0.22093023255813954,Rv3224A
0.19402985074626866,rpsQ
0.15873015873015872,Rv0760c
0.3088235294117647,rplY-lpqT
0.21621621621621623,fadD21-Rv1186c
0.25675675675675674,Rv1260-Rv1261c
0.18666666666666668,cysW
0.27380952380952384,Rv2558-Rv2559c
0.2191780821917808,Rv3712
0.2631578947368421,Rv3815c
0.22972972972972974,fabG3
0.25,Rv3659c
0.27941176470588236,serA2
0.24705882352941178,Rv0681-rpsL
0.27941176470588236,G2-lprJ
0.2535211267605634,Rv0367c-Rv0368c
0.27058823529411763,Rv0919
0.3103448275862069,canA
0.25,Rv1339
0.2857142857142857,Rv1919c
0.24675324675324675,Rv2777c-Rv2778c
0.27586206896551724,dxr
0.288135593220339,sdhD-sdhA
0.2948717948717949,Rv3647c
0.23529411764705882,glnA3
0.3484848484848485,Rv3631
0.23255813953488372,Rv0227c-Rv0228
0.2916666666666667,Rv2807
0.2916666666666667,esxQ
0.29213483146067415,Rv0428c
0.16666666666666666,Rv0439c
0.189873417721519,menE-Rv0543c
0.1780821917808219,prfA
0.2125,Rv1356c
0.3076923076923077,Rv1367c-lprF
0.25,mpt64
0.3283582089552239,Rv2001
0.2911392405063291,Rv2410c
0.2727272727272727,ldtB-lysU
0.20588235294117646,Rv2640c-cadI
0.2976190476190476,clpC2
0.22388059701492538,Rv2749
0.22580645161290322,Rv2774c-Rv2775
0.29333333333333333,Rv3239c-secA1
0.24358974358974358,Rv3312A
0.2696629213483146,Rv3354
0.3157894736842105,purH
0.24324324324324326,glgE-glgP
0.29411764705882354,hemE
0.17647058823529413,Rv3463
0.19230769230769232,Rv3848
0.2,menC
0.1864406779661017,Rv3435c
0.19444444444444445,Rv0110-Rv0111
0.21794871794871795,Rv0249c
0.3225806451612903,PPE6-Rv0306
0.32432432432432434,ansP2-Rv0347
0.3142857142857143,inhA
0.3235294117647059,Rv2887
0.28378378378378377,Rv3360
0.2535211267605634,yrbE4A
0.18032786885245902,ureG
0.20238095238095238,ndh
0.24719101123595505,Rv2300c
0.2535211267605634,Rv0225
0.23076923076923078,TB9.4-Rv3209
0.18055555555555555,deoA
0.2191780821917808,Rv3749c
0.2328767123287671,kmtR
0.24691358024691357,rpsR1
0.1935483870967742,Rv0480c
0.2112676056338028,Rv0841-Rv0842
0.18666666666666668,Rv1498A
0.2375,Rv1571-Rv1572c
0.2926829268292683,Rv1703c
0.21621621621621623,yrbE3B
0.2,ctaE
0.323943661971831,Rv2271
0.22988505747126436,Rv2390c-sirA
0.16417910447761194,rpfE-Rv2451
0.2318840579710145,pepN
0.21176470588235294,Rv2506
0.2222222222222222,Rv2620c
0.23529411764705882,Rv2771c
0.18309859154929578,Rv3034c
0.273972602739726,Rv3368c
0.16666666666666666,Rv2022c-Rv2023c
0.3466666666666667,Rv3675
0.27631578947368424,Rv0912-Rv0913c
0.2696629213483146,lipX-mshB
0.21621621621621623,PE12-fbiC
0.19444444444444445,eccD5
0.16666666666666666,Rv2229c
0.18840579710144928,Rv3346c
0.2465753424657534,Rv3816c
0.3055555555555556,Rv1597
0.1917808219178082,Rv2235
0.19230769230769232,Rv2254c
0.24,Rv3207c-Rv3208
0.24615384615384617,Rv0910
0.15151515151515152,Rv1476-ripA
0.24285714285714285,Rv1540
0.19047619047619047,Rv2136c
0.3176470588235294,Rv2515c-Rv2516c
0.22666666666666666,Rv2548A
0.21052631578947367,Rv3208
0.2692307692307692,trxB2
0.25806451612903225,Rv2636
0.33783783783783783,Rv3209
0.3088235294117647,thiC-Rv0424c
0.24285714285714285,Rv0611c
0.25396825396825395,glyA1
0.23529411764705882,Rv1873
0.2786885245901639,Rv1167c
0.19444444444444445,Rv1268c
0.18666666666666668,vapC8
0.2361111111111111,Rv0232
0.3815789473684211,hsp
0.20481927710843373,Rv1508A
0.23076923076923078,Rv2205c
0.13636363636363635,PE_PGRS8-Rv0743c
0.2391304347826087,Rv0813c
0.234375,mrp
0.3230769230769231,Rv1474c
0.275,pheT-PE_PGRS30
0.2375,Rv1887-Rv1888c
0.1267605633802817,Rv2239c-Rv2240c
0.2318840579710145,Rv2242
0.2903225806451613,Rv2390c
0.27941176470588236,Rv2576c-Rv2577
0.2647058823529412,thyX
0.22033898305084745,fadE21
0.3013698630136986,Rv2843
0.25,Rv3162c
0.1875,Rv3225c
0.208955223880597,Rv3529c
0.171875,Rv3579c
0.2727272727272727,Rv3605c
0.33783783783783783,Rv2879c
0.22784810126582278,Rv1227c
0.25333333333333335,pncB1-Rv1331
0.22666666666666666,Rv1947
0.19767441860465115,lipA
0.18309859154929578,Rv1531
0.24705882352941178,Rv1829
0.26666666666666666,Rv2409c
0.2222222222222222,citE
0.2236842105263158,arsA
0.25,Rv2851c
0.19402985074626866,mpt53
0.2808988764044944,drrB
0.25,leuC-Rv2989
0.234375,Rv3008
0.1791044776119403,fadA5
0.24705882352941178,cobQ2
0.32941176470588235,ilvA
0.24324324324324326,fabD
0.2077922077922078,Rv0106
0.2328767123287671,Rv0420c
0.24285714285714285,purN
0.20512820512820512,Rv1004c-pabB
0.2926829268292683,fas-Rv2525c
0.2638888888888889,Rv2765-Rv2766c
0.22077922077922077,pyrH
0.2,Rv3195
0.20512820512820512,hpt
0.2753623188405797,glfT2
0.2545454545454545,argD
0.18309859154929578,Rv1685c
0.3150684931506849,ilvE
0.25,aceE
0.20253164556962025,Rv2296
0.22857142857142856,asd
0.25806451612903225,rplO-sppA
0.3055555555555556,Rv1499
0.2911392405063291,echA8-echA9
0.3,Rv1973-Rv1974
0.28125,Rv1989c
0.2191780821917808,Rv2146c-Rv2147c
0.20833333333333334,Rv2325c
0.24615384615384617,Rv2509
0.2807017543859649,Rv2639c
0.20588235294117646,Rv2824c-Rv2825c
0.16393442622950818,whiB2
0.2465753424657534,Rv3400
0.20987654320987653,choD-guaB3
0.19298245614035087,espD
0.208955223880597,Rv3629c-Rv3630
0.24050632911392406,fadE36-Rv3762c
0.2916666666666667,espG2
0.20987654320987653,Rv1059
0.17142857142857143,argG-argH
0.26229508196721313,moeW
0.3333333333333333,alkB
0.2631578947368421,Rv0199
0.2857142857142857,dapF
0.2631578947368421,espD-espC
0.17647058823529413,vapC40
0.3108108108108108,esxB
0.20588235294117646,ccdA
0.2602739726027397,mku-ligD
0.19230769230769232,Rv1115
0.2413793103448276,sugC
0.22784810126582278,cysK1
0.21951219512195122,Rv3468c
0.2753623188405797,esxJ
0.29213483146067415,mutT1
0.23076923076923078,Rv3216
0.2602739726027397,mscR
0.17647058823529413,Rv0390
0.2753623188405797,Rv2632c
0.19696969696969696,Rv0078B
0.2,fadE2
0.22077922077922077,moeA2-Rv0439c
0.23880597014925373,Rv0730-Rv0731c
0.323943661971831,fadE10-Rv0874c
0.25301204819277107,mprB
0.19117647058823528,trcS-trcR
0.2755102040816326,Rv1184c
0.2833333333333333,plcD
0.34210526315789475,mazE7
0.21428571428571427,vapC41
0.22077922077922077,tsf
0.30158730158730157,Rv3034c-Rv3035
0.171875,Rv3829c-Rv3830c
0.2112676056338028,Rv1941
0.30303030303030304,thiD-thiC
0.2753623188405797,dipZ-mpt70
0.36764705882352944,Rv3636-Rv3637
0.2261904761904762,Rv1904-aao
0.2753623188405797,sodC
0.21212121212121213,Rv0767c-aldA
0.2112676056338028,Rv3194c
0.23529411764705882,Rv3768-Rv3769
0.18181818181818182,Rv3070
0.2638888888888889,rnpA
0.22972972972972974,Rv0012-trpG
0.19444444444444445,Rv0024-Rv0025
0.34210526315789475,hycD
0.25555555555555554,Rv0102-ctpB
0.1746031746031746,Rv0464c
0.3283582089552239,bpoC-menD
0.21739130434782608,glf
0.26229508196721313,Rv0227c
0.24,rpsO-ribF
0.2361111111111111,truA-rplQ
0.2631578947368421,ilvC
0.25882352941176473,Rv0148
0.21739130434782608,echA2-mazF1
0.07462686567164178,mmpL13a
0.25,TB8.4
0.225,Rv1780
0.26136363636363635,Rv2269c
0.2318840579710145,sirA
0.25,Rv2804c
0.16470588235294117,Rv3179-Rv3180c
0.16470588235294117,fic
0.2564102564102564,iunH-Rv3394c
0.26666666666666666,Rv1192
0.1794871794871795,thrA
0.30985915492957744,ptbB
0.19736842105263158,Rv2411c
0.2222222222222222,Rv2255c-Rv2256c
0.21951219512195122,msrA
0.30985915492957744,Rv3066
0.32075471698113206,Rv0434-Rv0435c
0.2361111111111111,hisF
0.2597402597402597,Rv1265
0.23076923076923078,gabP
0.14102564102564102,Rv1188
0.1780821917808219,Rv1928c-Rv1929c
0.175,Rv1951c
0.22784810126582278,Rv2957
0.22666666666666666,ilvB1
0.25,gpm2
0.29850746268656714,Rv3311
0.21311475409836064,dacB1-sugI
0.22077922077922077,Rv1831
0.2647058823529412,leuS-Rv0042c
0.25,Rv1977-Rv1978
0.28378378378378377,fadE16
0.2564102564102564,Rv3668c
0.24050632911392406,Rv1137c
0.2714285714285714,cobG-cobH
0.19101123595505617,Rv0208c-Rv0209
0.125,Rv0150c
0.38028169014084506,sucD-Rv0953c
0.27631578947368424,Rv0970-echA7
0.23333333333333334,fadD36-Rv1194c
0.2923076923076923,cyp136
0.21518987341772153,gpgS
0.22666666666666666,mak
0.2878787878787879,ansA-lspA
0.2222222222222222,cobD
0.3013698630136986,Rv2695
0.23809523809523808,Rv1324-PE_PGRS24
0.22666666666666666,Rv0953c-Rv0954
0.32,Rv0997
0.2898550724637681,Rv1083
0.23529411764705882,rrs-rrl
0.2597402597402597,Rv1473-Rv1473A
0.24324324324324326,Rv2456c-clpX
0.2916666666666667,nuoM
0.2318840579710145,Rv3851-hns
0.22388059701492538,Rv3055
0.19753086419753085,rpmG2
0.3442622950819672,Rv0135c-cyp138
0.2328767123287671,glbN-Rv1543
0.2537313432835821,Rv2265-cyp124
0.1724137931034483,Rv3481c
0.2028985507246377,Rv1692
0.23684210526315788,Rv2983
0.21739130434782608,purM
0.25,Rv1593c
0.2702702702702703,devR
0.25,hadC-trpT
0.23214285714285715,Rv1556-mmpL6
0.22535211267605634,dxs1-Rv2683
0.15942028985507245,Rv3213c
0.2714285714285714,pstP-fhaB
0.21621621621621623,Rv0161-adhE1
0.25675675675675674,Rv0965c
0.23076923076923078,Rv1276c-Rv1277
0.2,nanT-Rv1903
0.2602739726027397,echA17
0.2875,Rv3099c
0.27692307692307694,Rv3284
0.18309859154929578,hsaE
0.189873417721519,Rv3603c-Rv3604c
0.2631578947368421,Rv3690
0.2727272727272727,esxD-PPE69
0.25757575757575757,trxC
0.2786885245901639,PPE28-PPE29
0.25396825396825395,recO
0.2638888888888889,acpS-fas
0.21621621621621623,alaS
0.28125,Rv2824c
0.31343283582089554,groEL1
0.1896551724137931,Rv0135c
0.1044776119402985,fadD16
0.25,Rv1990c
0.28378378378378377,fhaB
0.25,fba
0.21739130434782608,Rv2076c
0.3,Rv2734
0.2608695652173913,whiB7-uvrD2
0.2222222222222222,Rv3212
0.18840579710144928,vapC47
0.25333333333333335,Rv3845
0.2625,tpi
0.26153846153846155,Rv0108c-PE_PGRS1
0.2375,nusG
0.32857142857142857,Rv2622-TB31.7
0.20967741935483872,Rv0514
0.2676056338028169,plsB1-frdA
0.32,Rv1567c
0.2318840579710145,eccB5
0.2676056338028169,Rv2762c
0.18032786885245902,Rv3095-Rv3096
0.21951219512195122,Rv3760
0.19047619047619047,Rv3732-Rv3733c
0.21212121212121213,Rv2775
0.2571428571428571,Rv0979c
0.28169014084507044,Rv0163
0.2054794520547945,Rv0412c
0.21875,adk
0.17391304347826086,Rv1520-fadD25
0.25,Rv2651c-Rv2652c
0.2028985507246377,Rv3143
0.1951219512195122,mmaA3
0.26744186046511625,Rv0998
0.2112676056338028,mmpL13b
0.1323529411764706,Rv1979c-mpt64
0.18181818181818182,mmpS3-Rv2199c
0.25,Rv2459-clpP2
0.2222222222222222,glnQ-Rv2565
0.18309859154929578,PE33-Rv3651
0.21311475409836064,Rv0090-mtn
0.17333333333333334,Rv0361
0.2542372881355932,Rv0521-gabP
0.23809523809523808,Rv0817c-Rv0818
0.3114754098360656,vapB9
0.3055555555555556,nuoJ
0.27058823529411763,sigH
0.1506849315068493,papA2-Rv3821
0.2619047619047619,cyp135B1-Rv0569
0.23809523809523808,rpsS
0.23255813953488372,Rv0926c
0.3181818181818182,Rv1351-Rv1352
0.26582278481012656,Rv1462
0.17142857142857143,Rv2375
0.2878787878787879,vapC21
0.23809523809523808,ctaD-fecB
0.14925373134328357,Rv3353c
0.2564102564102564,Rv0200
0.26582278481012656,Rv2327
0.20481927710843373,cfp29
0.24285714285714285,Rv0145-Rv0146
0.2222222222222222,phoY2
0.24242424242424243,desA2-phoH2
0.2625,Rv1903
0.1643835616438356,Rv2226-rnpB
0.2028985507246377,Rv2360c
0.2602739726027397,mobA
0.2261904761904762,Rv2558
0.19736842105263158,Rv3169-aofH
0.24285714285714285,esxE
0.2876712328767123,pntAa
0.2857142857142857,gpm1
0.2,moaB2
0.20967741935483872,alaV-Rv0997
0.2,lpqX-mrp
0.2465753424657534,Rv2028c
0.12195121951219512,helZ-Rv2102
0.25,wag31-Rv2146c
0.30952380952380953,Rv2672-aftC
0.2903225806451613,Rv2776c-Rv2777c
0.25,Rv2912c
0.2112676056338028,Rv3329-dacB1
0.1917808219178082,hemZ
0.2033898305084746,Rv1581c-Rv1582c
0.2463768115942029,ctaC
0.2537313432835821,PE_PGRS40-Rv2372c
0.15789473684210525,Rv0463
0.2,PE_PGRS47-Rv2742c
0.22857142857142856,vapB27
0.2289156626506024,nrdF1
0.15873015873015872,vapB37
0.2222222222222222,apt
0.20238095238095238,Rv3207c
0.2289156626506024,mhpE
0.21428571428571427,Rv3678c
0.2191780821917808,esxC
0.27692307692307694,Rv0195
0.16666666666666666,Rv0460-Rv0461
0.21428571428571427,Rv0688
0.25675675675675674,tatB-Rv1225c
0.21428571428571427,Rv2369c
0.225,Rv2709-sigB
0.23880597014925373,coaE
0.18181818181818182,Rv2417c-Rv2418c
0.23684210526315788,nrp-Rv0102
0.22972972972972974,Rv1626
0.25287356321839083,pyrF-PE15
0.25333333333333335,Rv1828-Rv1829
0.22857142857142856,Rv3165c
0.14925373134328357,vapC42
0.3050847457627119,fadB2
0.20481927710843373,echA9
0.2602739726027397,Rv1898
0.2375,TB16.3
0.25882352941176473,caeA
0.2631578947368421,iscS
0.16666666666666666,Rv3831
0.19444444444444445,prrA-accD3
0.23943661971830985,Rv0695
0.24324324324324326,Rv0093c-Rv0094c
0.1951219512195122,Rv0991c
0.22058823529411764,Rv1337
0.15151515151515152,hrp1
0.27631578947368424,Rv3228
0.2857142857142857,Rv3405c
0.2602739726027397,Rv3643
0.22413793103448276,fadA4-Rv1324
0.2903225806451613,B55-Rv0610c
0.28,Rv1417
0.25,panB-Rv2226
0.2,Rv3213c-gpm2
0.1518987341772152,lipP
0.23943661971830985,Rv3271c
0.2222222222222222,Rv0042c-Rv0043c
0.24324324324324326,pth
0.2676056338028169,cysD
0.25757575757575757,Rv1353c
0.3611111111111111,Rv3413c
0.2835820895522388,hemK
0.20833333333333334,mbtE-mbtD
0.23809523809523808,gpsI
0.22857142857142856,trmD
0.3333333333333333,hns
0.23684210526315788,Rv0323c-Rv0324
0.22413793103448276,Rv1167c-PPE17
0.1774193548387097,pheS
0.19444444444444445,cfp21
0.23636363636363636,Rv2915c
0.2753623188405797,cdd-sdhC
0.19230769230769232,tcrX
0.29333333333333333,Rv2117
0.22388059701492538,Rv2767c
0.20967741935483872,nudC-Rv3200c
0.22950819672131148,hsaF
0.25,Rv0793-Rv0794c
0.3088235294117647,rpsH
0.1875,era
0.2878787878787879,mtc28-leuS
0.2898550724637681,rplJ
0.18840579710144928,Rv0810c-Rv0811c
0.2692307692307692,Rv1085c
0.20967741935483872,acn
0.22727272727272727,Rv2114
0.32,Rv2475c
0.2,bcp
0.2647058823529412,bfrB
0.1875,serS
0.2857142857142857,Rv0238-vapB24
0.25333333333333335,clpP1
0.136986301369863,vapC43
0.21505376344086022,mmsA-PE_PGRS11
0.17647058823529413,Rv2600
0.18181818181818182,mkl-vapC6
0.2987012987012987,Rv1065
0.15714285714285714,Rv1534
0.23076923076923078,Rv3338
0.25333333333333335,Rv1776c
0.23684210526315788,proU
0.18181818181818182,Rv3352c
0.2857142857142857,Rv0597c
0.2463768115942029,Rv3491
0.2537313432835821,emrB-Rv0784
0.1744186046511628,fadD3
0.2948717948717949,Rv0441c
0.31746031746031744,mmaA2-mmaA1
0.2631578947368421,Rv2862c
0.21052631578947367,Rv3183
0.21978021978021978,Rv3789-dprE1
0.23684210526315788,cysA2
0.21875,Rv1081c
0.2,clpP2
0.30864197530864196,Rv2707
0.2878787878787879,canA-cysD
0.3,Rv0236A-lpqI
0.2345679012345679,pnp
0.2753623188405797,rplA-mmaA4
0.2125,esxK-esxL
0.17105263157894737,Rv2143-Rv2144c
0.26666666666666666,Rv2307B
0.19718309859154928,Rv3552-Rv3553
0.15294117647058825,lppH
0.17142857142857143,Rv2645
0.22972972972972974,eccA3
0.21052631578947367,Rv0765c
0.19753086419753085,Rv1084-Rv1085c
0.13043478260869565,Rv2260-Rv2261c
0.22784810126582278,gatC
0.24050632911392406,Rv3802c
0.28378378378378377,Rv1314c
0.20833333333333334,vapC11
0.2698412698412698,argG
0.2413793103448276,lexA
0.3108108108108108,Rv3217c
0.25,pcaA
0.23076923076923078,Rv0579
0.27586206896551724,Rv0828c
0.2073170731707317,Rv3200c-Rv3201c
0.2441860465116279,secA1-Rv3241c
0.29411764705882354,echA11
0.234375,hspX
0.2716049382716049,Rv2348c-plcC
0.33783783783783783,Rv2649-Rv2650c
0.3194444444444444,Rv3015c-lpqA
0.22058823529411764,Rv3644c
0.2375,Rv3896c-Rv3897c
0.2727272727272727,Rv3258c-Rv3259
0.25333333333333335,mycP1-eccA2
0.25,Rv1671
0.2717391304347826,xseB
0.20634920634920634,Rv1245c
0.20481927710843373,Rv1491c
0.21621621621621623,Rv3095
0.18840579710144928,sigJ
0.21428571428571427,Rv0488
0.29577464788732394,Rv1404
0.21333333333333335,thrT-metT
0.3333333333333333,Rv2406c-Rv2407
0.3114754098360656,lpqA-esxQ
0.21518987341772153,fadE35-Rv3798
0.25882352941176473,vapB27-Rv0600c
0.27906976744186046,argJ
0.26582278481012656,Rv0077c
0.19540229885057472,Rv0963c-Rv0964c
0.27631578947368424,dnaG-dgt
0.359375,Rv3405c-Rv3406
0.2361111111111111,Rv1813c
0.2875,Rv2306B
0.2638888888888889,pdxH-PPE42
0.24193548387096775,ald
0.2112676056338028,Rv3335c
0.2753623188405797,Rv3365c-spoU
0.2857142857142857,Rv1723-Rv1724c
0.23684210526315788,pknE-Rv1744c
0.24285714285714285,grcC1
0.2413793103448276,Rv1491c-mutA
0.2835820895522388,icl1-fadB2
0.2857142857142857,cut2-Rv2302
0.273972602739726,asnT
0.2361111111111111,Rv3210c-rhlE
0.18666666666666668,mmpS4
0.21518987341772153,vapB8
0.21428571428571427,ncrMT1234
0.14102564102564102,oppC
0.21951219512195122,vapB35
0.23076923076923078,Rv1990c-Rv1990A
0.2463768115942029,Rv2454c
0.14492753623188406,Rv2827c
0.25,Rv3120-cyp141
0.25925925925925924,panD
0.19402985074626866,ribA2
0.25,upp
0.25,Rv1772
0.24193548387096775,AS1890
0.234375,Rv1958c
0.25882352941176473,ppiA
0.30985915492957744,mmsB
0.22093023255813954,rpmF
0.2465753424657534,idsA2
0.25757575757575757,Rv3780
0.2682926829268293,Rv0792c-Rv0793
0.24285714285714285,sigE
0.19736842105263158,rplS
0.203125,Rv3098A
0.18571428571428572,nagA-Rv3333c
0.3373493975903614,Rv0275c-Rv0276
0.18055555555555555,ftsZ
0.14084507042253522,PPE3-Rv0281
0.2318840579710145,fadA3-Rv1075c
0.23529411764705882,fadE15
0.359375,PPE23-Rv1706A
0.2876712328767123,cyp143-Rv1786
0.14864864864864866,Rv2282c-Rv2283
0.22857142857142856,Rv2762c-dfrA
0.22535211267605634,groES-gcp
0.24285714285714285,ctpJ-nmtR
0.22388059701492538,aroK
0.22972972972972974,Rv3600c
0.16666666666666666,Rv1255c
0.16666666666666666,Rv1066
0.21666666666666667,Rv2141c
0.23214285714285715,Rv3485c-Rv3486
0.20833333333333334,Rv2954c-Rv2955c
0.26153846153846155,lpqD
0.273972602739726,vapB19
0.23880597014925373,sigB
0.21333333333333335,Rv2739c-ephG
0.27941176470588236,Rv3575c-lppH
0.15151515151515152,Rv0610c-Rv0611c
0.23880597014925373,Rv0331-Rv0332
0.23880597014925373,Rv1120c-zwf1
0.24050632911392406,cydA
0.21212121212121213,Rv0268c
0.3108108108108108,Rv0383c-clpB
0.2608695652173913,Rv1106c
0.21739130434782608,rubA
0.3230769230769231,hsaB
0.27692307692307694,hsdS.1
0.17647058823529413,Rv0221-echA1
0.2537313432835821,Rv2186c-fadD15
0.1780821917808219,Rv2639c-Rv2640c
0.24358974358974358,PPE62-hsaF
0.29411764705882354,Rv3741c
0.25,Rv0008c-ppiA
0.22,Rv0073
0.17567567567567569,Rv0208c
0.2222222222222222,Rv1205
0.23809523809523808,atpF
0.29333333333333333,argF
0.26865671641791045,Rv2569c
0.28378378378378377,Rv2630
0.2923076923076923,Rv2808
0.2894736842105263,rnc
0.2857142857142857,Rv3493c
0.2153846153846154,rfbD
0.2702702702702703,Rv3259
0.2962962962962963,gluT-aspT
0.2465753424657534,rpsF
0.2537313432835821,serC-Rv0885
0.25675675675675674,mcr3-rrs
0.3194444444444444,rsfA-Rv1366
0.2,polA-rpsA
0.27380952380952384,ribD
0.3088235294117647,gltA2-Rv0897c
0.2537313432835821,trcR
0.18604651162790697,rpfD
0.3,Rv0874c-Rv0875c
0.22413793103448276,Rv0898c
0.225,Rv1875-bfrA
0.3,Rv2415c-eis
0.2727272727272727,Rv2822c
0.22727272727272727,Rv3177
0.2318840579710145,Rv3706c
0.2911392405063291,lpqU-eno
0.2833333333333333,thrU-Rv3644c
0.2727272727272727,nuoF
0.21621621621621623,dfrA
0.21875,Rv3688c
0.1643835616438356,serU
0.2894736842105263,echA9-Rv1072
0.2982456140350877,Rv0250c
0.26436781609195403,Rv1303
0.273972602739726,gap
0.2839506172839506,rpsP-Rv2910c
0.2028985507246377,Rv2517c
0.17567567567567569,mtrA
0.15492957746478872,Rv0238
0.24324324324324326,sigL-rslA
0.24390243902439024,TB15.3
0.1791044776119403,vapB12
0.3466666666666667,iunH
0.22058823529411764,Rv0369c
0.16666666666666666,Rv1073-fadA3
0.22950819672131148,vapC32
0.22077922077922077,pyrF
0.25,qor
0.30357142857142855,adoK
0.26229508196721313,Rv2260
0.19444444444444445,Rv0658c-mazF2
0.3076923076923077,Rv0025
0.22727272727272727,Rv0531-PE_PGRS6
0.25,PE_PGRS34-Rv1841c
0.26865671641791045,acpS
0.25,dnaQ-Rv3712
0.28,ethR-Rv3856c
0.24050632911392406,fadE6-Rv0272c
0.2,Rv1413
0.2,Rv1863c
0.25,vapC15
0.20588235294117646,Rv2506-Rv2507
0.21621621621621623,fdxD
0.21428571428571427,Rv0394c
0.2602739726027397,Rv1632c-uvrB
0.3,msrB
0.296875,Rv0180c-Rv0181c
0.3291139240506329,mtn-ctpA
0.1724137931034483,Rv0560c
0.3188405797101449,vapB32
0.25925925925925924,Rv3915-Rv3916c
0.2631578947368421,Rv2698
0.29069767441860467,icl1
0.2702702702702703,dppC
0.2112676056338028,Rv0786c
0.3076923076923077,vapB13-PE_PGRS34
0.19480519480519481,Rv0912
0.25,ideR
0.18571428571428572,fadE3-Rv0216
0.24675324675324675,rpsR2
0.25,Rv0910-Rv0911
0.22972972972972974,Rv2733c-Rv2734
0.1746031746031746,Rv2326c-Rv2327
0.2857142857142857,Rv0047c-Rv0048c
0.2361111111111111,rpsF-ssb
0.18181818181818182,Rv0183-Rv0184
0.2631578947368421,end-lpqP
0.2463768115942029,lipU-cbs
0.25,Rv1879
0.2,tatA
0.19402985074626866,Rv2242-fabD
0.29508196721311475,glyS
0.1506849315068493,hflX
0.21666666666666667,lppX
0.2714285714285714,TB22.2
0.2,Rv3312c
0.17721518987341772,fbpC-htdZ
0.25806451612903225,Rv2961-Rv2962c
0.328125,Rv1616
0.1780821917808219,Rv3642c-Rv3643
0.25925925925925924,Rv0526
0.2328767123287671,mca
0.22727272727272727,Rv2975c
0.14285714285714285,ribH
0.19480519480519481,dedA
0.21951219512195122,Rv1632c
0.24285714285714285,Rv0970
0.11594202898550725,Rv0028-Rv0029
0.18666666666666668,trxA
0.26666666666666666,Rv0122
0.3108108108108108,gpm1-senX3
0.29333333333333333,Rv0807-purF
0.22580645161290322,Rv0875c
0.25,Rv1333
0.2625,lppT
0.208955223880597,pfkB-Rv2030c
0.2,Rv2557-Rv2558
0.2608695652173913,Rv2771c-Rv2772c
0.28169014084507044,ltp4
0.29411764705882354,Rv3538-PPE63
0.14864864864864866,ethA-ethR
0.23376623376623376,esxF-Rv3906c
0.2962962962962963,pabB-Rv1006
0.27941176470588236,Rv1220c
0.2711864406779661,fadA4
0.27631578947368424,Rv2314c
0.2537313432835821,vapC17
0.3026315789473684,Rv2160A
0.31343283582089554,Rv2172c-idsA2
0.29333333333333333,Rv1890c
0.2692307692307692,lpqL
0.2465753424657534,Rv2011c-Rv2012
0.2222222222222222,fadE19
0.3068181818181818,rpmB1
0.2571428571428571,PPE10-Rv0443
0.25609756097560976,Rv1700
0.2535211267605634,kasB-accD6
0.22784810126582278,dxr-vapB43
0.25316455696202533,Rv3172c-Rv3173c
0.18309859154929578,Rv3686c-rsfB
0.24193548387096775,Rv0043c
0.2463768115942029,Rv2324
0.17142857142857143,tmk-sahH
0.2716049382716049,Rv3707c-asd
0.25,Rv3629c
0.25,Rv1706A
0.1794871794871795,Rv1929c-Rv1930c
0.24390243902439024,orn
0.21739130434782608,aglA-Rv2472
0.18032786885245902,narH
0.1917808219178082,sigA
0.3384615384615385,Rv2694c
0.22857142857142856,fdxD-fadE26
0.21794871794871795,Rv0401-mmpL1
0.19753086419753085,mmaA1
0.22666666666666666,cmtR
0.19753086419753085,amiA1
0.24390243902439024,Rv1734c
0.27692307692307694,Rv0247c
0.18666666666666668,ligC-Rv3732
0.30864197530864196,Rv0412c-mutT3
0.21621621621621623,Rv1776c-cyp144
0.3055555555555556,Rv1974
0.19402985074626866,ftsX
0.2463768115942029,Rv3750c-Rv3751
0.18421052631578946,Rv0566c
0.3150684931506849,Rv0857
0.22058823529411764,PE_PGRS13-PE_PGRS14
0.19480519480519481,Rv1931c-tpx
0.27631578947368424,ppiB
0.19117647058823528,papA5-mas
0.28125,Rv3742c
0.25396825396825395,Rv0236A
0.18840579710144928,Rv2323c
0.18072289156626506,fixA
0.33766233766233766,whiB3-groEL1
0.18571428571428572,ctaB-PE_PGRS28
0.25333333333333335,mcr10
0.3125,Rv1156-Rv1157c
0.23863636363636365,Rv3438
0.30434782608695654,Rv3770B-Rv3771c
0.1875,vapC7
0.18571428571428572,mihF
0.3055555555555556,PPE29-PPE30
0.208955223880597,oppB
0.3,coaE-Rv1632c
0.16176470588235295,PPE52-nuoA
0.2535211267605634,echA5-mmpL5
0.25609756097560976,Rv1366A
0.3855421686746988,nrdE-nrdI
0.21666666666666667,Rv3778c-Rv3779
0.27419354838709675,Rv3098c
0.25757575757575757,vapB26
0.3283582089552239,tyrS-G2
0.1917808219178082,Rv0025-Rv0026
0.23943661971830985,glgA-glgC
0.23376623376623376,murX
0.23684210526315788,argW-echA14
0.17721518987341772,Rv3376-Rv3377c
0.2361111111111111,Rv3488
0.17721518987341772,Rv1590
0.35294117647058826,dapA
0.2619047619047619,pmmA
0.21794871794871795,cysA3
0.21951219512195122,Rv3632-Rv3633
0.2,phoH2-Rv1096
0.27848101265822783,Rv0771
0.2222222222222222,cysQ-Rv2132
0.3225806451612903,Rv1813c-erg3
0.23684210526315788,Rv3046c
0.21052631578947367,recF
0.225,Rv0184
0.2191780821917808,Rv0380c-Rv0381c
0.23170731707317074,Rv0499-proC
0.21212121212121213,Rv2189c-Rv2190c
0.2153846153846154,Rv2422
0.24691358024691357,Rv3304
0.2894736842105263,whiB3
0.24050632911392406,Rv0615
0.26153846153846155,Rv1135A
0.2698412698412698,ruvA
0.19696969696969696,PE_PGRS11-PPE12
0.3225806451612903,Rv3027c-fixB
0.25333333333333335,thyA-Rv2765
0.2535211267605634,Rv1155-Rv1156
0.2465753424657534,Rv1433
0.2463768115942029,Rv3108
0.24050632911392406,Rv2951c-Rv2952
0.23943661971830985,pirG-Rv3811
0.20689655172413793,PPE65-PE32
0.24358974358974358,Rv0968-ctpV
0.2602739726027397,rimJ-Rv0996
0.14492753623188406,PPE44-Rv2771c
0.23376623376623376,PPE45-Rv2893
0.2804878048780488,rpmB2
0.29850746268656714,Rv3438-Rv3439c
0.2878787878787879,hadA
0.2112676056338028,hsdM-vapC21
0.29850746268656714,Rv2884
0.25,sseC1
0.3424657534246575,fadD5-yrbE1A
0.27848101265822783,gcvH-garA
0.1791044776119403,Rv2772c
0.3125,Rv3049c-Rv3050c
0.24285714285714285,Rv3058c
0.26582278481012656,canB
0.2823529411764706,Rv0061c-celA1
0.273972602739726,nmtR
0.3026315789473684,Rv0072
0.3387096774193548,tagA
0.22666666666666666,glbN
0.225,Rv0313
0.22784810126582278,cspB
0.2608695652173913,PPE22-PPE23
0.2222222222222222,metH-Rv2125
0.21621621621621623,ctpD-trxA
0.29411764705882354,Rv1154c
0.29577464788732394,cut1-wag22
0.25773195876288657,PPE32-PPE33
0.2987012987012987,ureA
0.27941176470588236,lipB
0.2903225806451613,mbtB-mbtA
0.21212121212121213,mmpL7-Rv2943
0.2692307692307692,Rv3705c-Rv3705A
0.2638888888888889,vapC30
0.13846153846153847,Rv0188
0.22857142857142856,fadE2-pntAa
0.2077922077922078,Rv1747-Rv1748
0.225,Rv1754c-plcD
0.2571428571428571,ureD
0.2463768115942029,Rv0204c-Rv0205
0.2222222222222222,groEL2
0.21875,menB-vapC3
0.21739130434782608,moeA1-rimJ
0.22535211267605634,Rv1773c
0.225,Rv1290A-Rv1291c
0.2153846153846154,PE_PGRS61-Rv3654c
0.18823529411764706,Rv0100
0.28169014084507044,Rv0895-gltA2
0.2222222222222222,Rv1159A-mutT2
0.15789473684210525,dfp-metK
0.273972602739726,eis-Rv2417c
0.38028169014084506,Rv2422-Rv2423
0.21428571428571427,Rv1693
0.23076923076923078,Rv0454
0.2692307692307692,PPE54-PE_PGRS49
0.3333333333333333,Rv0430-Rv0431
0.18666666666666668,Rv2970A
0.19230769230769232,Rv2025c-Rv2026c
0.125,Rv3566A-hsaB
0.23529411764705882,lprO-Rv0180c
0.2,vapB29
0.1044776119402985,cysQ
0.21311475409836064,tmk
0.23684210526315788,rplQ
0.3157894736842105,aceE-Rv2242
0.3114754098360656,echA19
0.2987012987012987,Rv0730
0.296875,rpmB2-Rv2059
0.2375,vapC46
0.24285714285714285,kdpD-kdpF
0.3064516129032258,secG-PE_PGRS26
0.24705882352941178,PE19-esxM
0.22950819672131148,blaR
0.26506024096385544,gpdA2-Rv2983
0.27941176470588236,Rv3604c-Rv3605c
0.22950819672131148,Rv2705c
0.15384615384615385,hupB
0.2459016393442623,fadD9-PE_PGRS44
0.2714285714285714,Rv2728c
0.16923076923076924,lpqR-Rv0839
0.23529411764705882,rpsQ-atsA
0.19047619047619047,Rv1761c
0.2571428571428571,Rv1830-Rv1831
0.2676056338028169,vapC13
0.14285714285714285,Rv1332
0.2777777777777778,Rv3613c-espD
0.23943661971830985,Rv1873-Rv1874
0.27631578947368424,adoK-Rv2203
0.2535211267605634,MTS1082-Rv1375
0.3088235294117647,Rv3222c
0.25,Rv0299-vapB2
0.2676056338028169,devR-Rv3134c
0.2987012987012987,Rv3693-Rv3694c
0.22666666666666666,vapC29
0.20238095238095238,Rv2963-purU
0.21666666666666667,Rv3726-Rv3727
0.22807017543859648,Rv0263c-Rv0264c
0.27956989247311825,Rv1273c-lprB
0.234375,Rv1322A-fadA4
0.23255813953488372,katG-furA
0.24358974358974358,Rv0500A
0.21739130434782608,ephD-dlaT
0.171875,Rv1865c
0.2647058823529412,Rv3243c
0.24050632911392406,lpqF-Rv3594
0.24444444444444444,Rv0268c-Rv0269c
0.21818181818181817,Rv2617c
0.2,clpB-Rv0385
0.22535211267605634,ppdK-Rv1128c
0.20238095238095238,Rv1060
0.2087912087912088,hisI-chaA
0.2835820895522388,valS-Rv2449c
0.25,nuoB
0.2361111111111111,rne-ndkA
0.2,Rv3787c-Rv3788
0.2878787878787879,Rv2288
0.23076923076923078,Rv2367c
0.23880597014925373,vapB38
0.29310344827586204,Rv0559c
0.2,vapC12
0.13924050632911392,lpqS-cysK2
0.26666666666666666,Rv2929
0.2835820895522388,cdh-lppO
0.17391304347826086,Rv0076c-Rv0077c
0.175,Rv1502-Rv1503c
0.225,Rv2958c-Rv2959c
0.22972972972972974,pknH-embR
0.2318840579710145,Rv1036c-esxI
0.24,lpqO-Rv0605
0.1917808219178082,Rv1151c-Rv1152
0.23076923076923078,blaI-Rv1847
0.2463768115942029,Rv0964c
0.26153846153846155,Rv3123
0.3181818181818182,Rv1668c-Rv1669
0.23529411764705882,mcr10-Rv1158c
0.19047619047619047,serT-hisC2
0.3787878787878788,Rv0332-Rv0333
0.2682926829268293,Rv0574c-Rv0575c
0.208955223880597,Rv0749A
0.2459016393442623,cfp6
0.24675324675324675,PE_PGRS23-lpqZ
0.14666666666666667,Rv3237c
0.21052631578947367,PE14-Rv1215c
0.21518987341772153,secG
0.3235294117647059,Rv1893-Rv1894c
0.27586206896551724,fabG4-fadA2
0.26865671641791045,PPE8-Rv0356c
0.2345679012345679,Rv0600c
0.19753086419753085,whiB1
0.21518987341772153,fdxA
0.30666666666666664,Rv1043c-Rv1044
0.2328767123287671,Rv2730
0.3188405797101449,Rv1954c
0.27058823529411763,Rv2302
0.2602739726027397,B11-Rv3661
0.19230769230769232,Rv3483c-cpsA
0.2638888888888889,aac
0.21311475409836064,vapC16
0.25675675675675674,Rv2628-Rv2629
0.24444444444444444,pflA-fadE24
0.25,espR
0.2112676056338028,plcB-plcA
0.19736842105263158,PE_PGRS30-argC
0.30985915492957744,Rv2792c-truB
0.2318840579710145,entC-Rv3216
0.27692307692307694,Rv3517-cyp142
0.21739130434782608,metS
0.2898550724637681,Rv3669
0.17567567567567569,vapB33
0.2727272727272727,Rv2927c-tesA
0.21333333333333335,Rv2292c
0.2,Rv0123-PE_PGRS2
0.2857142857142857,nuoE
0.14102564102564102,lpqN-Rv0584
0.22727272727272727,Rv1322A
0.31645569620253167,Rv1701-Rv1702c
0.23684210526315788,espG1-espH
0.3382352941176471,Rv3224B
0.288135593220339,mymT
0.24324324324324326,gadB-Rv3433c
0.2571428571428571,Rv3122
0.22077922077922077,Rv1055-leuX
0.23076923076923078,Rv1403c-Rv1404
0.27848101265822783,Rv0076c
0.25,Rv2418c
0.2777777777777778,Rv2484c-lipQ
0.2289156626506024,Rv1203c
0.3013698630136986,Rv0188-ilvD
0.22972972972972974,trpC
0.3188405797101449,aroG-Rv2179c
0.22972972972972974,Rv2182c
0.18421052631578946,proA-oxyR
0.30120481927710846,PE_PGRS42-Rv2488c
0.17391304347826086,Rv2675c
0.2235294117647059,Rv1985c
0.24675324675324675,csoR
0.2878787878787879,nicT
0.26136363636363635,Rv2146c
0.20253164556962025,Rv2177c-aroG
0.2716049382716049,oxyR-ahpC
0.23170731707317074,Rv2688c-Rv2689c
0.2716049382716049,fixB-fixA
0.2222222222222222,moaD1
0.26865671641791045,Rv0360c-Rv0361
0.29577464788732394,Rv1847-ureA
0.20930232558139536,fadE22-ligB
0.14084507042253522,Rv0740-Rv0741
0.21212121212121213,Rv0121c-Rv0122
0.273972602739726,cpsY-Rv0807
0.2857142857142857,Rv3613c
0.21052631578947367,uvrD2-Rv3198A
0.3048780487804878,Rv0293c-tam
0.2125,Rv1115-Rv1116
0.208955223880597,Rv1877-glnA3
0.21428571428571427,Rv2331
0.23943661971830985,Rv3031-Rv3032
0.19230769230769232,mpr17
0.2878787878787879,bfrA
0.2318840579710145,Rv2424c-Rv2425c
0.2328767123287671,vapB42
0.3,Rv2842c
0.2345679012345679,Rv3811-PE_PGRS62
0.2535211267605634,hisH
0.25609756097560976,Rv3541c
0.2571428571428571,Rv1101c
0.22077922077922077,Rv0203-Rv0204c
0.25,Rv0448c
0.21621621621621623,mpt64-nrdF1
0.2318840579710145,infB-Rv2840c
0.15254237288135594,TB7.3-rshA
0.18055555555555555,Rv1513
0.3055555555555556,ercc3-Rv0862c
0.22388059701492538,Rv0139-Rv0140
0.22727272727272727,lprJ
0.208955223880597,vapC15-Rv2011c
0.19402985074626866,vapB48
0.24,Rv2578c-dhaA
0.25757575757575757,Rv1810-mgtC
0.2,Rv2695-Rv2696c
0.25757575757575757,Rv3268-Rv3269
0.3026315789473684,Rv3269
0.208955223880597,Rv0296c-PE_PGRS5
0.2753623188405797,Rv1140-echA11
0.23595505617977527,Rv1366A-Rv1367c
0.21518987341772153,glyV-lipP
0.29850746268656714,Rv2574-Rv2575
0.2222222222222222,Rv3178
0.2878787878787879,Rv3182
0.203125,Rv2169c
0.19047619047619047,sthA-Rv2714
0.2647058823529412,moaR1
0.2289156626506024,PPE57-PPE58
0.2777777777777778,Rv3677c
0.2857142857142857,fadD14-Rv1059
0.3188405797101449,Rv1719-proT
0.16666666666666666,Rv2077A
0.2191780821917808,mazE9-Rv2802c
0.21818181818181817,lprC
0.23529411764705882,parD2-Rv2143
0.24390243902439024,cysT
0.21686746987951808,Rv0941c
0.28205128205128205,murB-lprQ
0.2,Rv1321
0.23076923076923078,Rv1024
0.2465753424657534,Rv0141c
0.26153846153846155,Rv0472c-Rv0473
0.26582278481012656,purQ
0.29577464788732394,Rv1457c
0.23529411764705882,dnaE2-Rv3371
0.17142857142857143,arsB2-Rv3579c
0.18518518518518517,fusA1-tuf
0.27631578947368424,Rv0891c-Rv0892
0.24175824175824176,PE_PGRS29-ctpD
0.26153846153846155,Rv2182c-Rv2183c
0.17647058823529413,Rv2204c
0.24193548387096775,pptT
0.21052631578947367,Rv2979c-Rv2980
0.2777777777777778,Rv3440c
0.2463768115942029,vapC1-icd2
0.18072289156626506,Rv0459-Rv0460
0.27631578947368424,Rv1116A-Rv1117
0.22058823529411764,Rv2451-Rv2452c
0.265625,esxA-espI
0.19736842105263158,Rv2423-Rv2424c
0.25,Rv3768
0.2537313432835821,Rv0988-grcC2
0.2222222222222222,Rv2664
0.2542372881355932,glpD2
0.20930232558139536,otsB2-echA18
0.21333333333333335,fabH-menA
0.16923076923076924,Rv0796-Rv0797
0.27419354838709675,Rv2061c
0.2857142857142857,Rv2118c
0.18421052631578946,ssr
0.225,bcpB
0.2835820895522388,PE_PGRS59-clpC1
0.32,Rv0691A
0.24675324675324675,lsr2-lysS
0.21333333333333335,irtB-fabG2
0.20512820512820512,prsA-glmU
0.25,typA-lpqW
0.27380952380952384,Rv1670
0.20689655172413793,lipY-Rv3098c
0.3333333333333333,serB1-mmpS2
0.13924050632911392,Rv2252-Rv2253
0.359375,Rv1176c-fdxC
0.3333333333333333,lipL-Rv1498c
0.19696969696969696,dnaG
0.22857142857142856,Rv2134c-Rv2135c
0.31343283582089554,Rv1855c-Rv1856c
0.2318840579710145,aspC
0.3880597014925373,def-Rv0430
0.23943661971830985,Rv1435c-gap
0.2236842105263158,hbhA-Rv0476
0.3114754098360656,Rv2851c-mqo
0.2631578947368421,citA-Rv0890c
0.2054794520547945,vapB7-atsD
0.18571428571428572,Rv3271c-Rv3272
0.2463768115942029,rrl-rrf
0.25,Rv0521
0.2987012987012987,Rv3492c
0.30666666666666664,Rv3058c-cyp136
0.21518987341772153,Rv3851
0.2638888888888889,cpsA
0.24705882352941178,galU
0.2535211267605634,Rv2990c-Rv2991
0.22077922077922077,Rv3718c
0.29577464788732394,rplY
0.15853658536585366,Rv0226c-Rv0227c
0.36764705882352944,atsA-Rv0712
0.27586206896551724,Rv1271c-Rv1272c
0.2753623188405797,Rv2401A
0.25757575757575757,lprC-Rv1276c
0.2619047619047619,mbtK
0.26666666666666666,rsfA
0.23529411764705882,phoY2-Rv0822c
0.28,rmlA
0.2597402597402597,ribC-Rv1413
0.20987654320987653,ppa
0.30985915492957744,Rv0919-argT
0.21428571428571427,Rv0955-purN
0.21212121212121213,Rv0081
0.26785714285714285,mazF1
0.22972972972972974,Rv0845-Rv0846c
0.26,Rv0741-PE_PGRS8
0.2916666666666667,Rv2310-Rv2311
0.25,Rv2805
0.2289156626506024,Rv2280-pitB
0.20253164556962025,Rv0497
0.2535211267605634,ureB
0.3103448275862069,Rv1885c
0.2898550724637681,cfp2-mbtH
0.23943661971830985,rsfB-Rv3688c
0.24242424242424243,Rv1816
0.22666666666666666,proX-Rv3760
0.25,Rv1635c-TB15.3
0.2676056338028169,Rv1725c-Rv1726
0.2857142857142857,Rv2614A
0.3088235294117647,Rv0525
0.171875,rpsC
0.22413793103448276,Rv2292c-Rv2293c
0.2702702702702703,Rv1765c
0.21428571428571427,Rv2199c
0.19718309859154928,Rv0488-gpm1
0.16666666666666666,Rv0990c-Rv0991c
0.18181818181818182,Rv1081c-mca
0.20588235294117646,rplT
0.29577464788732394,groEL1-groES
0.3253012048192771,Rv3751-serX
