bayes,locus
0.2222222222222222,Rv0024
0.2318840579710145,Rv0045c
0.23880597014925373,Rv0063
0.3116883116883117,Rv0090
0.26666666666666666,ephF
0.1780821917808219,Rv0176
0.21621621621621623,PE_PGRS3-PE_PGRS4
0.2564102564102564,pks6
0.3333333333333333,Rv0420c-Rv0421c
0.31343283582089554,senX3-regX3
0.30434782608695654,mce2B
0.2261904761904762,Rv0648
0.3194444444444444,Rv0759c-Rv0760c
0.21333333333333335,Rv0794c-Rv0795
0.2289156626506024,Rv0823c
0.2777777777777778,Rv0888
0.18181818181818182,Rv0927c
0.24675324675324675,Rv1042c-Rv1043c
0.2602739726027397,Rv1045
0.2564102564102564,Rv1179c-pks3
0.16417910447761194,Rv1225c
0.23636363636363636,Rv1258c
0.417910447761194,mcr11
0.2535211267605634,Rv1269c
0.2465753424657534,Rv1444c
0.31746031746031744,opcA
0.26881720430107525,Rv1506c-Rv1507c
0.19767441860465115,plsB1
0.25,Rv1730c
0.2714285714285714,Rv1775
0.3582089552238806,PPE31-PPE32
0.2647058823529412,Rv1907c
0.32432432432432434,ctpF
0.28378378378378377,dosT
0.34146341463414637,Rv2081c
0.21666666666666667,Rv2133c
0.25,Rv2148c
0.3181818181818182,Rv2264c
0.22857142857142856,Rv2303c
0.3333333333333333,mmpL9
0.2878787878787879,plcA-PPE38
0.27631578947368424,Rv2405-Rv2406c
0.22857142857142856,Rv2437
0.2,vapB17
0.2597402597402597,vapB18
0.1746031746031746,Rv2624c
0.19444444444444445,Rv2709
0.25,Rv2823c
0.3132530120481928,cobB
0.34328358208955223,Rv2862c-vapB23
0.328125,lppW-trmD
0.2807017543859649,Rv2923c
0.25882352941176473,ppsA
0.31343283582089554,Rv3428c-PPE59
0.30303030303030304,Rv3483c
0.28,ddn-Rv3548c
0.3333333333333333,ponA2-Rv3683
0.2911392405063291,Rv3766
0.2222222222222222,Rv3773c
0.265625,lipE-Rv3776
0.23809523809523808,Rv3802c-fbpD
0.22666666666666666,Rv3829c
0.22727272727272727,Rv3830c
0.24096385542168675,Rv3847
0.2857142857142857,eccC2
0.2972972972972973,dnaA
0.25,dnaA-dnaN
0.2625,alaT-Rv0008c
0.24,Rv0012
0.27419354838709675,pknB
0.3088235294117647,pknA
0.18055555555555555,fhaA-leuT
0.22535211267605634,whiB5-Rv0023
0.2328767123287671,bioF2
0.3333333333333333,fadD34
0.3064516129032258,fadD34-Rv0036c
0.21052631578947367,leuS
0.15384615384615385,dnaB
0.3064516129032258,dnaB-Rv0059
0.25,Rv0061c
0.2777777777777778,Rv0064
0.2857142857142857,Rv0067c-Rv0068
0.23529411764705882,glyA2-Rv0071
0.3,Rv0078A
0.2361111111111111,hycE-Rv0088
0.20238095238095238,Rv0088-Rv0089
0.4117647058823529,ctpB
0.27848101265822783,Rv0104
0.28,hddA
0.31746031746031744,hddA-ldtA
0.2222222222222222,oxyS
0.3116883116883117,fusA2
0.32941176470588235,fadE1
0.2647058823529412,fadE1-fgd2
0.2987012987012987,cyp138
0.21333333333333335,mce1D
0.25757575757575757,sigG
0.21518987341772153,Rv0185
0.2911392405063291,Rv0194
0.22972972972972974,Rv0210-pckA
0.21052631578947367,Rv0221
0.24,Rv0223c
0.14492753623188406,Rv0226c
0.14705882352941177,fadE5
0.2318840579710145,Rv0245
0.3150684931506849,nirB
0.30864197530864196,vapB25
0.2465753424657534,eccD3
0.34146341463414637,Rv0302
0.3,Rv0311
0.2916666666666667,Rv0315
0.1780821917808219,Rv0330c-Rv0331
0.2923076923076923,Rv0376c
0.27692307692307694,Rv0380c
0.273972602739726,clpB
0.3125,Rv0398c
0.2777777777777778,fadD30
0.21333333333333335,Rv0439c-groEL2
0.24615384615384617,rskA
0.30434782608695654,sigK-Rv0446c
0.2328767123287671,mmpS4-Rv0452
0.2894736842105263,Rv0452
0.22388059701492538,Rv0457c
0.25,pcaA-Rv0470A
0.23943661971830985,mshA
0.32786885245901637,Rv0492c
0.15873015873015872,mmpL2
0.3026315789473684,Rv0518-Rv0519c
0.2535211267605634,ccsA
0.2898550724637681,Rv0530
0.2028985507246377,galE3
0.2857142857142857,Rv0537c
0.32941176470588235,vapB3-fadD8
0.1643835616438356,Rv0565c
0.2608695652173913,Rv0575c
0.23333333333333334,Rv0585c
0.2716049382716049,Rv0585c-mce2R
0.3333333333333333,yrbE2B
0.2898550724637681,Rv0590A
0.3466666666666667,mce2F
0.28,Rv0597c-vapC27
0.19117647058823528,tcrA-Rv0603
0.2328767123287671,Rv0613c
0.2222222222222222,recD
0.21428571428571427,mmaA2
0.2982456140350877,atsD
0.24285714285714285,echA4
0.1917808219178082,mmpL5
0.22535211267605634,Rv0679c
0.16666666666666666,rpsL
0.25,Rv0691c
0.24285714285714285,lldD1-Rv0695
0.3,Rv0697
0.23711340206185566,Rv0699
0.3235294117647059,Rv0713
0.30303030303030304,Rv0737-Rv0738
0.2857142857142857,Rv0745
0.2571428571428571,Rv0749A-Rv0750
0.2558139534883721,cyp123
0.21518987341772153,aldA
0.2345679012345679,ggtA
0.29333333333333333,Rv0775
0.23376623376623376,purF
0.1891891891891892,sseC2
0.16666666666666666,Rv0825c
0.38666666666666666,lpqR
0.2028985507246377,narL
0.28,pdc-Rv0854
0.16470588235294117,far
0.3181818181818182,dapC
0.22077922077922077,moaD2
0.24,Rv0874c
0.3333333333333333,Rv0890c
0.2222222222222222,Rv0893c
0.32,Rv0893c-Rv0894
0.2465753424657534,Rv0907
0.23170731707317074,PE7-betP
0.2926829268292683,Rv0927c-pstS3
0.3333333333333333,Rv0939
0.3064516129032258,Rv0959
0.21739130434782608,Rv0964c-Rv0965c
0.2647058823529412,PE_PGRS18-mprA
0.2916666666666667,mprB-pepD
0.288135593220339,Rv0987
0.25,Rv0988
0.25,Rv0991c-Rv0992c
0.23880597014925373,rimJ
0.2830188679245283,tatD-rpfB
0.3333333333333333,eno
0.29333333333333333,kdpE
0.25,Rv1046c
0.2916666666666667,Rv1048c
0.3508771929824561,mpr5-Rv1052
0.2926829268292683,Rv1072-Rv1073
0.1917808219178082,lipU
0.3037974683544304,celA2b
0.1794871794871795,MTS0858-glyA1
0.14705882352941177,Rv1129c
0.2608695652173913,Rv1136-Rv1137c
0.2727272727272727,Rv1152
0.18840579710144928,pimE
0.3484848484848485,mutT2
0.26666666666666666,mutT2-narG
0.27692307692307694,narJ
0.21794871794871795,mmpL10
0.3148148148148148,fadD36
0.25,fadD6
0.19117647058823528,Rv1217c
0.20454545454545456,Rv1227c-lpqX
0.2976190476190476,lpqX
0.2571428571428571,Rv1230c-Rv1231c
0.3142857142857143,embR-Rv1268c
0.21518987341772153,Rv1289-Rv1290c
0.21518987341772153,thrC
0.1506849315068493,dinG
0.29545454545454547,Rv1357c-Rv1358
0.2786885245901639,lprF
0.24193548387096775,carA
0.2972972972972973,dfp
0.3026315789473684,lipI
0.2894736842105263,lprH-Rv1419
0.25757575757575757,uvrC
0.22727272727272727,Rv1432-Rv1433
0.27419354838709675,Rv1435c
0.35365853658536583,Rv1439c
0.22058823529411764,bisC
0.23376623376623376,Rv1458c
0.3188405797101449,Rv1461
0.3333333333333333,Rv1463
0.35384615384615387,Rv1478-moxR1
0.25,Rv1489
0.2564102564102564,lipL
0.3055555555555556,Rv1505c
0.23076923076923078,Rv1507A-Rv1508c
0.2903225806451613,Rv1509-Rv1510
0.31666666666666665,Rv1515c
0.18666666666666668,Rv1520
0.25,pks5
0.3026315789473684,Rv1532c
0.26666666666666666,ileS
0.21518987341772153,ansA
0.32926829268292684,Rv1566c-Rv1567c
0.34328358208955223,polA
0.21666666666666667,lysX
0.3614457831325301,pks7
0.27848101265822783,pks8
0.19402985074626866,cyp139
0.234375,dsbF-Rv1678
0.20833333333333334,moeX
0.27941176470588236,moeX-Rv1682
0.2441860465116279,cycA-PPE22
0.18309859154929578,Rv1739c
0.25,Rv1769
0.2857142857142857,Rv1771
0.23376623376623376,cyp143
0.25333333333333335,secA2
0.2191780821917808,Rv1823
0.2328767123287671,gcvH
0.3230769230769231,Rv1835c
0.2823529411764706,glcB
0.32954545454545453,guaB1-gnd1
0.2702702702702703,Rv1847
0.21333333333333335,lldD2
0.2727272727272727,Rv1879-cyp140
0.30303030303030304,Rv1888c-Rv1888A
0.3103448275862069,Rv1894c-Rv1895
0.23076923076923078,Rv1904
0.26666666666666666,katG
0.2987012987012987,lppC
0.16666666666666666,Rv1920
0.2564102564102564,lppF-Rv1922
0.19444444444444445,Rv1924c-fadD31
0.23529411764705882,fadD31
0.34328358208955223,Rv1927
0.21333333333333335,fadE17
0.26744186046511625,Rv1936
0.3387096774193548,ephB
0.28169014084507044,Rv1972
0.22784810126582278,Rv1975-Rv1976c
0.2602739726027397,Rv1978
0.22580645161290322,nrdF1-vapC36
0.2054794520547945,Rv1986
0.23943661971830985,Rv1987-erm(37)
0.1780821917808219,Rv1999c
0.2976190476190476,Rv2000
0.21875,Rv2020c
0.23076923076923078,Rv2023A
0.22857142857142856,Rv2034
0.2625,Rv2047c
0.325,ASpks-Rv2049c
0.2857142857142857,rpmG1
0.275,Rv2059
0.2839506172839506,cobN
0.3387096774193548,Rv2079
0.27710843373493976,Rv2082
0.3125,Rv2087-pknJ
0.2073170731707317,pknJ
0.3103448275862069,pepE
0.2191780821917808,pafB
0.2558139534883721,vapC37
0.2,mpa-lppK
0.21875,Rv2120c-hisG
0.20270270270270271,Rv2128-Rv2129c
0.3116883116883117,pyrD
0.2602739726027397,PE_PGRS38-pbpB
0.2988505747126437,pknL-Rv2177c
0.3333333333333333,Rv2180c
0.3389830508474576,TB16.3-Rv2186c
0.2923076923076923,Rv2191
0.21333333333333335,ephD
0.20512820512820512,Rv2237-Rv2237A
0.21686746987951808,accD6
0.21428571428571427,Rv2248
0.22727272727272727,mazF8
0.15151515151515152,cyp121
0.3181818181818182,Rv2280
0.2857142857142857,lppO
0.2857142857142857,Rv2308
0.22666666666666666,uspA
0.25,stp-cysK1
0.2786885245901639,esxO
0.30120481927710846,esxO-esxP
0.313953488372093,esxP
0.25333333333333335,plcC
0.32926829268292684,plcA
0.2835820895522388,PPE38-PPE39
0.29577464788732394,Rv2355-PPE40
0.2926829268292683,Rv2366c
0.33783783783783783,mbtB
0.21212121212121213,Rv2395-mcr7
0.24358974358974358,subI
0.32142857142857145,ahpD
0.2073170731707317,Rv2433c
0.25,obg
0.22388059701492538,rpfE
0.25,aglA
0.36507936507936506,Rv2474c
0.26136363636363635,lipQ
0.3055555555555556,lipQ-argW
0.2597402597402597,Rv2488c
0.2054794520547945,vapC38
0.27380952380952384,bkdC
0.21052631578947367,accD1
0.3283582089552239,scoA
0.25,Rv2516c
0.2318840579710145,Rv2525c-vapB17
0.1875,lppA
0.3253012048192771,lppB
0.3125,vapB20-Rv2551c
0.24050632911392406,Rv2562
0.3114754098360656,glnQ
0.26582278481012656,Rv2567
0.21176470588235294,aspS-Rv2573
0.25675675675675674,Rv2621c
0.35555555555555557,hrp1-Rv2627c
0.391304347826087,Rv2629
0.3181818181818182,Rv2632c-Rv2633c
0.3194444444444444,Rv2644c-valT
0.3,valU-Rv2645
0.2857142857142857,Rv2659c-Rv2660c
0.2804878048780488,ceoB
0.25882352941176473,Rv2693c
0.22580645161290322,Rv2712c
0.3176470588235294,fadE20
0.25301204819277107,recX
0.273972602739726,Rv2800-mazF9
0.23943661971830985,Rv2808-Rv2809
0.2619047619047619,Rv2813-Rv2814c
0.2564102564102564,Rv2820c
0.3194444444444444,Rv2827c-Rv2828c
0.34615384615384615,Rv2828c
0.21686746987951808,vapB22-echA16
0.2597402597402597,echA16
0.26582278481012656,Rv2864c-relF
0.359375,dipZ
0.24242424242424243,mpt53-Rv2879c
0.2558139534883721,Rv2891
0.23214285714285715,fdhD
0.3442622950819672,lppW
0.2987012987012987,amt
0.26153846153846155,ppsD
0.3076923076923077,mas
0.275,fadD28
0.2191780821917808,fadD29-Rv2951c
0.2833333333333333,Rv2951c
0.14285714285714285,Rv2952
0.2702702702702703,Rv2957-Rv2958c
0.3287671232876712,purU
0.21052631578947367,purU-kdtB
0.2894736842105263,Rv2969c
0.2948717948717949,pfkA-gatA
0.28125,Rv3015c
0.23076923076923078,Rv3047c
0.2222222222222222,nrdE
0.2676056338028169,nrdH-Rv3054c
0.21818181818181817,Rv3081
0.22058823529411764,Rv3081-virS
0.323943661971831,moaA1
0.3333333333333333,Rv3115-moeB2
0.203125,fadB4-Rv3142c
0.2625,Rv3142c-Rv3143
0.24691358024691357,Rv3173c-Rv3174
0.2222222222222222,Rv3174
0.2125,Rv3178-Rv3179
0.18518518518518517,Rv3181c-Rv3182
0.25316455696202533,Rv3196
0.38028169014084506,nudC
0.25806451612903225,Rv3201c
0.21428571428571427,Rv3202c
0.2682926829268293,Rv3220c
0.24675324675324675,Rv3236c
0.23376623376623376,mtrB
0.27692307692307694,Rv3263
0.20481927710843373,Rv3272
0.2894736842105263,Rv3282
0.30666666666666664,sseA
0.2702702702702703,pcd
0.16901408450704225,lhr
0.3188405797101449,sdhD
0.19117647058823528,Rv3346c-PPE55
0.23880597014925373,PPE55-Rv3348
0.28378378378378377,Rv3359-Rv3360
0.27058823529411763,Rv3365c
0.28378378378378377,spoU
0.18840579710144928,spoU-PE_PGRS51
0.2647058823529412,Rv3376
0.2777777777777778,idsB-vapC46
0.2077922077922078,htdY
0.23170731707317074,Rv3395c-Rv3395A
0.22857142857142856,Rv3402c
0.32432432432432434,vapB47
0.19767441860465115,guaB2
0.22826086956521738,Rv3424c
0.32098765432098764,Rv3433c
0.41975308641975306,esxU
0.2676056338028169,Rv3446c
0.29333333333333333,mycP4
0.2692307692307692,rmlC
0.26666666666666666,lipF
0.30985915492957744,otsA
0.29411764705882354,mce4C
0.189873417721519,fadE27
0.234375,fadD19
0.27848101265822783,ltp3
0.21212121212121213,Rv3531c
0.3026315789473684,PPE61-PPE62
0.28205128205128205,kstD
0.27692307692307694,ltp2
0.27419354838709675,fdxB
0.273972602739726,fadE30-fadD3
0.2535211267605634,Rv3591c
0.2597402597402597,lysS
0.2911392405063291,folK
0.3026315789473684,espA-ephA
0.3230769230769231,Rv3618
0.2236842105263158,esxV
0.2916666666666667,esxW
0.30985915492957744,Rv3635-Rv3636
0.2345679012345679,nth
0.2894736842105263,crp
0.3076923076923077,crp-Rv3677c
0.22666666666666666,Rv3680
0.2537313432835821,ponA2
0.2535211267605634,Rv3689
0.2835820895522388,Rv3691
0.26595744680851063,Rv3694c
0.3287671232876712,recR
0.30434782608695654,Rv3722c
0.2926829268292683,cut5b
0.25,Rv3725
0.26865671641791045,Rv3727
0.3142857142857143,Rv3729
0.275,PPE67-Rv3740c
0.27941176470588236,Rv3745c-PE34
0.3055555555555556,Rv3747-Rv3748
0.27848101265822783,proV
0.2875,proX
0.2692307692307692,Rv3769-Rv3770c
0.2777777777777778,echA21
0.2625,Rv3776
0.37142857142857144,glfT1
0.2631578947368421,Rv3788
0.24285714285714285,fadE35
0.23076923076923078,pks13
0.18461538461538463,fadD32
0.21739130434782608,fadD32-Rv3802c
0.16176470588235295,aftB
0.22093023255813954,papA2
0.273972602739726,fadD23
0.2391304347826087,Rv3835
0.2777777777777778,Rv3837c
0.2112676056338028,ncrMT3949
0.29333333333333333,MTS2975-Rv3844
0.20512820512820512,Rv3845-sodA
0.35714285714285715,gltB-Rv3860
0.3088235294117647,Rv3863-espE
0.3114754098360656,espI
0.25,espK
0.30434782608695654,espK-espL
0.23943661971830985,mutT4
0.24242424242424243,Rv3910
0.2222222222222222,gid
0.2876712328767123,Rv3920c-Rv3921c
0.275,Rv0191
0.29577464788732394,aftD
0.19402985074626866,PE_PGRS17-Rv0979c
0.23684210526315788,cut1
0.1875,pks12
0.3116883116883117,pks15
0.20833333333333334,pstP
0.22666666666666666,Rv0080
0.1794871794871795,Rv0093c
0.3375,ctpI
0.28169014084507044,fadD5
0.2602739726027397,Rv0192A
0.21333333333333335,Rv0193c
0.23880597014925373,Rv0197
0.3108108108108108,Rv0205
0.23076923076923078,lipW
0.22727272727272727,Rv0257
0.3088235294117647,Rv0275c
0.26506024096385544,Rv0312
0.323943661971831,iniA
0.2361111111111111,Rv0359
0.2,Rv0370c
0.21739130434782608,Rv0377
0.24050632911392406,purT
0.2916666666666667,ctpH
0.2222222222222222,Rv0431
0.29411764705882354,Rv0434
0.31343283582089554,moeA2
0.23943661971830985,Rv0484c
0.24096385542168675,proC
0.2727272727272727,mce2C
0.3114754098360656,lpqO
0.273972602739726,Rv0610c
0.28205128205128205,Rv0621
0.3157894736842105,rplO
0.2537313432835821,xylB
0.296875,purB
0.265625,Rv0818
0.28125,Rv0822c
0.2028985507246377,Rv0851c
0.15873015873015872,Rv0909
0.27586206896551724,pstS2
0.22972972972972974,sucD
0.23255813953488372,mprA
0.2716049382716049,Rv0992c
0.3125,moeA1
0.34782608695652173,Rv0996
0.16091954022988506,pabB
0.19444444444444445,Rv1012
0.2345679012345679,lpqU
0.3088235294117647,pra
0.2903225806451613,ppdK
0.30666666666666664,Rv1178
0.203125,esxL
0.23076923076923078,Rv1215c
0.25,Rv1226c
0.273972602739726,Rv1250
0.23728813559322035,deaD
0.22666666666666666,Rv1262c
0.3188405797101449,lprB
0.3333333333333333,Rv1301
0.2465753424657534,glgB
0.2,glgP
0.21666666666666667,moeY
0.325,Rv1375
0.2054794520547945,carB
0.15853658536585366,vapC10
0.3103448275862069,fmu
0.28378378378378377,ribG
0.27692307692307694,Rv1425
0.3384615384615385,echA12
0.2894736842105263,Rv1504c
0.27631578947368424,mmpL6
0.28888888888888886,nadC
0.26666666666666666,Rv1624c
0.22093023255813954,pks9
0.23809523809523808,cmr
0.37662337662337664,Rv1707
0.23809523809523808,Rv1708
0.3103448275862069,narX
0.26153846153846155,bacA
0.18181818181818182,Rv1870c
0.2465753424657534,lppD
0.3,aao
0.2608695652173913,Rv1949c
0.28,Rv1979c
0.27419354838709675,Rv1998c
0.3333333333333333,Rv2036
0.25316455696202533,Rv2083
0.28125,mptA
0.25333333333333335,fadD15
0.27631578947368424,cobS
0.22807017543859648,Rv2227
0.26666666666666666,Rv2240c
0.323943661971831,sseB
0.328125,Rv2306A
0.21311475409836064,mez
0.2631578947368421,zur
0.2571428571428571,Rv2395
0.28378378378378377,Rv2415c
0.3387096774193548,tig
0.30303030303030304,plsC
0.2727272727272727,nusB
0.22727272727272727,Rv2559c
0.18518518518518517,Rv2599
0.3333333333333333,Rv2628
0.2236842105263158,Rv2660c
0.2891566265060241,Rv2668
0.21794871794871795,Rv2683
0.3108108108108108,Rv2690c
0.2153846153846154,Rv2714
0.2875,lppV
0.3269230769230769,Rv2813
0.22388059701492538,Rv2837c
0.275,Rv2877c
0.35384615384615387,fadD26
0.2571428571428571,ppsB
0.2692307692307692,ppsE
0.2361111111111111,drrA
0.29333333333333333,gatA
0.26865671641791045,Rv3096
0.2753623188405797,fprA
0.2153846153846154,Rv3128c
0.20408163265306123,devS
0.2692307692307692,pflA
0.2535211267605634,nuoI
0.23943661971830985,Rv3185-Rv3186
0.22580645161290322,Rv3190c
0.2,Rv3193c
0.2564102564102564,Rv3200c
0.18571428571428572,lpqB
0.25,rmlD
0.23214285714285715,purE
0.1917808219178082,pmmB
0.29850746268656714,sapM
0.22857142857142856,Rv3371
0.273972602739726,echA18
0.22784810126582278,dxs2-Rv3380c
0.26666666666666666,Rv3381c-lytB1
0.275,cmaA1
0.2916666666666667,Rv3395c
0.2638888888888889,Rv3475-kgtP
0.22580645161290322,Rv3479
0.2535211267605634,Rv3551
0.2631578947368421,Rv3555c
0.28378378378378377,hsaA
0.2465753424657534,Rv3627c
0.24358974358974358,dppA
0.2537313432835821,glpK
0.32857142857142857,dnaQ
0.23943661971830985,Rv3753c
0.2638888888888889,tcrY
0.2153846153846154,embC
0.26153846153846155,embB
0.28169014084507044,ubiA
0.2125,Rv3822
0.24615384615384617,mmpL8
0.27692307692307694,Rv3843c
0.24050632911392406,gltB
0.24444444444444444,whiB6-Rv3863
0.2898550724637681,esxD
0.21875,Rv3899c
0.24242424242424243,Rv3909
0.22784810126582278,Rv1319c
0.25,Rv1371
0.25609756097560976,Rv0133
0.25,ctpD
0.36764705882352944,Rv1668c
0.21212121212121213,gnd1
0.2261904761904762,Rv1883c
0.3333333333333333,Rv1888c
0.2631578947368421,Rv1976c-Rv1977
0.2786885245901639,Rv2016
0.32432432432432434,Rv2106-PE22
0.2878787878787879,fhaA
0.18840579710144928,Rv2250A
0.27692307692307694,Rv3060c-fadE22
0.2976190476190476,idsB
0.23684210526315788,Rv3453
0.33783783783783783,Rv3655c
0.19047619047619047,sigM
0.2054794520547945,Rv0064-vapB1
0.25333333333333335,rplW-rplB
0.2876712328767123,Rv0466-icl1
0.27848101265822783,Rv0712-Rv0713
0.22666666666666666,Rv1990A-mazF6
0.33766233766233766,clgR
0.22666666666666666,gadB
0.26666666666666666,Rv0027
0.2537313432835821,mymT-Rv0187
0.2558139534883721,Rv0314c
0.24,dcd-udgA
0.3055555555555556,Rv0374c
0.2535211267605634,vapC6
0.2571428571428571,Rv0726c
0.23809523809523808,Rv0744c-Rv0745
0.2727272727272727,cyp51
0.3026315789473684,Rv0767c
0.296875,Rv0789c
0.27692307692307694,rpfA
0.2459016393442623,Rv0877
0.20833333333333334,accD2
0.2876712328767123,grcC2
0.24285714285714285,Rv1105
0.3333333333333333,Rv1117
0.2962962962962963,lpqW
0.19767441860465115,fadD21
0.2073170731707317,Rv1194c
0.3013698630136986,Rv1272c
0.2857142857142857,Rv1289
0.2638888888888889,Rv1364c
0.22413793103448276,nlhH
0.2236842105263158,Rv1429
0.3013698630136986,fadE15
0.3026315789473684,Rv1501-Rv1502
0.22727272727272727,cydC
0.2692307692307692,lppF
0.2222222222222222,mce3A
0.2903225806451613,Rv2039c
0.34146341463414637,lppM
0.25,qcrC
0.23333333333333334,ephD-dlaT
0.2916666666666667,Rv2308-metV
0.2676056338028169,PE_PGRS39-asnT
0.21333333333333335,mbtA
0.19642857142857142,Rv2401
0.24390243902439024,Rv2455c
0.2,clpX
0.30952380952380953,pepQ
0.29577464788732394,Rv2585c
0.3048780487804878,Rv2661c
0.2,Rv2750
0.2878787878787879,Rv2821c
0.3442622950819672,gltS
0.3103448275862069,Rv3160c
0.2328767123287671,Rv3249c
0.35714285714285715,fbiB
0.3037974683544304,Rv3351c
0.38666666666666666,relK
0.2413793103448276,Rv3377c
0.32857142857142857,Rv3401
0.25316455696202533,Rv3406
0.24528301886792453,folB
0.17391304347826086,Rv3701c
0.27941176470588236,Rv3785
0.25757575757575757,fbpA
0.24285714285714285,eccD2
0.20270270270270271,Rv3903c
0.23809523809523808,cadI-Rv2642
0.2898550724637681,Rv0175
0.31666666666666665,Rv2084
0.30158730158730157,helY-tatC
0.14925373134328357,vapB37-Rv2105
0.26582278481012656,Rv3427c-Rv3428c
0.3333333333333333,Rv0036c
0.3076923076923077,hspR
0.3116883116883117,mshD-phoT
0.19230769230769232,Rv0922-Rv0923c
0.2537313432835821,pknD
0.22666666666666666,Rv0961
0.2222222222222222,ncrMT1234-esxK
0.2753623188405797,frdD-Rv1556
0.25,pyrG
0.25287356321839083,Rv1774
0.136986301369863,rpfC
0.26744186046511625,cobM
0.20967741935483872,Rv2323c-Rv2324
0.27692307692307694,Rv3183-Rv3184
0.359375,Rv3324A
0.29411764705882354,clpC1-mpr17
0.2891566265060241,Rv3630
0.26506024096385544,Rv3649
0.2077922077922078,B11
0.2891566265060241,rsfB
0.2777777777777778,ileT-alaT
0.2878787878787879,Rv0029
0.4,Rv0051
0.19402985074626866,Rv0063-Rv0064
0.3235294117647059,Rv0075
0.27380952380952384,Rv0082
0.2318840579710145,Rv0083
0.21505376344086022,nrp
0.189873417721519,Rv0102
0.2857142857142857,Rv0149
0.25925925925925924,mce1B
0.24615384615384617,lipC
0.2875,Rv0225
0.23809523809523808,fadD2
0.3114754098360656,Rv0281
0.17857142857142858,eccB3
0.26136363636363635,Rv0296c
0.3333333333333333,PE6-Rv0336
0.24615384615384617,Rv0345
0.23529411764705882,Rv0365c
0.20967741935483872,Rv0387c-PPE9
0.2222222222222222,Rv0396
0.29850746268656714,lpqK
0.3188405797101449,mmpS1
0.25,Rv0406c
0.25757575757575757,lpqM
0.2413793103448276,Rv0439c
0.10256410256410256,Rv0457c-Rv0458
0.3770491803278688,Rv0458
0.23809523809523808,Rv0474-hbhA
0.22580645161290322,murB
0.35365853658536583,Rv0487
0.17567567567567569,Rv0552
0.3076923076923077,nrdZ
0.2236842105263158,Rv0625c
0.32051282051282054,recC
0.20253164556962025,mmaA4
0.28169014084507044,Rv0647c
0.2619047619047619,rplL
0.3055555555555556,lpqP
0.2537313432835821,lldD1
0.36363636363636365,Rv0697-Rv0698
0.325,Rv0698
0.2028985507246377,atsA
0.16176470588235295,ptrBb
0.25609756097560976,Rv0792c
0.3333333333333333,Rv0870c
0.16176470588235295,ligD
0.23376623376623376,Rv0944
0.2876712328767123,Rv0958
0.25882352941176473,Rv0959-vapB9
0.24705882352941178,Rv0963c
0.26865671641791045,ctpV
0.3333333333333333,lpqT-prsA
0.40625,Rv1025
0.24675324675324675,kdpD
0.2727272727272727,fadD14
0.4025974025974026,Rv1087A-PE9
0.24,mmpL13a
0.20270270270270271,fbiC
0.2923076923076923,Rv1179c
0.21951219512195122,Rv1190-Rv1191
0.28125,lpqZ
0.26865671641791045,Rv1245c-relE
0.2727272727272727,Rv1248c
0.18032786885245902,Rv1278
0.2682926829268293,atpH
0.2625,glgE
0.2,cyp132
0.25675675675675674,rpe
0.2125,Rv1455
0.3116883116883117,Rv1460
0.24,fadE15-PE_PGRS29
0.24050632911392406,Rv1489A
0.23809523809523808,lprI
0.28169014084507044,frdA
0.22727272727272727,treZ
0.2875,Rv1592c
0.3333333333333333,uvrA
0.25316455696202533,Rv1676
0.22950819672131148,G2-lprJ
0.27848101265822783,plcD
0.25,PE_PGRS31-Rv1769
0.23529411764705882,cyp144
0.21212121212121213,Rv1804c
0.2318840579710145,secA2-pgsA2
0.24390243902439024,Rv1829-Rv1830
0.23076923076923078,ndh
0.2876712328767123,Rv1855c
0.3132530120481928,Rv1868
0.36585365853658536,Rv1874
0.17721518987341772,cyp140
0.34285714285714286,Rv1896c
0.2916666666666667,lipJ
0.2602739726027397,Rv1929c
0.21052631578947367,Rv1944c
0.24193548387096775,Rv1950c
0.24,Rv1958c
0.3387096774193548,yrbE3A
0.1791044776119403,Rv1979c-mpt64
0.25,Rv2005c
0.3132530120481928,Rv2008c-vapB15
0.24691358024691357,Rv2022c
0.3333333333333333,Rv2024c
0.23809523809523808,cobG
0.2375,hisE-PPE37
0.2625,Rv2137c
0.2631578947368421,Rv2141c-leuU
0.23943661971830985,murC
0.1935483870967742,Rv2165c
0.2571428571428571,Rv2181
0.26865671641791045,pimB
0.21428571428571427,qcrB
0.21794871794871795,Rv2216
0.2465753424657534,Rv2226
0.3548387096774194,lppN
0.2714285714285714,Rv2293c-Rv2294
0.3492063492063492,Rv2298
0.2777777777777778,cut2
0.3132530120481928,lppP
0.2631578947368421,stp
0.2777777777777778,cysE
0.3387096774193548,lppQ-Rv2342
0.203125,Rv2345
0.25,phoH1
0.16666666666666666,Rv2370c
0.1935483870967742,Rv2425c
0.30666666666666664,Rv2434c
0.3058823529411765,Rv2459-clpP2
0.27710843373493976,gdh
0.273972602739726,Rv2477c
0.24,hisT-Rv2512c
0.2727272727272727,Rv2560
0.2716049382716049,Rv2561
0.2898550724637681,glnQ-Rv2565
0.2711864406779661,Rv2566
0.3,relA
0.3333333333333333,gabT
0.2361111111111111,Rv2609c
0.296875,sthA
0.2631578947368421,Rv2732c
0.30357142857142855,Rv2749
0.2,pepR
0.24050632911392406,Rv2815c-Rv2816c
0.24193548387096775,Rv2817c
0.2,Rv2819c
0.3,Rv2828A
0.24390243902439024,ugpB
0.2891566265060241,ugpA
0.3026315789473684,nusA
0.24675324675324675,Rv2867c
0.24390243902439024,cdsA
0.3170731707317073,Rv2898c
0.21686746987951808,Rv2926c
0.3442622950819672,tesA
0.2804878048780488,fadD29
0.2153846153846154,pca
0.2948717948717949,Rv2989
0.2857142857142857,trmU
0.2878787878787879,Rv3054c
0.21052631578947367,fadE22
0.2857142857142857,Rv3072c
0.323943661971831,pknK
0.2698412698412698,fadD13
0.2028985507246377,Rv3094c
0.22093023255813954,ssr
0.2716049382716049,Rv3113
0.2727272727272727,moeB2
0.25,Rv3123-moaR1
0.35802469135802467,nuoD
0.23529411764705882,nuoG
0.19047619047619047,moxR3
0.28,Rv3189
0.325,Rv3192
0.28125,Rv3225c
0.22857142857142856,Rv3239c-secA1
0.2537313432835821,Rv3300c
0.3055555555555556,lpdA-Rv3304
0.2235294117647059,icd1
0.2638888888888889,Rv3401-Rv3402c
0.34375,choD
0.35384615384615387,rplM
0.25,rmlB
0.23595505617977527,ilvB2
0.34375,lipF-Rv3488
0.19736842105263158,mce4F
0.2948717948717949,yrbE4A-Rv3502c
0.3548387096774194,ilvX
0.29850746268656714,Rv3527
0.2077922077922078,lppH-Rv3577
0.2191780821917808,arsB2
0.2682926829268293,Rv3579c
0.35443037974683544,Rv3611
0.19117647058823528,Rv3658c
0.20833333333333334,Rv3660c
0.2727272727272727,Rv3660c-B11
0.2222222222222222,Rv3662c
0.3076923076923077,cyp137
0.26153846153846155,Rv3693
0.2727272727272727,Rv3695
0.21311475409836064,Rv3698
0.3333333333333333,Rv3723
0.3442622950819672,Rv3726
0.22972972972972974,Rv3787c
0.2987012987012987,dprE1
0.1917808219178082,Rv3796
0.3103448275862069,fbpD
0.35294117647058826,Rv3811
0.203125,Rv3832c
0.2714285714285714,Rv3832c-Rv3833
0.2835820895522388,Rv3848-espR
0.30337078651685395,gltD
0.2247191011235955,espG1
0.23684210526315788,eccB1
0.2361111111111111,espB-eccE1
0.24,mycP1
0.27631578947368424,mycP2
0.21621621621621623,Rv3921c
0.15517241379310345,ppm1-Rv2052c
0.2564102564102564,accA1
0.17647058823529413,Rv2541-Rv2542
0.25,proT-vapC12
0.22535211267605634,mazF7
0.26666666666666666,ptkA
0.20238095238095238,Rv2818c
0.16923076923076924,PE27A-esxR
0.23529411764705882,rpsM-rpmJ
0.2692307692307692,ponA1
0.24719101123595505,Rv0031-bioF2
0.22727272727272727,Rv0576
0.26582278481012656,ptrBb-emrB
0.21875,impA
0.19672131147540983,lppJ
0.23684210526315788,echA1
0.21212121212121213,Rv0258c
0.2948717948717949,pcp
0.16666666666666666,lpqJ
0.22784810126582278,phoP
0.28,purD
0.27941176470588236,cpsY
0.2112676056338028,ctpE
0.288135593220339,Rv1063c-lpqV
0.2289156626506024,Rv1087A
0.2823529411764706,tal
0.22077922077922077,Rv1507c
0.11688311688311688,Rv1516c-Rv1517
0.27586206896551724,Rv1517
0.16923076923076924,treX
0.2112676056338028,uvrB
0.21666666666666667,Rv1877
0.14285714285714285,echA13-Rv1936
0.25882352941176473,Rv2030c
0.2625,cobI
0.29347826086956524,metH
0.2625,Rv2228c
0.2716049382716049,kasA
0.1896551724137931,Rv2295
0.23376623376623376,Rv2407-PE24
0.2777777777777778,bkdA-citE
0.21428571428571427,dhaA
0.20481927710843373,Rv2647-Rv2648
0.22058823529411764,Rv2652c-Rv2653c
0.2923076923076923,pgmA
0.30120481927710846,desA3
0.22784810126582278,secA1
0.2926829268292683,trpS
0.32894736842105265,rpoA-rpsD
0.2542372881355932,dppB
0.2911392405063291,oplA
0.34285714285714286,PE_PGRS9-PE_PGRS10
0.15492957746478872,murF
0.29411764705882354,embR
0.3194444444444444,Rv1318c
0.2222222222222222,Rv1765c-Rv1765A
0.22857142857142856,Rv2263
0.2597402597402597,Rv0010c-Rv0011c
0.18421052631578946,Rv1290c
0.2537313432835821,Rv1682
0.23170731707317074,Rv2262c
0.24096385542168675,Rv2293c
0.2878787878787879,Rv1509
0.25675675675675674,Rv0074
0.2,Rv0336-aspC
0.16666666666666666,groEL2
0.29333333333333333,Rv0895
0.273972602739726,Rv1106c
0.29333333333333333,Rv1482c-fabG1
0.24242424242424243,malQ
0.2876712328767123,otsB1-fdxA
0.2222222222222222,fadE21
0.26229508196721313,eccB4
0.125,hsaE-kstD
0.2976190476190476,Rv3566A-hsaB
0.2537313432835821,esxJ
0.23880597014925373,mcr16-acpM
0.2948717948717949,amt-ftsY
0.3150684931506849,Rv0071
0.2,Rv0647c-Rv0648
0.30158730158730157,lprF-Rv1369c
0.2222222222222222,Rv2168c-Rv2169c
0.3,Rv2277c
0.2717391304347826,Rv2279-Rv2280
0.2597402597402597,Rv1729c-Rv1730c
0.3157894736842105,Rv0026
0.358974358974359,mtn
0.34328358208955223,ndhA-Rv0393
0.27710843373493976,mazF1
0.25757575757575757,galTb
0.3108108108108108,far-Rv0856
0.25675675675675674,citA
0.3026315789473684,Rv0914c
0.2777777777777778,lprP-Rv0963c
0.21212121212121213,Rv0966c
0.2542372881355932,mcr
0.25316455696202533,Rv1148c-Rv1149
0.2608695652173913,Rv1204c
0.2054794520547945,Rv1260
0.2375,Rv1360
0.25333333333333335,Rv1518
0.2702702702702703,fadD11
0.24615384615384617,pks10
0.2463768115942029,Rv1804c-Rv1805c
0.2872340425531915,Rv1810
0.1896551724137931,Rv1841c
0.35135135135135137,Rv1895
0.2698412698412698,lipJ-cinA
0.24193548387096775,fadB5
0.2328767123287671,Rv1924c
0.25,Rv1977
0.3114754098360656,cobK
0.2702702702702703,cyp128
0.24,Rv2275
0.21428571428571427,Rv2319c
0.27710843373493976,plcB
0.23684210526315788,Rv2553c
0.2564102564102564,Rv2574
0.2911392405063291,Rv2630-Rv2631
0.2345679012345679,Rv2699c-Rv2700
0.2875,Rv2777c
0.2328767123287671,Rv2953
0.2465753424657534,Rv2980-ddlA
0.25925925925925924,Rv2994
0.35135135135135137,Rv3007c
0.22950819672131148,Rv3037c
0.2692307692307692,Rv3128c-Rv3129
0.3076923076923077,Rv3129
0.3,aofH
0.29333333333333333,tgs3
0.2972972972972973,Rv3337
0.2972972972972973,Rv3716c
0.3387096774193548,Rv3798-accD4
0.2631578947368421,Rv3836
0.2727272727272727,espE
0.3469387755102041,espJ
0.22058823529411764,gyrB
0.25757575757575757,gyrA
0.359375,ppiA-Rv0010c
0.28378378378378377,Rv0010c
0.2537313432835821,Rv0021c
0.21311475409836064,Rv0030
0.1411764705882353,celA1
0.3870967741935484,celA1-Rv0063
0.24390243902439024,Rv0067c
0.275,ctpA
0.26666666666666666,ldtA
0.22972972972972974,treS
0.25806451612903225,treS-mak
0.2345679012345679,Rv0142
0.25396825396825395,Rv0143c
0.30158730158730157,Rv0144
0.2571428571428571,Rv0144-Rv0145
0.30985915492957744,Rv0150c-PE1
0.25396825396825395,adhE1
0.24050632911392406,yrbE1A
0.31666666666666665,Rv0180c
0.30357142857142855,Rv0193c-Rv0194
0.2465753424657534,Rv0210
0.273972602739726,Rv0213c
0.2676056338028169,vapB24
0.2222222222222222,htdX
0.2602739726027397,aac
0.18055555555555555,Rv0274
0.27941176470588236,vapB2
0.32432432432432434,Rv0309
0.2714285714285714,cyp135A1
0.2597402597402597,Rv0329c
0.2894736842105263,Rv0331
0.2571428571428571,Rv0339c
0.24242424242424243,dnaK
0.2625,dnaJ1
0.30666666666666664,hspR-PPE7
0.3026315789473684,Rv0361-mgtE
0.21428571428571427,Rv0374c-Rv0375c
0.2191780821917808,Rv0386
0.2833333333333333,ndhA
0.34285714285714286,fgd1
0.23376623376623376,Rv0433
0.23076923076923078,Rv0452-PPE11
0.125,Rv0465c
0.3181818181818182,icl1
0.30985915492957744,fadB2
0.21951219512195122,umaA
0.36923076923076925,Rv0473
0.3,Rv0479c
0.28205128205128205,Rv0480c-Rv0481c
0.2571428571428571,Rv0496
0.2571428571428571,serB1
0.25757575757575757,Rv0519c
0.2898550724637681,hemL
0.21052631578947367,menE
0.20833333333333334,yrbE2A
0.2698412698412698,Rv0628c
0.19047619047619047,recB
0.21518987341772153,echA3
0.20270270270270271,Rv0633c
0.2727272727272727,secE1
0.2982456140350877,mmaA3
0.2987012987012987,Rv0653c-Rv0654
0.203125,mkl
0.27586206896551724,vapB6-Rv0658c
0.3333333333333333,Rv0658c
0.26229508196721313,mazE2-vapC7
0.32432432432432434,rpoC
0.2876712328767123,rpoC-Rv0669c
0.3132530120481928,fadE8
0.2898550724637681,Rv0680c
0.25287356321839083,tuf-Rv0686
0.3225806451612903,Rv0689c-Rv0690c
0.29333333333333333,Rv0699-rpsJ
0.2413793103448276,Rv0725c
0.26865671641791045,vapC31
0.2318840579710145,Rv0756c
0.2638888888888889,adhB
0.27058823529411763,Rv0762c
0.3492063492063492,Rv0776c-purB
0.2537313432835821,cyp126
0.25333333333333335,Rv0791c
0.26582278481012656,Rv0802c
0.2345679012345679,Rv0804-Rv0805
0.20253164556962025,thiX
0.2535211267605634,Rv0843-narL
0.19444444444444445,Rv0846c
0.2777777777777778,Rv0856
0.2028985507246377,Rv0862c
0.2911392405063291,Rv0876c-Rv0877
0.24242424242424243,PPE13-Rv0879c
0.3380281690140845,Rv0897c
0.2222222222222222,Rv0906
0.1896551724137931,Rv0911
0.3125,betP
0.3048780487804878,betP-Rv0918
0.23880597014925373,Rv0923c
0.3068181818181818,mntH
0.27692307692307694,Rv0925c
0.273972602739726,pstS3
0.28,pstS1
0.2375,Rv0953c
0.2571428571428571,accA2
0.140625,rpmF
0.20512820512820512,arcA
0.20253164556962025,ispE
0.2222222222222222,Rv1012-pks16
0.3333333333333333,prsA
0.1875,mfd
0.19402985074626866,trcS
0.19480519480519481,esxI
0.2702702702702703,Rv1043c
0.2638888888888889,Rv1050
0.3026315789473684,Rv1061
0.3,Rv1069c
0.27848101265822783,fadA3
0.3088235294117647,glpX
0.32098765432098764,Rv1111c
0.275,Rv1129c-prpD
0.2028985507246377,Rv1134-PPE16
0.38028169014084506,omt
0.21951219512195122,Rv1158c
0.20270270270270271,pks3
0.25,papA3
0.1935483870967742,dapD
0.2597402597402597,Rv1231c
0.2597402597402597,Rv1251c
0.25,Rv1264
0.37333333333333335,pknH
0.2535211267605634,Rv1291c-argV
0.2,atpG
0.3466666666666667,rrl
0.14864864864864866,pncB1
0.25,mbtM
0.22093023255813954,irtA
0.25,fabG2
0.2535211267605634,Rv1356c-Rv1357c
0.2033898305084746,mcr15
0.2753623188405797,Rv1372
0.18309859154929578,Rv1376
0.35135135135135137,Rv1377c
0.2702702702702703,PPE20-mihF
0.20967741935483872,Rv1403c
0.23376623376623376,Rv1405c
0.25757575757575757,lipO
0.21794871794871795,Rv1428c
0.2222222222222222,tpi-Rv1439c
0.3,Rv1439c-secG
0.23529411764705882,ctaB
0.2972972972972973,Rv1473A
0.16666666666666666,Rv1480
0.17721518987341772,Rv1500
0.2537313432835821,Rv1503c
0.24691358024691357,mmpL12
0.2537313432835821,Rv1526c
0.23529411764705882,pks5-papA4
0.19736842105263158,fadD24-adh
0.20634920634920634,adh
0.391304347826087,Rv1534-Rv1535
0.2602739726027397,Rv1543
0.25882352941176473,bioD
0.23255813953488372,Rv1591
0.27692307692307694,lgt
0.32857142857142857,cya
0.2857142857142857,rpsA
0.2898550724637681,Rv1634
0.2,tsnR
0.26666666666666666,Rv1648
0.26666666666666666,pheT
0.24675324675324675,argR
0.2,argH
0.23076923076923078,pks17
0.29577464788732394,Rv1672c
0.25333333333333335,dsbF
0.25925925925925924,recN
0.2571428571428571,engA
0.36363636363636365,fadB3
0.2236842105263158,Rv1724c
0.23076923076923078,Rv1730c-gabD2
0.18309859154929578,Rv1733c
0.30952380952380953,fadD1
0.3076923076923077,Rv1751
0.3194444444444444,Rv1779c
0.2289156626506024,malQ-eccB5
0.23529411764705882,eccC5
0.2564102564102564,PPE26-PPE27
0.3287671232876712,esxM
0.203125,eccE5
0.23214285714285715,Rv1833c
0.203125,Rv1836c
0.22727272727272727,Rv1842c
0.2537313432835821,blaI
0.2222222222222222,Rv1866
0.2835820895522388,Rv1875
0.3466666666666667,bfrA-Rv1877
0.24390243902439024,lppE
0.1927710843373494,fbpB
0.2571428571428571,Rv1889c
0.2962962962962963,furA
0.1917808219178082,Rv1931c
0.29577464788732394,tpx
0.2777777777777778,Rv1947
0.21212121212121213,Rv1951c
0.2727272727272727,Rv1957
0.26229508196721313,mce3F
0.21518987341772153,Rv1975
0.22058823529411764,Rv1993c
0.2702702702702703,cmtR-Rv1995
0.24324324324324326,Rv1995-Rv1996
0.26582278481012656,Rv1996
0.21794871794871795,Rv1996-ctpF
0.3709677419354839,Rv2003c
0.23655913978494625,otsB1
0.22972972972972974,Rv2035
0.24324324324324326,ppm1
0.3484848484848485,cobH
0.29577464788732394,Rv2073c
0.35384615384615387,Rv2074
0.18309859154929578,Rv2090
0.24324324324324326,PE21-Rv2100
0.273972602739726,mshC
0.2753623188405797,Rv2132
0.2692307692307692,lppL
0.3176470588235294,lppL-pyrD
0.3037974683544304,TB18.6
0.2463768115942029,pbpB
0.273972602739726,ctaC-asnB
0.21621621621621623,Rv2203
0.18840579710144928,Rv2205c
0.28169014084507044,Rv2205c-Rv2206
0.19117647058823528,Rv2212
0.2602739726027397,rnpB-Rv2227
0.2753623188405797,Rv2230c
0.31746031746031744,Rv2257c
0.28378378378378377,Rv2258c-mscR
0.1891891891891892,Rv2265
0.3023255813953488,Rv2305
0.25,Rv2309c-Rv2309A
0.27692307692307694,rocE
0.2,narK1
0.38666666666666666,glyS-smtB
0.18518518518518517,smtB
0.16049382716049382,dnaJ2
0.19117647058823528,mbtF
0.1506849315068493,mbtE
0.21739130434782608,mbtJ
0.2948717948717949,ggtB
0.22972972972972974,oxyR
0.30985915492957744,ndkA-Rv2446c
0.23333333333333334,clpX-mmuM
0.16883116883116883,glbO
0.25396825396825395,Rv2484c
0.28,fas
0.2222222222222222,vapC19-Rv2548A
0.2631578947368421,Rv2560-mpr11
0.2375,Rv2570
0.2903225806451613,Rv2575
0.2702702702702703,vapB40
0.29310344827586204,pgsA1
0.2714285714285714,Rv2627c-Rv2628
0.25925925925925924,Rv2676c
0.3050847457627119,Rv2712c-sthA
0.22058823529411764,Rv2717c-nrdR
0.26582278481012656,Rv2719c
0.2676056338028169,fadE20-hflX
0.27710843373493976,miaA
0.25,Rv2735c
0.25757575757575757,vapB42
0.189873417721519,Rv2779c
0.22972972972972974,sirR
0.2537313432835821,Rv2807-Rv2808
0.22727272727272727,Rv2825c
0.23529411764705882,ugpC
0.3114754098360656,aldC
0.26666666666666666,Rv2880c
0.2987012987012987,rplS-lppW
0.22033898305084745,Rv2913c
0.28125,Rv2917
0.25316455696202533,glnD
0.24390243902439024,Rv2927c
0.23076923076923078,pks1
0.3116883116883117,fadD22
0.21794871794871795,Rv2953-Rv2954c
0.3333333333333333,Rv2955c
0.27941176470588236,Rv2959c-Rv2960c
0.28888888888888886,Rv2962c
0.24691358024691357,Rv2962c-Rv2963
0.3,Rv2971
0.275,recG
0.3275862068965517,Rv2974c
0.34375,ung
0.19230769230769232,Rv2990c
0.313953488372093,esxR
0.30985915492957744,Rv3026c
0.2702702702702703,Rv3032A-Rv3033
0.2571428571428571,serB2
0.3048780487804878,ctaD
0.2857142857142857,adhC
0.23255813953488372,cstA-Rv3064c
0.19117647058823528,Rv3066-Rv3067
0.373134328358209,Rv3071
0.22077922077922077,Rv3079c
0.3125,virS
0.19444444444444445,Rv3083
0.2631578947368421,Rv3085
0.20987654320987653,Rv3087
0.22413793103448276,Rv3091
0.24,moaC1
0.2647058823529412,tgs1
0.2878787878787879,Rv3161c
0.21212121212121213,Rv3167c
0.23684210526315788,Rv3197
0.3013698630136986,Rv3205c
0.3076923076923077,TB7.3
0.23376623376623376,fadE25
0.18181818181818182,birA
0.25806451612903225,lat
0.2923076923076923,lat-lrpA
0.28169014084507044,lrpA
0.24,atsB
0.2638888888888889,phoY1
0.2465753424657534,Rv3312c
0.2857142857142857,sdhC
0.2857142857142857,dacB1
0.22727272727272727,Rv3335c
0.2857142857142857,Rv3355c
0.29333333333333333,folD
0.2236842105263158,Rv3362c
0.34375,amiD
0.1891891891891892,dxs2
0.28378378378378377,guaA
0.2222222222222222,idsA1
0.2878787878787879,Rv3435c-glmS
0.2558139534883721,rpsI
0.32894736842105265,rmlC-Rv3466
0.18840579710144928,Rv3480c
0.2894736842105263,Rv3502c
0.2804878048780488,Rv3510c
0.2222222222222222,fadD19-echA19
0.3125,Rv3521
0.25609756097560976,Rv3524
0.3484848484848485,Rv3525c
0.2891566265060241,Rv3530c
0.23636363636363636,hsaG
0.23636363636363636,Rv3549c-echA20
0.2682926829268293,fadE31
0.3048780487804878,ispF
0.20270270270270271,ispD
0.21739130434782608,clpC1
0.22950819672131148,Rv3645
0.2676056338028169,topA
0.28378378378378377,MTS2823-Rv3662c
0.25675675675675674,Rv3684
0.288135593220339,Rv3688c
0.2876712328767123,moxR2
0.23376623376623376,Rv3694c-Rv3695
0.16666666666666666,Rv3699
0.2077922077922078,Rv3719
0.2891566265060241,Rv3725-Rv3726
0.275,Rv3728
0.2894736842105263,Rv3732
0.21951219512195122,Rv3736
0.26229508196721313,ctpJ
0.31746031746031744,tyrA
0.31666666666666665,Rv3771c-argU
0.2727272727272727,Rv3789
0.2948717948717949,embA
0.2345679012345679,Rv3833
0.20634920634920634,whiB6
0.26865671641791045,eccA1
0.25925925925925924,rpmH
0.3194444444444444,Rv0950c
0.25316455696202533,Rv2161c
0.22388059701492538,Rv2189c
0.27692307692307694,hemY
0.26666666666666666,Rv3093c
0.3076923076923077,Rv3394c
0.24390243902439024,Rv3897c
0.24,ephA
0.2571428571428571,Rv3651-mpr18
0.2463768115942029,Rv1312-Rv1313c
0.3037974683544304,Rv1637c
0.2542372881355932,Rv3134c-PPE50
0.30864197530864196,Rv3196A-Rv3197
0.2602739726027397,Rv3901c
0.2631578947368421,Rv0504c-serB1
0.28169014084507044,fgd2
0.2692307692307692,Rv0269c
0.3333333333333333,fadD8
0.2875,Rv0831c
0.2361111111111111,helZ
0.3076923076923077,Rv3239c
0.26744186046511625,acs
0.2625,Rv0037c
0.26865671641791045,Rv0146
0.17647058823529413,Rv0147
0.2698412698412698,Rv0323c
0.2988505747126437,mmpL1
0.3026315789473684,pknG
0.3582089552238806,psd
0.26744186046511625,Rv0481c
0.19753086419753085,Rv0487-Rv0488
0.19230769230769232,hemC
0.2948717948717949,Rv0537c-Rv0538
0.2857142857142857,menD
0.15,Rv0575c-Rv0576
0.2537313432835821,rslA
0.38666666666666666,phoR
0.2714285714285714,cysK2
0.1780821917808219,fadE10
0.2875,pgi-Rv0947c
0.3088235294117647,Rv1052
0.23170731707317074,zwf1
0.2727272727272727,fdxC
0.273972602739726,sigI
0.2857142857142857,mdh
0.14285714285714285,Rv1357c
0.19444444444444445,Rv1363c-mcr15
0.4383561643835616,Rv1364c-rsfA
0.25,nlhH-lipI
0.32857142857142857,Rv1465
0.16923076923076924,trxB1
0.2878787878787879,Rv1616-pykA
0.29577464788732394,engA-Rv1714
0.18309859154929578,modC
0.21794871794871795,Rv1914c
0.2727272727272727,Rv1937
0.25316455696202533,Rv1947-Rv1948c
0.22535211267605634,erm(37)-Rv1989c
0.3026315789473684,Rv2011c
0.22580645161290322,Rv2113
0.3076923076923077,cyp124-Rv2267c
0.2537313432835821,Rv2294
0.23076923076923078,Rv2307B-Rv2307D
0.19117647058823528,Rv2387
0.2638888888888889,orn-hisT
0.21176470588235294,Rv2514c
0.3559322033898305,Rv2631
0.2878787878787879,arsC
0.23076923076923078,Rv2751
0.2631578947368421,Rv2765
0.2602739726027397,pyrH-Rv2884
0.2962962962962963,ffh
0.2878787878787879,Rv2968c
0.16129032258064516,leuD
0.2716049382716049,Rv2991
0.14285714285714285,Rv3032A
0.3387096774193548,Rv3067
0.203125,fadE23
0.31343283582089554,Rv3177-Rv3178
0.3111111111111111,Rv3194c-Rv3195
0.27941176470588236,ppk2
0.203125,fbiB-Rv3263
0.20634920634920634,otsB2
0.3150684931506849,infA-Rv3463
0.2191780821917808,kshA
0.2602739726027397,lpqE
0.20270270270270271,mhuD
0.3392857142857143,Rv3784
0.22058823529411764,pirG
0.3076923076923077,espB
0.2676056338028169,eccE2
0.2714285714285714,Rv1084
0.25333333333333335,accE5
0.3373493975903614,gmhA
0.28378378378378377,Rv0471c
0.24,pitA
0.28205128205128205,Rv0756c-phoP
0.21428571428571427,Rv2022c-Rv2023c
0.22972972972972974,Rv0140
0.13333333333333333,mce1A
0.22033898305084745,Rv0331-Rv0332
0.26865671641791045,vapB4-Rv0597c
0.20270270270270271,Rv0687
0.29545454545454547,Rv0690c
0.25609756097560976,Rv0737
0.3698630136986301,uvrD1
0.275,Rv1050-Rv1051c
0.24193548387096775,gnd2
0.25,Rv1125
0.2857142857142857,Rv1171
0.2375,PE12-fbiC
0.2972972972972973,PE_PGRS23-lpqZ
0.24324324324324326,Rv1433
0.208955223880597,Rv1556-mmpL6
0.25,trpE
0.28205128205128205,cydD
0.13432835820895522,vapB12-Rv1722
0.2948717948717949,narK2
0.3181818181818182,pknE
0.3181818181818182,acg
0.2647058823529412,murD
0.27941176470588236,Rv2307c-Rv2307A
0.21428571428571427,rocD1
0.22666666666666666,Rv2414c
0.20588235294117646,Rv2532c
0.24050632911392406,fadD9
0.3384615384615385,ruvB
0.18032786885245902,gpsI
0.26666666666666666,vapC22
0.24,cysG
0.21875,Rv2850c
0.3235294117647059,Rv2897c
0.2714285714285714,cstA
0.24691358024691357,sigH-Rv3224
0.2682926829268293,aroA
0.23076923076923078,Rv3241c
0.36619718309859156,lpqC
0.25,Rv3481c-Rv3482c
0.2857142857142857,lpqG
0.28378378378378377,eccCb1-PE35
0.19480519480519481,Rv1667c
0.2676056338028169,mbtD
0.3333333333333333,AS1726
0.32926829268292684,Rv2478c-Rv2479c
0.31666666666666665,Rv1370c-Rv1371
0.28378378378378377,Rv2426c-proA
0.27941176470588236,Rv1358
0.20238095238095238,Rv1647
0.2711864406779661,Rv1894c
0.20833333333333334,proZ
0.3055555555555556,Rv0060
0.19480519480519481,Rv0139
0.296875,fadA2
0.29850746268656714,thiE-thiO
0.296875,Rv0498
0.26136363636363635,menB
0.2073170731707317,lpqN
0.2631578947368421,thrT-metT
0.21153846153846154,phoT
0.32142857142857145,pheU-PE_PGRS12
0.2153846153846154,Rv0845
0.2857142857142857,moaC2
0.2875,fprB
0.2894736842105263,pgi
0.21794871794871795,Rv1051c-mpr5
0.26582278481012656,Rv1059
0.20987654320987653,Rv1190
0.3484848484848485,cysN
0.3013698630136986,argS
0.3287671232876712,trpB
0.273972602739726,Rv1619
0.15151515151515152,cydA
0.16129032258064516,Rv1718
0.2676056338028169,Rv1830
0.34375,ureG
0.17391304347826086,cfp21
0.26229508196721313,dop
0.2903225806451613,Rv2159c
0.265625,aprA
0.25925925925925924,plsB2
0.29577464788732394,Rv2522c
0.19480519480519481,Rv2680
0.2857142857142857,ceoC
0.22077922077922077,Rv2787-sirR
0.3382352941176471,truB
0.2903225806451613,nrdI-nrdH
0.21052631578947367,PPE57-PPE58
0.19540229885057472,eccC4
0.2876712328767123,topA-Rv3647c
0.25,Rv3770c
0.2647058823529412,pks2
0.3225806451612903,vapB8
0.23880597014925373,alkA
0.3287671232876712,trpA
0.3380281690140845,Rv2743c
0.29577464788732394,dnaE2
0.22058823529411764,Rv3463
0.22535211267605634,Rv3603c
0.2898550724637681,Rv0875c
0.26582278481012656,mmsA-PE_PGRS11
0.3114754098360656,eis
0.32857142857142857,Rv2689c-Rv2690c
0.2077922077922078,mce1R
0.2638888888888889,Rv0192A-Rv0193c
0.2558139534883721,fadD4
0.26136363636363635,Rv0260c-narK3
0.26666666666666666,Rv0373c
0.3,Rv0674
0.2465753424657534,rpsG
0.22535211267605634,mmsA
0.23880597014925373,Rv0891c
0.3076923076923077,Rv1000c
0.28,Rv1116A
0.25,rfe
0.25287356321839083,rrs
0.2222222222222222,frdD
0.2077922077922078,Rv1941
0.2191780821917808,rbsK
0.2948717948717949,acpS-fas
0.2911392405063291,dacB2
0.20967741935483872,Rv2949c
0.22388059701492538,Rv2954c
0.25675675675675674,Rv3092c
0.30985915492957744,mesT-Rv3177
0.28169014084507044,Rv3333c-Rv3334
0.3064516129032258,Rv3338
0.3283582089552239,folD-relJ
0.36666666666666664,eccB2
0.2413793103448276,eccC3
0.3287671232876712,gpdA1
0.32,Rv1754c
0.3684210526315789,esxR-esxS
0.2714285714285714,Rv1419
0.3411764705882353,pheA
0.25,Rv3857c
0.2987012987012987,hycQ
0.2033898305084746,Rv0216
0.1875,Rv0347
0.25333333333333335,Rv0680c-Rv0681
0.25,Rv0755A-thrV
0.18309859154929578,Rv0776c
0.20430107526881722,fadE12
0.2923076923076923,mscL
0.25675675675675674,Rv1034c-Rv1035c
0.15492957746478872,Rv1047-Rv1048c
0.24050632911392406,metB
0.3384615384615385,mazE3
0.22727272727272727,metE-Rv1134
0.2153846153846154,cysM
0.27710843373493976,Rv1508c
0.2631578947368421,Rv1615
0.23214285714285715,Rv1717-Rv1718
0.20967741935483872,Rv2023c
0.23333333333333334,pitB
0.2625,vapB21
0.23376623376623376,rip
0.19230769230769232,cyp141
0.2413793103448276,Rv3230c
0.2,yrbE4B
0.37333333333333335,radA
0.26666666666666666,Rv1138c
0.3561643835616438,Rv2251
0.25316455696202533,Rv2480c-Rv2481c
0.30434782608695654,smc
0.2676056338028169,Rv3242c-Rv3243c
0.3125,manA
0.35064935064935066,Rv1995
0.2898550724637681,Rv0057
0.2804878048780488,fadE3
0.3013698630136986,ansP2
0.25,Rv0387c
0.30864197530864196,Rv0894
0.2676056338028169,bpoB
0.2988505747126437,Rv1194c-PE13
0.25,Rv1429-PE16
0.28205128205128205,Rv1502
0.23943661971830985,Rv1738
0.21518987341772153,ilvG
0.359375,Rv1914c-aceAa
0.2647058823529412,vapC35
0.20512820512820512,Rv2297
0.2571428571428571,Rv2426c
0.24390243902439024,Rv2531c
0.28205128205128205,Rv2563
0.2962962962962963,Rv3057c
0.3235294117647059,whiB7
0.3230769230769231,PE_PGRS50-Rv3346c
0.208955223880597,Rv3807c
0.2857142857142857,eccA2
0.27586206896551724,trpG
0.2597402597402597,rodA
0.3424657534246575,whiB5
0.3181818181818182,Rv0026-Rv0027
0.22972972972972974,Rv0042c
0.32098765432098764,Rv0045c-ino1
0.2894736842105263,Rv0052-rpsF
0.23529411764705882,fadD7
0.325,Rv0121c
0.25882352941176473,TB18.5
0.2804878048780488,zmp1
0.21875,zmp1-Rv0199
0.2898550724637681,Rv0228
0.32098765432098764,Rv0229c
0.3108108108108108,Rv0235c
0.2714285714285714,fabG4
0.136986301369863,esxH
0.2702702702702703,cyp135A1-Rv0328
0.24050632911392406,Rv0360c
0.19444444444444445,mgtE
0.2676056338028169,Rv0368c
0.2608695652173913,thiD
0.3382352941176471,Rv0446c
0.2597402597402597,Rv0477
0.24050632911392406,galE2
0.2375,Rv0547c
0.2692307692307692,bpoC
0.2753623188405797,mce2A
0.3157894736842105,Rv0609A
0.29411764705882354,Rv0616c
0.17142857142857143,vapC6-vapB6
0.2222222222222222,Rv0731c
0.4528301886792453,Rv0767c-aldA
0.22535211267605634,Rv0790c
0.3150684931506849,Rv0804
0.2911392405063291,PE_PGRS14-lpqQ
0.24358974358974358,Rv0849
0.24561403508771928,ercc3
0.3037974683544304,PE_PGRS15-fadE10
0.2542372881355932,Rv0874c-Rv0875c
0.2835820895522388,pstC2
0.2647058823529412,Rv0950c-sucC
0.22077922077922077,Rv0954
0.29333333333333333,Rv0968
0.2638888888888889,Rv1004c
0.2682926829268293,rpfB
0.22857142857142856,Rv1021
0.28,kdpB
0.21333333333333335,Rv1096
0.3090909090909091,fum
0.26153846153846155,prpC
0.3918918918918919,Rv1132
0.2125,Rv1139c
0.15384615384615385,pks4
0.27586206896551724,Rv1249c
0.3235294117647059,thrB-rho
0.2911392405063291,rho
0.2647058823529412,atpB
0.19718309859154928,Rv1366
0.2753623188405797,priA
0.23333333333333334,Rv1405c-fmt
0.19047619047619047,Rv1478
0.37142857142857144,Rv1482c
0.20689655172413793,Rv1490
0.2413793103448276,Rv1507A
0.22077922077922077,fadD25
0.2191780821917808,Rv1540
0.24242424242424243,pks10-pks7
0.23214285714285715,Rv1716
0.2077922077922078,Rv1719
0.30158730158730157,Rv1727
0.25757575757575757,Rv1752
0.24050632911392406,Rv1760
0.21794871794871795,Rv1767-PE_PGRS31
0.3230769230769231,Rv1812c-Rv1813c
0.23880597014925373,lipZ
0.32894736842105265,Rv1866-Rv1867
0.17857142857142858,lldD2-Rv1873
0.26582278481012656,lppE-Rv1882c
0.28125,Rv1910c
0.20238095238095238,ctpG
0.2289156626506024,Rv2078
0.2777777777777778,PPE36-prcA
0.24193548387096775,Rv2164c
0.3283582089552239,dlaT
0.2777777777777778,glnA1
0.3176470588235294,Rv2253
0.25609756097560976,Rv2307D-Rv2308
0.2033898305084746,uspC
0.25757575757575757,hrcA
0.3380281690140845,mbtI
0.24358974358974358,Rv2402
0.22972972972972974,Rv2435c-rbsK
0.2755102040816326,folC
0.296875,ppiB
0.2535211267605634,Rv2616
0.19117647058823528,Rv2633c
0.3037974683544304,Rv2675c
0.19696969696969696,arsA-arsB1
0.26744186046511625,Rv2714-Rv2715
0.22077922077922077,nrdR-Rv2719c
0.3835616438356164,Rv2723
0.26666666666666666,Rv2787
0.32051282051282054,efpA
0.24691358024691357,mapB
0.24705882352941178,mpt53
0.29333333333333333,Rv2910c
0.2289156626506024,papA5
0.34328358208955223,lppX-pks1
0.30120481927710846,Rv2957
0.2786885245901639,Rv2993c-Rv2994
0.32857142857142857,leuB
0.3333333333333333,Rv3000
0.24,Rv3000-ilvC
0.23728813559322035,iscS-Rv3026c
0.27848101265822783,fixA-Rv3030
0.3088235294117647,Rv3038c
0.2361111111111111,Rv3040c
0.28378378378378377,Rv3046c-Rv3047c
0.25,dinP
0.15625,tgs4
0.24324324324324326,tgs3-Rv3235
0.26582278481012656,Rv3243c
0.18181818181818182,Rv3289c
0.23076923076923078,Rv3294c
0.25675675675675674,lpdA
0.29577464788732394,Rv3399
0.23076923076923078,gcp
0.2597402597402597,Rv3421c
0.30303030303030304,Rv3438
0.2537313432835821,PE_PGRS53-PE_PGRS54
0.32,Rv3519
0.38961038961038963,Rv3525c-kshA
0.27848101265822783,fadE33
0.22666666666666666,kshB
0.3220338983050847,fadE34
0.2911392405063291,dppA-acs
0.2602739726027397,Rv3673c
0.29333333333333333,Rv3678A
0.2318840579710145,Rv3684-proY
0.2153846153846154,Rv3707c
0.21212121212121213,Rv3745c
0.13043478260869565,papA1
0.2,eccCa1
0.20634920634920634,eccD1
0.2692307692307692,eccE1
0.27419354838709675,Rv3902c
0.3103448275862069,ino1
0.2753623188405797,Rv3900c
0.29333333333333333,Rv0044c
0.2857142857142857,vapC2-Rv0302
0.2786885245901639,udgA
0.20270270270270271,Rv1490-Rv1491c
0.31343283582089554,blaC-sigC
0.29850746268656714,argA-ftsK
0.21875,Rv3277
0.2638888888888889,pcnA-mutT4
0.2647058823529412,rpsF
0.175,Rv0089
0.3114754098360656,Rv0094c-Rv0095c
0.273972602739726,Rv0138
0.20238095238095238,bglS-mymT
0.3181818181818182,ilvD
0.2375,fadE4
0.39344262295081966,espG3
0.28378378378378377,Rv0306
0.3116883116883117,purA
0.42105263157894735,Rv0397A
0.3611111111111111,Rv0497-Rv0498
0.30434782608695654,Rv0517
0.34375,fabH
0.3108108108108108,Rv0565c-Rv0566c
0.2857142857142857,Rv0567
0.25,cyp135B1
0.2,Rv0654
0.23255813953488372,mazF2
0.30120481927710846,serA2
0.25333333333333335,secY
0.20967741935483872,Rv0750
0.2876712328767123,Rv0887c-Rv0888
0.25609756097560976,echA6
0.30337078651685395,Rv0955
0.2727272727272727,echA7
0.19444444444444445,Rv0976c
0.2028985507246377,PE_PGRS16-PE_PGRS17
0.2375,kdpC
0.19718309859154928,Rv1112-vapB32
0.27848101265822783,Rv1144-mmpL13a
0.23684210526315788,mshB
0.23880597014925373,htrA
0.23684210526315788,corA
0.2,thrB
0.3157894736842105,Rv1331
0.208955223880597,Rv1352
0.2878787878787879,Rv1395
0.18055555555555555,Rv1462
0.28,Rv1514c
0.2692307692307692,hisB
0.2602739726027397,vapC12
0.25,Rv1739c-vapB34
0.25806451612903225,idi
0.37681159420289856,Rv1828
0.19444444444444445,adhA
0.25675675675675674,Rv1882c
0.2608695652173913,Rv2017
0.25882352941176473,helY
0.23076923076923078,ansP1
0.27941176470588236,Rv2129c
0.38028169014084506,asnB-adoK
0.2698412698412698,cobT
0.23333333333333334,Rv2223c
0.23529411764705882,Rv2311
0.24675324675324675,moeW-mmpL9
0.2878787878787879,gpgP
0.21739130434782608,valS-Rv2449c
0.29333333333333333,Rv2469c
0.3116883116883117,Rv2489c
0.3,Rv2729c
0.2535211267605634,hsdM
0.31666666666666665,nicT-Rv2857c
0.2375,rpsB
0.3108108108108108,pknI
0.25,Rv2929-fadD26
0.2878787878787879,Rv2972c
0.24691358024691357,serA1
0.3333333333333333,Rv3103c
0.26153846153846155,Rv3273
0.1951219512195122,nagA
0.2647058823529412,Rv3424c-PPE57
0.28169014084507044,Rv3471c
0.2608695652173913,hsaE
0.2988505747126437,fadE29
0.1746031746031746,fadA5-ddn
0.2682926829268293,Rv3555c-fadA6
0.25757575757575757,fadE34-kstR
0.24719101123595505,Rv3600c
0.2923076923076923,tgs2
0.17857142857142858,Rv3771c
0.30120481927710846,Rv3778c
0.25287356321839083,Rv3779
0.3142857142857143,Rv3817
0.2077922077922078,Rv3845
0.3246753246753247,Rv3860
0.2682926829268293,cspB-PE_PGRS15
0.273972602739726,Rv0029-Rv0030
0.25,Rv0273c-Rv0274
0.21794871794871795,iniB
0.16901408450704225,Rv0128-fbpC
0.2876712328767123,Rv0194-Rv0195
0.37333333333333335,Rv0426c
0.23333333333333334,Rv0528
0.23076923076923078,TB27.3
0.2631578947368421,Rv0634c
0.2,pip
0.2564102564102564,Rv1140
0.2345679012345679,folP2
0.3582089552238806,Rv1627c
0.25316455696202533,pks11
0.24285714285714285,aceAb
0.28378378378378377,higA
0.18421052631578946,murE
0.2125,dgt-Rv2345
0.25862068965517243,Rv2517c-ldtB
0.24285714285714285,Rv2715
0.21739130434782608,Rv2733c
0.2876712328767123,mpt83-dipZ
0.22388059701492538,hab
0.2625,moaR1-PPE49
0.3013698630136986,fbiA
0.2361111111111111,Rv3430c-Rv3431c
0.3188405797101449,cut4-Rv3453
0.35294117647058826,ddn
0.2698412698412698,Rv3575c
0.16455696202531644,Rv3742c-ctpJ
0.2625,Rv3770c-Rv3770A
0.2,Rv2147c
0.275,Rv0052
0.27692307692307694,Rv1734c-Rv1735c
0.26666666666666666,mce2D
0.25806451612903225,Rv0837c
0.18571428571428572,Rv1019
0.19402985074626866,cbs-pra
0.2753623188405797,Rv1104-Rv1105
0.27631578947368424,mrp
0.24,Rv1303
0.18072289156626506,vapB10-nlhH
0.2835820895522388,PE_PGRS27-ctaB
0.25806451612903225,Rv1598c
0.2375,Rv1610
0.26229508196721313,PPE22-PPE23
0.22972972972972974,lipD
0.24358974358974358,Rv2019
0.21621621621621623,metH-Rv2125
0.25806451612903225,Rv2551c
0.30434782608695654,thrS
0.27631578947368424,Rv2672
0.41025641025641024,arsA
0.29310344827586204,Rv2752c
0.32432432432432434,Rv2805
0.2,Rv2826c
0.27380952380952384,Rv2864c
0.3,Rv2898c-fdhD
0.16470588235294117,lpqA-esxQ
0.19117647058823528,Rv3191c-metU
0.19753086419753085,Rv3202c-lipV
0.2465753424657534,Rv3224
0.15151515151515152,Rv3335c-trpS
0.2857142857142857,Rv3413c
0.27692307692307694,mce4A
0.2923076923076923,PE_PGRS58-Rv3591c
0.14705882352941177,Rv3633
0.28169014084507044,Rv3901c-Rv3902c
0.22727272727272727,lprO
0.22666666666666666,Rv0356c
0.22077922077922077,ASdes-Rv0825c
0.28169014084507044,vapB10
0.21621621621621623,Rv1711
0.25757575757575757,Rv2798c
0.25806451612903225,fdhF-Rv2901c
0.21518987341772153,lprA
0.2463768115942029,Rv0024-Rv0025
0.2987012987012987,sdaA
0.2459016393442623,Rv0077c-Rv0078
0.25,Rv0079
0.16176470588235295,Rv0102-ctpB
0.18518518518518517,mak
0.2289156626506024,ptbB
0.3472222222222222,Rv0293c
0.2077922077922078,vapB4
0.2222222222222222,Rv0830
0.24358974358974358,Rv0979c
0.2631578947368421,Rv1053c-Rv1054
0.23684210526315788,Rv1060
0.2714285714285714,Rv1356c
0.2,ureD
0.3176470588235294,yrbE3B
0.2261904761904762,Rv2077A-Rv2078
0.3389830508474576,rocD2
0.2191780821917808,dctA
0.2647058823529412,Rv2491
0.3384615384615385,Rv2576c
0.25,Rv2663
0.2692307692307692,fadD13-Rv3090
0.23880597014925373,Rv3108
0.23076923076923078,Rv3179-Rv3180c
0.16923076923076924,Rv3404c
0.2682926829268293,Rv3491
0.29310344827586204,cyp125
0.2191780821917808,glf
0.36904761904761907,Rv3840-bfrB
0.22857142857142856,gid-Rv3920c
0.25882352941176473,lppU
0.3835616438356164,Rv3668c-Rv3669
0.2835820895522388,Rv0073
0.3090909090909091,Rv0454-Rv0455c
0.2711864406779661,gabP
0.3225806451612903,hycE
0.2463768115942029,Rv0088
0.26229508196721313,rpmB1
0.3076923076923077,tam
0.3620689655172414,Rv0502
0.1694915254237288,Rv0571c
0.2602739726027397,Rv0784
0.3235294117647059,Rv0794c
0.2537313432835821,Rv0891c-Rv0892
0.2972972972972973,Rv0939-Rv0940c
0.3466666666666667,Rv1046c-Rv1047
0.2597402597402597,Rv1056-Rv1057
0.265625,cbs
0.2236842105263158,Rv1219c-Rv1220c
0.22988505747126436,Rv1261c
0.24193548387096775,mec
0.26229508196721313,whiA
0.2777777777777778,Rv1476-ripA
0.16363636363636364,wag22-Rv1760
0.19402985074626866,vapC15
0.2926829268292683,Rv2025c
0.23943661971830985,htpG
0.21666666666666667,Rv2536
0.22413793103448276,PE_PGRS45-Rv2616
0.20253164556962025,vapC23
0.28169014084507044,ligA
0.3522727272727273,agpS
0.2608695652173913,rhlE
0.20833333333333334,sahH
0.2631578947368421,add
0.28169014084507044,echA18.1
0.2948717948717949,phyA
0.2857142857142857,Rv3707c-asd
0.3333333333333333,Rv3753c-tyrA
0.2,ethR
0.26865671641791045,esxB
0.29411764705882354,Rv3915
0.2608695652173913,thrV-Rv0756c
0.18055555555555555,fadB
0.19736842105263158,lppR
0.22972972972972974,Rv2627c
0.29333333333333333,Rv0203
0.23376623376623376,Rv0281-eccA3
0.3333333333333333,Rv0390
0.2631578947368421,xthA
0.35384615384615387,Rv0607-vapB28
0.2235294117647059,Rv0689c
0.26785714285714285,Rv0738
0.3,Rv0801
0.23684210526315788,fadH
0.3835616438356164,tkt-PE_PGRS27
0.2872340425531915,mutB
0.23376623376623376,nadA
0.2894736842105263,Rv1735c
0.2153846153846154,Rv2015c
0.43103448275862066,Rv2049c-Rv2050
0.31645569620253167,Rv2077c
0.2857142857142857,yfiH
0.35714285714285715,valS
0.265625,Rv2481c
0.19230769230769232,Rv2573
0.2727272727272727,ribF
0.24096385542168675,fpg
0.24358974358974358,lppZ
0.26153846153846155,gatB
0.2236842105263158,Rv3075c
0.23728813559322035,Rv3090
0.3333333333333333,Rv3559c
0.23880597014925373,Rv3702c
0.2857142857142857,Rv3850
0.2153846153846154,Rv3888c-espG2
0.25396825396825395,parB
0.35384615384615387,moaA2
0.24615384615384617,Rv0004
0.30985915492957744,Rv0811c
0.22535211267605634,ctpE-Rv0909
0.25,Rv1192
0.2465753424657534,lgt-Rv1615
0.2361111111111111,PPE23-Rv1706A
0.22950819672131148,Rv1887
0.28169014084507044,Rv2456c
0.16129032258064516,vapB20
0.2804878048780488,Rv2913c-pknI
0.3333333333333333,Rv3235
0.3181818181818182,Rv3730c
0.21311475409836064,Rv3856c
0.14285714285714285,Rv2956
0.275,lprP
0.26666666666666666,Rv1928c
0.25333333333333335,Rv2407
0.2987012987012987,Rv1057-fadD14
0.2318840579710145,Rv3238c
0.3253012048192771,rplV
0.24561403508771928,Rv0739
0.30434782608695654,Rv0787
0.23880597014925373,Rv1026-kdpE
0.2236842105263158,Rv1051c
0.3142857142857143,Rv1109c
0.18666666666666668,Rv1354c
0.30303030303030304,Rv1523
0.27380952380952384,mpg
0.23809523809523808,mgtC
0.20588235294117646,ureC
0.2876712328767123,Rv1948c
0.2647058823529412,fabG3-Rv2003c
0.2676056338028169,Rv2017-Rv2018
0.22535211267605634,cobL
0.18032786885245902,Rv2132-Rv2133c
0.2702702702702703,vapC40
0.22535211267605634,dedA-Rv2638
0.18181818181818182,Rv2807
0.2602739726027397,ppsC
0.24096385542168675,Rv3403c
0.25,PE_PGRS56-fadD18
0.2318840579710145,asd
0.2608695652173913,Rv3735
0.27058823529411763,PPE53-Rv3160c
0.3291139240506329,cysO
0.2638888888888889,cobC
0.25,Rv0161
0.23684210526315788,Rv0218
0.3275862068965517,narU
0.2571428571428571,Rv0539
0.21428571428571427,echA10
0.29508196721311475,relB-Rv1248c
0.25609756097560976,Rv1421
0.2711864406779661,mutA
0.273972602739726,aceAa
0.14925373134328357,Rv2172c
0.29508196721311475,Rv2372c
0.24705882352941178,Rv2706c
0.2465753424657534,thyX-hsdS.1
0.28125,thyA
0.25,mpt83
0.352112676056338,Rv3023c-trmU
0.2465753424657534,Rv3114
0.21666666666666667,nuoH
0.22972972972972974,Rv3179
0.16666666666666666,Rv3399-Rv3400
0.2375,Rv3755c
0.36065573770491804,Rv3847-Rv3848
0.32,ethA
0.3333333333333333,vapB46
0.2112676056338028,Rv2975c
0.18421052631578946,Rv3187-Rv3188
0.2,bpoA-Rv3474
0.38235294117647056,Rv0650
0.2054794520547945,vapB14
0.21428571428571427,caeA-panB
0.2028985507246377,fadE5-Rv0245
0.27848101265822783,Rv0324
0.25882352941176473,pssA
0.30303030303030304,vapC27
0.19230769230769232,fusA1
0.30357142857142855,mapA
0.22535211267605634,kmtR-Rv0828c
0.32098765432098764,pyrR
0.2631578947368421,epiA
0.2571428571428571,Rv1680
0.2235294117647059,Rv1722
0.2345679012345679,Rv1723
0.27848101265822783,cinA
0.2835820895522388,Rv1973
0.2191780821917808,Rv2510c
0.16923076923076924,Rv2571c
0.2073170731707317,lipR
0.2602739726027397,guaB2-Rv3412
0.21621621621621623,whiB4-ponA2
0.2727272727272727,Rv3830c-Rv3831
0.27906976744186046,devB
0.12790697674418605,rpmJ
0.2839506172839506,rplW
0.2112676056338028,Rv3839
0.26136363636363635,ctpB-Rv0104
0.2328767123287671,gca
0.30952380952380953,hbhA
0.26744186046511625,mmaA4-mmaA3
0.24096385542168675,Rv1003
0.20588235294117646,F6
0.2463768115942029,Rv0276
0.17543859649122806,glnH
0.18518518518518517,Rv0465c-Rv0466
0.3055555555555556,Rv0881
0.3291139240506329,glgC
0.25555555555555554,Rv1257c
0.27848101265822783,Rv1273c
0.2840909090909091,ribC
0.2375,zwf2
0.28205128205128205,rpmI-rplT
0.24324324324324326,Rv1683
0.26865671641791045,scpB
0.2716049382716049,Rv1714
0.21794871794871795,Rv1779c-Rv1780
0.25396825396825395,Rv2012-Rv2013
0.34285714285714286,Rv2015c-Rv2016
0.2765957446808511,kasB
0.21794871794871795,vapC18
0.23076923076923078,Rv2578c
0.3076923076923077,Rv2638
0.313953488372093,arsB1
0.26865671641791045,whiB2-fbiA
0.22388059701492538,mce4D
0.25316455696202533,Rv3626c
0.26666666666666666,Rv3649-PE33
0.23376623376623376,PE34-Rv3747
0.3064516129032258,esxF
0.2125,Rv1762c-Rv1763
0.21686746987951808,leuA
0.32051282051282054,Rv0311-Rv0312
0.2923076923076923,cycA
0.2911392405063291,echA14-PE_PGRS42
0.2972972972972973,serV-Rv3723
0.3116883116883117,fcoT
0.3026315789473684,Rv0492A
0.2962962962962963,lprL
0.3026315789473684,rfe-Rv1303
0.2413793103448276,metK
0.20987654320987653,cmk
0.32894736842105265,pfkB
0.18461538461538463,secD
0.2716049382716049,Rv2617c-Rv2618
0.26229508196721313,mpt70
0.2647058823529412,mas-fadD28
0.225,Rv2993c
0.2786885245901639,Rv3217c-Rv3218
0.35714285714285715,Rv3278c-birA
0.2916666666666667,sigD
0.2,truA
0.18571428571428572,aspB
0.2564102564102564,Rv2997-Rv2998
0.2318840579710145,Rv0349-dnaK
0.26865671641791045,fadE7
0.273972602739726,pstC1
0.16883116883116883,mku
0.2191780821917808,tatB
0.2777777777777778,Rv1320c
0.2631578947368421,Rv1393c
0.21052631578947367,Rv1410c
0.2604166666666667,hisD
0.22857142857142856,Rv2449c
0.17391304347826086,Rv2478c
0.32432432432432434,hisS
0.22388059701492538,Rv2640c
0.16483516483516483,Rv2670c
0.3424657534246575,Rv3405c-Rv3406
0.2564102564102564,Rv3639c
0.2222222222222222,fabD2
0.2463768115942029,infB
0.2875,PPE21-fadD11.1
0.29069767441860467,embC-embA
0.2619047619047619,hycP
0.2537313432835821,yrbE1B
0.25,Rv0178
0.2236842105263158,Rv0209
0.2465753424657534,php
0.2876712328767123,Rv0538
0.29577464788732394,rpoB
0.2222222222222222,emrB
0.24285714285714285,pepD
0.2222222222222222,narG
0.27631578947368424,esxL-Rv1199c
0.1917808219178082,glgA
0.2602739726027397,Rv1249c-Rv1250
0.24691358024691357,ogt
0.25675675675675674,Rv1443c
0.2676056338028169,Rv1488
0.3333333333333333,tyrS
0.26582278481012656,mycP5
0.17647058823529413,PPE30-PE_PGRS32
0.18181818181818182,fbpB-Rv1887
0.2857142857142857,higB
0.3055555555555556,mce3B
0.19540229885057472,mce3C
0.21428571428571427,vapB36
0.17333333333333334,Rv2037c
0.2727272727272727,pncA
0.28205128205128205,blaC
0.23529411764705882,Rv2190c
0.22972972972972974,Rv2286c
0.16901408450704225,amiA2
0.3157894736842105,efp
0.2948717948717949,Rv2556c
0.2857142857142857,mpr11-Rv2561
0.18309859154929578,Rv2568c
0.23255813953488372,Rv2638-Rv2639c
0.2441860465116279,Rv2696c
0.29347826086956524,35kd_ag
0.31343283582089554,PE27-PPE44
0.2804878048780488,dinF
0.22784810126582278,amiC
0.31746031746031744,Rv2896c
0.25396825396825395,fecB
0.32,Rv3064c
0.21666666666666667,Rv3074
0.36486486486486486,moaE1
0.2698412698412698,Rv3169
0.22727272727272727,Rv3439c
0.3076923076923077,eccB4-cut3
0.3333333333333333,Rv3586
0.2608695652173913,Rv3627c-ppa
0.273972602739726,espH
0.26136363636363635,Rv3896c
0.3,ptrBa
0.24705882352941178,Rv3395A-guaA
0.24242424242424243,Rv0034
0.2054794520547945,fadD10
0.2535211267605634,PE2-ptbB
0.23529411764705882,echA2-mazF1
0.2261904761904762,Rv0810c-Rv0811c
0.2962962962962963,Rv0837c-lpqR
0.25882352941176473,Rv1073-fadA3
0.3333333333333333,Rv1233c
0.2597402597402597,lprE
0.2638888888888889,lprD
0.25,Rv1735c-narX
0.32432432432432434,pknF
0.24050632911392406,blaR
0.23076923076923078,vapC16
0.2608695652173913,Rv2250c
0.2808988764044944,cyp121-Rv2277c
0.30985915492957744,Rv2336
0.14473684210526316,nadE
0.26582278481012656,rne
0.2727272727272727,gabT-fadD9
0.2465753424657534,Rv2804c
0.12962962962962962,fdhF
0.25,ligB
0.25,Rv3175
0.2727272727272727,alr
0.22972972972972974,nmtR
0.21875,rfbD
0.22535211267605634,Rv3888c
0.23728813559322035,atpA
0.19672131147540983,fadE26
0.17647058823529413,PE_PGRS7-Rv0579
0.2361111111111111,Rv1533
0.3013698630136986,Rv3064c-mmr
0.24285714285714285,mesT
0.225,vapC1
0.4084507042253521,Rv0146-Rv0147
0.2698412698412698,Rv0207c
0.14925373134328357,rpsQ
0.22988505747126436,Rv0760c
0.2916666666666667,Rv0842
0.28378378378378377,Rv1188
0.30985915492957744,Rv1260-Rv1261c
0.25,PPE24-Rv1754c
0.3170731707317073,Rv2160c-Rv2161c
0.23529411764705882,trpD
0.2903225806451613,Rv2209
0.22413793103448276,cysW
0.2727272727272727,Rv2558-Rv2559c
0.32558139534883723,Rv3163c
0.34177215189873417,metA
0.19402985074626866,alr-Rv3424c
0.32786885245901637,Rv3712
0.29411764705882354,vapC28
0.35526315789473684,Rv3815c
0.3380281690140845,PE8-Rv1041c
0.32432432432432434,pflA-fadE24
0.2692307692307692,Rv0004-gyrB
0.24,PE_PGRS1-Rv0110
0.2857142857142857,mmpL11-Rv0203
0.2112676056338028,thiO
0.2463768115942029,Rv0480c
0.28169014084507044,Rv0750-mmsB
0.12280701754385964,Rv0763c
0.28205128205128205,Rv0912-Rv0913c
0.35526315789473684,vapB9
0.2804878048780488,moaB2
0.22784810126582278,Rv1220c-sigE
0.30303030303030304,Rv1825
0.1951219512195122,acg-Rv2033c
0.25757575757575757,Rv2307B
0.22388059701492538,lppQ
0.2676056338028169,lysU-PE26
0.23076923076923078,TB31.7
0.288135593220339,Rv2854
0.28378378378378377,nuoF
0.24242424242424243,Rv3324A-Rv3325
0.2653061224489796,Rv3369
0.22077922077922077,Rv3594
0.288135593220339,ftsZ-ftsQ
0.28,Rv0078-Rv0078A
0.21212121212121213,Rv0246
0.2328767123287671,Rv0340
0.14925373134328357,Rv0826
0.2112676056338028,Rv0854
0.21794871794871795,lpqY
0.2987012987012987,rphA
0.2535211267605634,lspA
0.17391304347826086,nadB
0.28205128205128205,Rv1674c-cmr
0.1935483870967742,Rv1686c
0.25333333333333335,mce3R-yrbE3A
0.2564102564102564,accD6-Rv2248
0.3090909090909091,valT-glyT
0.234375,ppgK
0.2261904761904762,ftsK
0.31746031746031744,nuoL
0.26506024096385544,Rv3226c
0.25,Rv3520c
0.3924050632911392,hsaC
0.2375,lpqF
0.1774193548387097,Rv3819-papA2
0.22535211267605634,sodA
0.25757575757575757,Rv0192
0.2,Rv1466
0.2698412698412698,che1
0.2923076923076923,fadE36-Rv3762c
0.29411764705882354,bglS
0.31746031746031744,Rv0188-ilvD
0.3088235294117647,Rv2824c
0.1780821917808219,Rv3705c-Rv3705A
0.24691358024691357,narK3
0.21739130434782608,Rv0495c
0.328125,vapC30
0.3194444444444444,sucC
0.18571428571428572,kdpA
0.21818181818181817,PE_PGRS28-Rv1453
0.34375,Rv2134c-Rv2135c
0.2857142857142857,leuU-parE2
0.25757575757575757,caeA
0.3076923076923077,Rv2258c
0.2535211267605634,fadD9-PE_PGRS44
0.3,Rv2625c
0.27941176470588236,Rv2806
0.21428571428571427,Rv2959c
0.19047619047619047,cyp136-Rv3060c
0.22058823529411764,Rv2304c-Rv2305
0.30158730158730157,Rv2577
0.3492063492063492,Rv1072
0.28,Rv1115
0.3150684931506849,ripA
0.2903225806451613,Rv1565c
0.34285714285714286,Rv2410c
0.2459016393442623,Rv3055
0.13924050632911392,Rv3259
0.3150684931506849,Rv3482c
0.21621621621621623,fadA6
0.16666666666666666,Rv1869c
0.3076923076923077,Rv1951c-vapB14
0.3382352941176471,Rv0048c
0.2911392405063291,Rv0111
0.2535211267605634,iniC
0.19298245614035087,Rv0686
0.2698412698412698,treY
0.24242424242424243,pgsA2
0.32432432432432434,mce3R
0.2875,Rv2008c
0.3181818181818182,sigC
0.2597402597402597,cdh
0.29333333333333333,Rv2326c
0.234375,lepA
0.23809523809523808,Rv2464c
0.2988505747126437,Rv2642
0.19642857142857142,Rv2662
0.273972602739726,Rv2716
0.2926829268292683,gpsI-lppU
0.2,lipN-Rv2970A
0.21212121212121213,ctpC
0.26666666666666666,amiB1
0.25757575757575757,Rv3587c
0.29213483146067415,Rv2944-lppX
0.23076923076923078,ppiA
0.30303030303030304,Rv0441c
0.24358974358974358,sppA
0.25316455696202533,Rv1230c
0.25609756097560976,Rv1510
0.25301204819277107,lprM
0.2608695652173913,Rv2508c
0.38666666666666666,Rv2851c
0.20512820512820512,Rv3703c
0.24242424242424243,Rv3740c
0.21333333333333335,Rv3920c
0.2898550724637681,dppD
0.21794871794871795,Rv1890c
0.22535211267605634,Rv2620c
0.34177215189873417,Rv3898c
0.3132530120481928,Rv0260c
0.16,Rv0339c-Rv0340
0.2894736842105263,lpqL
0.2857142857142857,Rv0485
0.2391304347826087,rocA
0.2465753424657534,ncrMT1234
0.2638888888888889,Rv1337
0.21212121212121213,Rv1453
0.2911392405063291,csd
0.3389830508474576,vapB36-PE_PGRS35
0.35714285714285715,cfp21-Rv1985c
0.23684210526315788,Rv2011c-Rv2012
0.265625,qcrB-Rv2197c
0.2328767123287671,mbtI-Rv2387
0.21794871794871795,scoB
0.23880597014925373,frr-pyrH
0.23880597014925373,acyP
0.24705882352941178,fixB
0.2608695652173913,moaC3
0.28169014084507044,Rv3402c-Rv3403c
0.2571428571428571,Rv3680-whiB4
0.2625,trxB2
0.27631578947368424,Rv0133-ephF
0.21839080459770116,esxJ-PPE15
0.3387096774193548,Rv1645c
0.23684210526315788,glyA2
0.2361111111111111,Rv0110-Rv0111
0.36585365853658536,fadE6
0.24324324324324326,Rv0412c
0.2222222222222222,Rv0435c
0.3037974683544304,Rv0497
0.3013698630136986,Rv0688
0.265625,Rv0774c
0.2361111111111111,lpqQ-Rv0836c
0.26506024096385544,Rv1120c
0.29069767441860467,Rv1186c-rocA
0.3230769230769231,Rv1199c-Rv1200
0.25,PPE19-Rv1362c
0.28378378378378377,lprH
0.2923076923076923,pykA
0.30434782608695654,Rv1717
0.2698412698412698,Rv1770
0.2191780821917808,Rv1773c
0.25287356321839083,hspX
0.25,Rv2091c
0.20634920634920634,ctaC
0.2054794520547945,glnE
0.18309859154929578,glpD1
0.16666666666666666,Rv2611c
0.16666666666666666,Rv2799
0.2222222222222222,mazE9-Rv2802c
0.2608695652173913,gcpE
0.26582278481012656,Rv3237c
0.288135593220339,Rv3268
0.25862068965517243,Rv3412
0.27941176470588236,rpoA
0.1875,Rv3768-Rv3769
0.2727272727272727,fbpA-aftB
0.2753623188405797,pcnA
0.26666666666666666,Rv0612
0.24050632911392406,Rv2014-Rv2015c
0.2711864406779661,cut5a
0.2777777777777778,galTa
0.25,bisC-Rv1443c
0.26744186046511625,glgC-PE14
0.3181818181818182,PE16-Rv1431
0.17105263157894737,Rv1767
0.2976190476190476,nanT
0.2073170731707317,pncA-Rv2044c
0.2571428571428571,Rv2044c
0.2753623188405797,Rv3656c
0.2903225806451613,hemA
0.25,Rv0653c
0.32,dinX
0.28,parA
0.2112676056338028,Rv2422-Rv2423
0.25,lipV
0.265625,mmpL4
0.3614457831325301,Rv0786c
0.25609756097560976,mbtN
0.21621621621621623,Rv1815
0.32098765432098764,pepN
0.30952380952380953,Rv3254
0.3055555555555556,Rv3700c
0.23529411764705882,Rv0028
0.22666666666666666,cobU
0.2441860465116279,Rv0259c
0.1506849315068493,Rv0584
0.15492957746478872,Rv0846c-lpqS
0.25333333333333335,oppD
0.21666666666666667,Rv2067c
0.24193548387096775,cyp124
0.2753623188405797,cysH
0.19402985074626866,Rv2778c
0.2608695652173913,Rv3126c
0.2835820895522388,Rv3161c-Rv3162c
0.2077922077922078,kgtP
0.20930232558139536,Rv3552
0.2682926829268293,esxW-PPE65
0.34375,Rv0857
0.3283582089552239,Rv0920c-Rv0921
0.2463768115942029,Rv0078B
0.3150684931506849,Rv0187
0.2328767123287671,lpqI-Rv0238
0.23255813953488372,Rv1314c
0.225,Rv1359
0.1935483870967742,fdxA
0.23469387755102042,Rv3218
0.22666666666666666,cyp142
0.1935483870967742,Rv3863
0.28205128205128205,Rv0986
0.2361111111111111,Rv1075c
0.24242424242424243,Rv2411c
0.21428571428571427,Rv2800
0.22988505747126436,oxcA
0.28378378378378377,Rv0298
0.21739130434782608,Rv0372c
0.25,echA2
0.24050632911392406,Rv0461
0.25,menH
0.2,htpX
0.2391304347826087,rplX
0.21311475409836064,atpD
0.2054794520547945,Rv1674c
0.24324324324324326,Rv2052c
0.323943661971831,Rv2179c
0.18666666666666668,Rv2183c
0.19117647058823528,Rv2255c-Rv2256c
0.2361111111111111,Rv2312-Rv2313c
0.2537313432835821,Rv2963
0.2857142857142857,Rv3030
0.2033898305084746,Rv3127
0.31645569620253167,esxT-esxU
0.3150684931506849,espA
0.325,Rv2649-Rv2650c
0.24705882352941178,Rv0882
0.21739130434782608,Rv3657c
0.3584905660377358,Rv0071-Rv0072
0.2857142857142857,galK-Rv0621
0.2,Rv0666-rpoB
0.22950819672131148,Rv0669c
0.21212121212121213,Rv0681
0.27710843373493976,Rv0817c
0.23728813559322035,glmU
0.3125,Rv1053c
0.3026315789473684,mbtK-leuW
0.21333333333333335,fmt
0.2702702702702703,Rv1702c-Rv1703c
0.25675675675675674,gcvB
0.29333333333333333,Rv2125
0.29333333333333333,Rv2206
0.2976190476190476,panB
0.22784810126582278,Rv2492
0.22535211267605634,Rv2618
0.3,dapB
0.2647058823529412,Rv3142c
0.2,bpoA
0.26153846153846155,Rv3912
0.2619047619047619,Rv3916c
0.3333333333333333,Rv0913c
0.3055555555555556,Rv1476
0.1794871794871795,lprC-Rv1276c
0.15789473684210525,Rv2632c
0.22058823529411764,Rv0081
0.23809523809523808,ctpI-Rv0108c
0.2054794520547945,gmhB
0.3,fbpC-htdZ
0.19672131147540983,Rv0181c
0.2608695652173913,Rv0224c-Rv0225
0.21739130434782608,Rv0338c
0.2676056338028169,Rv0358
0.18571428571428572,Rv0381c
0.29850746268656714,PPE9-purT
0.2112676056338028,thiE
0.21794871794871795,Rv0566c
0.3064516129032258,Rv0614
0.3283582089552239,vapB6
0.31746031746031744,rplC
0.16666666666666666,rslA-Rv0737
0.3333333333333333,Rv0887c
0.2465753424657534,Rv0945
0.2571428571428571,Rv1048c-Rv1049
0.2727272727272727,Rv1062
0.13432835820895522,Rv1156
0.2608695652173913,Rv1159A
0.2,Rv1291c
0.34782608695652173,wbbL2
0.26136363636363635,Rv1531
0.23684210526315788,PPE27-PE19
0.27906976744186046,Rv1816
0.31666666666666665,Rv1990A
0.2361111111111111,Rv2004c
0.21052631578947367,Rv2170
0.21311475409836064,Rv2286c-yjcE
0.21518987341772153,Rv2435c
0.2753623188405797,Rv2622
0.2804878048780488,Rv2694c
0.28,Rv2739c
0.2413793103448276,Rv2776c
0.30120481927710846,Rv3076
0.27692307692307694,lipY-Rv3098c
0.2647058823529412,Rv3177
0.2647058823529412,moaX
0.23529411764705882,acrA1
0.21621621621621623,Rv3485c-Rv3486
0.35,vapC48
0.32,Rv3714c
0.32098765432098764,Rv3787c-Rv3788
0.3188405797101449,esxE
0.30120481927710846,iunH
0.28169014084507044,Rv3528c
0.2878787878787879,lprK
0.17567567567567569,mutT3
0.22972972972972974,Rv0546c
0.2236842105263158,vapC7
0.3559322033898305,mprB
0.1791044776119403,Rv1004c-pabB
0.29411764705882354,Rv1227c
0.25609756097560976,argJ
0.2987012987012987,Rv2307c
0.21052631578947367,Rv2707
0.2727272727272727,ugpE
0.23684210526315788,Rv2975c-ung
0.2647058823529412,ppk1
0.22033898305084745,agpS-Rv3108
0.3076923076923077,Rv3180c
0.2876712328767123,cdd
0.27419354838709675,fadA5
0.2692307692307692,hpt
0.2345679012345679,Rv0349
0.25882352941176473,Rv0443
0.3225806451612903,vapB26
0.2535211267605634,Rv0597c
0.288135593220339,Rv1339
0.22857142857142856,echA13
0.19444444444444445,ribA1
0.2564102564102564,hisE
0.34782608695652173,mscR
0.345679012345679,lipM
0.2926829268292683,ltp1
0.20987654320987653,nuoJ
0.2777777777777778,Rv3353c
0.24,Rv3492c
0.3384615384615385,hsaD
0.288135593220339,Rv3778c-Rv3779
0.28205128205128205,lpqI
0.2222222222222222,ackA
0.26666666666666666,proC-Rv0500A
0.24050632911392406,rpsE
0.29411764705882354,pstB
0.273972602739726,xseA
0.23943661971830985,rseA
0.22535211267605634,dnaE1
0.22058823529411764,mpt63-Rv1927
0.3157894736842105,Rv2342
0.24050632911392406,recA-Rv2737A
0.3,rnhB
0.28205128205128205,nrdF2
0.23376623376623376,whiB4
0.24050632911392406,Rv3762c
0.2777777777777778,pks2-fadD23
0.19696969696969696,Rv2160c
0.22535211267605634,Rv0038
0.25396825396825395,Rv0183
0.25,mcr19-mshA
0.234375,menA-pnp
0.24096385542168675,moaE2
0.2833333333333333,sugA
0.2463768115942029,amiB2
0.21839080459770116,Rv2033c
0.3037974683544304,Rv2513
0.3058823529411765,Rv2633c-PE_PGRS46
0.4,Rv2876
0.22784810126582278,lpqA
0.30666666666666664,Rv3131
0.30985915492957744,purK
0.26666666666666666,vapB44-Rv3322c
0.2222222222222222,Rv3387-PE_PGRS52
0.41935483870967744,Rv0068
0.24615384615384617,glnT-Rv1019
0.26153846153846155,frdB
0.3037974683544304,Rv1765A-Rv1766
0.23376623376623376,Rv2717c
0.2857142857142857,Rv0043c
0.24210526315789474,hemD-hemB
0.323943661971831,lipG
0.24210526315789474,Rv0883c
0.3181818181818182,Rv1184c
0.3194444444444444,Rv1333
0.2463768115942029,Rv1404
0.20253164556962025,Rv1489A-Rv1490
0.18309859154929578,Rv1597
0.2835820895522388,eccD5
0.352112676056338,Rv1842c-guaB1
0.25,Rv1898
0.2625,Rv2020c-Rv2021c
0.28125,Rv2237
0.25757575757575757,sigA
0.2857142857142857,Rv3557c-PPE64
0.24358974358974358,ephE
0.26865671641791045,ncrMT3949-Rv3843c
0.3246753246753247,parD2-Rv2143
0.2777777777777778,Rv0991c
0.20588235294117646,Rv1531-Rv1532c
0.2535211267605634,Rv1765c
0.3466666666666667,mazE6-ctpG
0.22033898305084745,Rv0011c
0.26582278481012656,Rv0135c
0.36,Rv0139-Rv0140
0.2077922077922078,Rv0428c
0.3380281690140845,grcC1
0.2564102564102564,mmsB
0.30434782608695654,Rv0898c
0.29411764705882354,pstA1
0.2564102564102564,Rv0970
0.3492063492063492,thrA
0.2875,Rv1353c
0.2682926829268293,fadD24
0.23684210526315788,speE
0.28125,Rv3060c
0.3287671232876712,sdhA
0.16666666666666666,cobS-Rv2209
0.2463768115942029,Rv0603
0.2054794520547945,thiC
0.28169014084507044,nrdZ-Rv0571c
0.2777777777777778,tcrA
0.2463768115942029,Rv1922
0.27941176470588236,Rv2802c
0.34328358208955223,Rv3898c-Rv3899c
0.24324324324324326,Rv0472c-Rv0473
0.3283582089552239,cysA2-thiX
0.367816091954023,alaV-Rv0997
0.24358974358974358,vapC33
0.20512820512820512,mpt64
0.35294117647058826,lipT
0.3037974683544304,cysT
0.27058823529411763,Rv2774c-Rv2775
0.21686746987951808,Rv3071-Rv3072c
0.2835820895522388,lipE
0.2676056338028169,Rv1524
0.34375,trxA
0.21311475409836064,thiG-lpqL
0.3188405797101449,Rv1128c-Rv1129c
0.2375,Rv2199c
0.19047619047619047,rraA
0.23076923076923078,Rv0378
0.25,fadE7-Rv0401
0.25,lpqQ
0.2361111111111111,lysX-infC
0.28169014084507044,Rv3727-Rv3728
0.2916666666666667,pntB
0.296875,mmpL11
0.2911392405063291,PE_PGRS5-Rv0298
0.2857142857142857,Rv0622
0.2875,fadE9
0.2261904761904762,fadA
0.1951219512195122,Rv0892
0.2535211267605634,Rv1063c
0.18571428571428572,PE_PGRS19-PE_PGRS20
0.328125,Rv1073
0.22916666666666666,Rv1086
0.2638888888888889,PE10-celA2a
0.34615384615384615,Rv1147-Rv1148c
0.3,Rv1378c
0.2804878048780488,Rv1556
0.2328767123287671,bioB
0.2222222222222222,Rv1871c
0.19402985074626866,Rv1891
0.25757575757575757,Rv2040c
0.27692307692307694,Rv2184c
0.24675324675324675,Rv2186c
0.38461538461538464,narK1-lppP
0.288135593220339,mrr
0.3835616438356164,Rv2565
0.19298245614035087,vapC40-Rv2597
0.2727272727272727,tesB2
0.2602739726027397,msrB-Rv2675c
0.24242424242424243,echA15-Rv2680
0.2077922077922078,Rv2688c
0.29850746268656714,rpsO
0.27419354838709675,Rv2842c-Rv2843
0.3333333333333333,mqo
0.22388059701492538,Rv2876-Rv2877c
0.20512820512820512,mmpL7
0.25675675675675674,Rv2998
0.2602739726027397,nuoN
0.2923076923076923,uvrD2
0.20588235294117646,whiB1-Rv3220c
0.3037974683544304,deoD
0.2535211267605634,Rv3378c
0.3888888888888889,kgtP-PE31
0.20512820512820512,mpr17-lsr2
0.32857142857142857,accD4
0.3291139240506329,mmpL8-papA1
0.390625,esxP-Rv2348c
0.21052631578947367,guaB1
0.2891566265060241,Rv0021c-whiB5
0.1891891891891892,Rv0609A-B55
0.21428571428571427,Rv2721c
0.2777777777777778,Rv3400-Rv3401
0.25675675675675674,MTS2823
0.23529411764705882,Rv0247c
0.32098765432098764,Rv0493c
0.2597402597402597,glcB-vapC13
0.27586206896551724,Rv2529
0.2753623188405797,Rv2893
0.25609756097560976,drrB
0.24615384615384617,Rv3415c-whiB3
0.33766233766233766,fadE32
0.25,Rv0077c
0.29850746268656714,rplY
0.2564102564102564,vapB32
0.2717391304347826,Rv1417
0.30666666666666664,secG-PE_PGRS26
0.2,G2
0.3013698630136986,Rv3848
0.25,ethR-Rv3856c
0.225,Rv0049
0.21428571428571427,fadE2-pntAa
0.2702702702702703,ansP2-Rv0347
0.23076923076923078,ufaA1
0.23809523809523808,Rv0448c
0.2222222222222222,Rv0499
0.23529411764705882,galK
0.3088235294117647,mkl-vapC6
0.2328767123287671,rpsC
0.21212121212121213,atsA-Rv0712
0.2698412698412698,Rv0765c
0.29411764705882354,phoY2-Rv0822c
0.2289156626506024,fadE10-Rv0874c
0.2898550724637681,fadE13
0.3026315789473684,PE_PGRS22-coaA
0.20588235294117646,desA2-phoH2
0.234375,Rv1167c
0.2987012987012987,TB8.4-fadH
0.2459016393442623,Rv1186c
0.34831460674157305,Rv1191
0.29508196721311475,lprC
0.2698412698412698,Rv1277
0.24691358024691357,oppC
0.1746031746031746,oppB-canA
0.1935483870967742,Rv1373
0.3013698630136986,Rv1459c
0.3333333333333333,mce3D
0.23880597014925373,vapC36
0.25,Rv2001
0.3116883116883117,Rv2075c
0.2875,Rv2135c
0.23076923076923078,pknL
0.20634920634920634,Rv2390c-sirA
0.3561643835616438,ahpC
0.3939393939393939,Rv2513-Rv2514c
0.29333333333333333,secF
0.359375,aftC
0.3013698630136986,Rv2681
0.2857142857142857,Rv2809
0.2857142857142857,Rv3073c-Rv3074
0.2318840579710145,vapB44
0.24285714285714285,Rv3329-dacB1
0.18309859154929578,Rv3376-Rv3377c
0.24675324675324675,glmS
0.3384615384615385,mrsA
0.2465753424657534,fadD17
0.2,Rv3572
0.19736842105263158,lppH
0.37142857142857144,Rv3604c
0.2625,mesJ
0.3670886075949367,proW
0.28,Rv3770B-Rv3771c
0.36486486486486486,esxA-espI
0.2236842105263158,Rv2879c
0.2571428571428571,nadR
0.3037974683544304,Rv2689c
0.36923076923076925,Rv0158
0.27848101265822783,Rv0395
0.2125,Rv0918
0.3142857142857143,Rv0964c
0.17391304347826086,Rv1255c
0.27058823529411763,Rv1892
0.3013698630136986,Rv2451
0.34146341463414637,Rv3228
0.2727272727272727,Rv3454
0.21052631578947367,PPE65-PE32
0.25757575757575757,rseA-htrA
0.3787878787878788,Rv0028-Rv0029
0.3103448275862069,vapC4
0.29069767441860467,PPE34-PPE35
0.1780821917808219,Rv0145
0.2328767123287671,Rv0472c
0.2236842105263158,vapB30
0.25,purM-Rv0810c
0.3,pstS2-pstB
0.30434782608695654,leuW-irtA
0.2463768115942029,pyrB
0.3181818181818182,Rv1501
0.2876712328767123,ftsQ
0.28125,Rv2348c
0.2631578947368421,Rv2455c-Rv2456c
0.2535211267605634,fadD35
0.2972972972972973,suhB
0.28378378378378377,Rv3032
0.2153846153846154,sigF
0.22535211267605634,Rv3431c-gadB
0.30985915492957744,deoC
0.2345679012345679,hadA
0.25396825396825395,tuf
0.19402985074626866,Rv2795c
0.2753623188405797,ilvB1
0.2597402597402597,nuoM
0.3188405797101449,Rv3742c
0.23684210526315788,pta
0.2702702702702703,Rv3008
0.22077922077922077,Rv3241c-Rv3242c
0.2835820895522388,Rv3671c
0.2318840579710145,pntAa
0.21052631578947367,Rv0770
0.23863636363636365,Rv1006
0.3188405797101449,Rv1156-Rv1157c
0.3157894736842105,cyp130-Rv1257c
0.23684210526315788,Rv2028c
0.3176470588235294,Rv2143
0.2463768115942029,glyS
0.3181818181818182,vapC39
0.20689655172413793,mmpL7-Rv2943
0.27586206896551724,Rv3510c-PE_PGRS55
0.2638888888888889,Rv3557c
0.18055555555555555,ftsH
0.25,Rv3705A
0.3055555555555556,serS
0.22857142857142856,Rv3528c-Rv3529c
0.25,Rv0090-mtn
0.2535211267605634,Rv0316
0.2962962962962963,Rv1026
0.2345679012345679,Rv1154c
0.19047619047619047,Rv1176c-fdxC
0.25,Rv1324
0.2571428571428571,lipL-Rv1498c
0.2597402597402597,Rv1616
0.25,Rv1639c
0.18309859154929578,fadE18
0.2753623188405797,Rv2118c
0.25333333333333335,aroG-Rv2179c
0.30985915492957744,dnaG
0.32075471698113206,bkdB
0.2638888888888889,apt
0.3333333333333333,thiL
0.3170731707317073,Rv3050c-nrdE
0.2631578947368421,Rv3207c-Rv3208
0.2891566265060241,Rv3212
0.2,echA20
0.3333333333333333,Rv2541
0.2564102564102564,thrC-thrB
0.273972602739726,narL-Rv0845
0.21794871794871795,Rv1157c
0.2911392405063291,hisI
0.27380952380952384,Rv1687c
0.27848101265822783,gabD2
0.24675324675324675,Rv1805c
0.25,Rv2054
0.20512820512820512,PE29-Rv3023c
0.23684210526315788,nuoC
0.2222222222222222,nuoK
0.35443037974683544,Rv3583c-lpqE
0.29411764705882354,Rv0516c
0.2289156626506024,fadD18
0.21052631578947367,ask
0.3287671232876712,Rv3814c
0.2,Rv3906c
0.3380281690140845,mmpL3
0.2702702702702703,vapC3
0.2753623188405797,Rv0812
0.28125,Rv0990c
0.28,Rv1487
0.296875,mazE4
0.39622641509433965,argH-pks10
0.2571428571428571,Rv1678
0.29577464788732394,Rv1867
0.2,PPE35-Rv1919c
0.29577464788732394,Rv2512c-Rv2513
0.19444444444444445,Rv2581c-ppiB
0.21875,Rv2662-Rv2663
0.3108108108108108,mazF9
0.24096385542168675,glnA4
0.2972972972972973,Rv2958c
0.25,Rv3233c
0.2727272727272727,lprN
0.2835820895522388,PE_PGRS57-fadD19
0.34615384615384615,Rv3517
0.273972602739726,Rv3706c-Rv3707c
0.2807017543859649,Rv3737
0.2898550724637681,Rv0076c
0.1797752808988764,accD3
0.2597402597402597,ldtB
0.2625,Rv2160A
0.29411764705882354,Rv1268c-Rv1269c
0.29577464788732394,Rv0043c-Rv0044c
0.2727272727272727,mce1F
0.2602739726027397,Rv0712
0.2835820895522388,Rv1218c
0.3,Rv1288
0.2602739726027397,Rv1431
0.22857142857142856,hisC1
0.23333333333333334,Rv2049c
0.3055555555555556,Rv2050
0.27941176470588236,rnpB
0.3013698630136986,Rv2315c
0.24615384615384617,uspB
0.26666666666666666,Rv3033
0.2857142857142857,nei
0.3013698630136986,Rv3577
0.29577464788732394,leuA-dnaQ
0.27631578947368424,Rv3777
0.23809523809523808,Rv2980
0.2903225806451613,Rv2294-Rv2295
0.27941176470588236,Rv0250c-hsp
0.28205128205128205,Rv1728c
0.23333333333333334,Rv0128
0.28169014084507044,Rv0224c
0.36585365853658536,php-fadE4
0.4142857142857143,nrdB
0.2537313432835821,gabD1
0.25333333333333335,Rv0424c
0.3333333333333333,Rv0461-lpdC
0.20987654320987653,relE
0.22727272727272727,garA
0.25675675675675674,echA15
0.3157894736842105,Rv3041c
0.23076923076923078,Rv3077
0.24285714285714285,Rv3635
0.27848101265822783,Rv3821
0.2692307692307692,eccCa1-eccCb1
0.25,clpC2
0.2714285714285714,recF
0.25675675675675674,pepA
0.3194444444444444,Rv0792c-Rv0793
0.3132530120481928,pepC
0.35365853658536583,Rv1773c-Rv1774
0.22857142857142856,Rv2265-cyp124
0.2857142857142857,Rv2267c
0.2692307692307692,vapB38
0.2,pgsA3
0.16666666666666666,argA
0.28205128205128205,Rv3122
0.2,fadE24
0.25675675675675674,Rv3165c
0.35135135135135137,lsr2-lysS
0.24285714285714285,rsfB-Rv3688c
0.2571428571428571,Rv0008c
0.23333333333333334,Rv0601c
0.18055555555555555,Rv1158c-pimE
0.1794871794871795,hemN
0.32,Rv2554c
0.34328358208955223,Rv2816c
0.24324324324324326,Rv3612c
0.2807017543859649,Rv3786c
0.25,Rv3651
0.19444444444444445,Rv0481c-murB
0.2875,Rv2598
0.25,Rv0219
0.3013698630136986,fadE6-Rv0272c
0.21951219512195122,Rv0940c
0.29411764705882354,Rv1144
0.2465753424657534,Rv1413
0.27941176470588236,lppT
0.18055555555555555,Rv1893
0.14705882352941177,mpt63
0.2328767123287671,Rv1939
0.3235294117647059,lppI
0.25675675675675674,PE_PGRS37-ansP1
0.25333333333333335,pepB
0.25301204819277107,Rv2506-Rv2507
0.2235294117647059,Rv3104c
0.3448275862068966,Rv3204
0.34782608695652173,Rv3256c
0.26582278481012656,choD-guaB3
0.2222222222222222,Rv3749c
0.2903225806451613,glpQ2-glyU
0.23943661971830985,Rv2542
0.27631578947368424,cobQ1
0.23728813559322035,mycP3
0.2894736842105263,Rv0494
0.2236842105263158,oppA
0.30526315789473685,narK2-Rv1738
0.23684210526315788,nadD
0.3,Rv3114-Rv3115
0.25,nuoA
0.23076923076923078,esxT
0.2,Rv1961-vapC35
0.2112676056338028,Rv0430-Rv0431
0.323943661971831,Rv0910-Rv0911
0.32857142857142857,Rv0943c
0.24193548387096775,narH
0.23943661971830985,pknH-embR
0.27692307692307694,Rv1322
0.30666666666666664,plsB1-frdA
0.3108108108108108,Rv2042c
0.2222222222222222,Rv2081c-Rv2082
0.21839080459770116,Rv2273
0.3,Rv2285
0.3333333333333333,Rv2423
0.36363636363636365,moaR1
0.2571428571428571,Rv3311
0.25757575757575757,Rv3796-fadE35
0.2235294117647059,aspC
0.2631578947368421,vapB29
0.325,Rv0749A
0.30357142857142855,cspB
0.3283582089552239,typA
0.3291139240506329,Rv1571
0.2638888888888889,Rv1747
0.25675675675675674,adoK-Rv2203
0.29577464788732394,Rv2297-Rv2298
0.36507936507936506,cfp6
0.26865671641791045,sugI
0.23076923076923078,Rv3481c
0.23170731707317074,Rv0059
0.25301204819277107,Rv0248c
0.2125,Rv0807
0.2916666666666667,ileS-dinX
0.2702702702702703,Rv1861
0.22666666666666666,Rv2722
0.27586206896551724,PPE46-PE27A
0.35135135135135137,Rv3527-Rv3528c
0.2692307692307692,gyrA-Rv0007
0.21518987341772153,rpmB1-Rv0106
0.14516129032258066,Rv0326
0.19117647058823528,fba
0.24050632911392406,Rv0380c-Rv0381c
0.18840579710144928,sigK
0.23880597014925373,rpmC
0.32432432432432434,hisI-chaA
0.3150684931506849,Rv1673c
0.21428571428571427,Rv1747-Rv1748
0.24675324675324675,mazF5
0.2753623188405797,Rv2005c-otsB1
0.2361111111111111,fxsA
0.3283582089552239,qcrA
0.21686746987951808,lipA
0.15492957746478872,Rv2515c
0.3235294117647059,snzP
0.17857142857142858,proS
0.25,leuC
0.25,whiB2
0.2597402597402597,Rv3668c
0.3230769230769231,gshA-Rv3705c
0.30158730158730157,Rv3769
0.3037974683544304,pyrC
0.17333333333333334,plcD-Rv1756c
0.21794871794871795,Rv2166c-Rv2167c
0.3220338983050847,Rv1234
0.21428571428571427,Rv0265c
0.20634920634920634,Rv0273c
0.16176470588235295,Rv0484c-Rv0485
0.21875,Rv0574c
0.30666666666666664,Rv0793
0.27419354838709675,tatD
0.20270270270270271,PE_PGRS20-Rv1069c
0.2972972972972973,mshB-Rv1171
0.2702702702702703,mcr3
0.26582278481012656,Rv1341
0.26582278481012656,PE_PGRS25-vapC10
0.3275862068965517,Rv1729c
0.24,Rv1864c
0.23529411764705882,Rv2370c-PE_PGRS40
0.21333333333333335,mmuM-Rv2459
0.345679012345679,clgR-pgsA3
0.20481927710843373,lppY
0.23529411764705882,proY-cyp137
0.2916666666666667,tcrX-Rv3766
0.25882352941176473,Rv3822-mmpL8
0.3142857142857143,Rv3840
0.16666666666666666,Rv2774c
0.32142857142857145,Rv3243c-lpqB
0.2191780821917808,ssb
0.3037974683544304,Rv0097
0.2916666666666667,Rv0257-Rv0258c
0.2289156626506024,metZ
0.20270270270270271,thiS
0.16666666666666666,lpdC
0.2028985507246377,Rv0836c
0.20967741935483872,pdc
0.33766233766233766,ksgA
0.2465753424657534,Rv1635c
0.323943661971831,mctB-pyrG
0.32051282051282054,lppG
0.22077922077922077,Rv2001-fabG3
0.16666666666666666,rpiB
0.24390243902439024,lepB
0.3023255813953488,hpx
0.2676056338028169,fdxB-Rv3555c
0.20588235294117646,pyrF-PE15
0.24193548387096775,bkdA
0.2413793103448276,Rv0520
0.2804878048780488,Rv1434
0.26865671641791045,hpx-Rv3172c
0.2753623188405797,Rv0110
0.27631578947368424,Rv0371c
0.24242424242424243,Rv0460
0.25675675675675674,Rv0572c-pncB2
0.234375,vapC26
0.24242424242424243,Rv0876c
0.26582278481012656,Rv1126c
0.23880597014925373,cyp130
0.2894736842105263,Rv1279
0.2597402597402597,infC
0.2033898305084746,Rv1816-Rv1817
0.2,Rv1954A
0.36666666666666664,Rv1954A-higB
0.22077922077922077,fdxA-Rv2008c
0.32926829268292684,Rv2024c-Rv2025c
0.23863636363636365,Rv2144c
0.24,Rv2405
0.2911392405063291,ruvC
0.1891891891891892,Rv2686c
0.2987012987012987,Rv3403c-Rv3404c
0.2692307692307692,Rv3486
0.23943661971830985,mpr18
0.28378378378378377,fadE36
0.2328767123287671,vapC25
0.29850746268656714,Rv1648-pheS
0.273972602739726,mce1R-fadD5
0.3387096774193548,hsp-nirB
0.2923076923076923,amiB2-Rv1264
0.17647058823529413,proB
0.189873417721519,Rv3173c
0.2857142857142857,Rv3549c
0.2878787878787879,PE_PGRS21-Rv1087A
0.25609756097560976,msrA
0.2911392405063291,Rv0366c
0.23529411764705882,groEL2-Rv0441c
0.25609756097560976,fabH-menA
0.14285714285714285,mmpS5
0.3333333333333333,rsfA-Rv1366
0.203125,Rv1725c
0.27906976744186046,Rv2473
0.19672131147540983,Rv0236A
0.2857142857142857,Rv0299-vapB2
0.21212121212121213,Rv0385-Rv0386
0.3125,fadB2-umaA
0.2361111111111111,B55-Rv0610c
0.2,Rv0678
0.3283582089552239,Rv0825c-Rv0826
0.25925925925925924,Rv0883c-serC
0.19402985074626866,Rv0955-purN
0.36231884057971014,tatB-Rv1225c
0.24675324675324675,mcr3-rrs
0.2597402597402597,Rv1367c
0.2625,vapB11
0.2702702702702703,argF
0.29411764705882354,AS1726-Rv1727
0.23943661971830985,erg3
0.36065573770491804,Rv1913
0.24242424242424243,Rv1941-mazF5
0.3188405797101449,Rv1986-Rv1987
0.2857142857142857,Rv2141c
0.3150684931506849,Rv2146c
0.2676056338028169,Rv2172c-idsA2
0.3333333333333333,ptpA
0.25,Rv2252
0.2535211267605634,Rv2264c-Rv2265
0.23863636363636365,yjcE
0.225,Rv2413c
0.22535211267605634,Rv2420c
0.2,Rv2636
0.21311475409836064,dxr-vapB43
0.2564102564102564,lppX
0.25806451612903225,smpB
0.3026315789473684,cyp141-Rv3122
0.20833333333333334,PPE52-nuoA
0.16,Rv3168
0.3,Rv3188
0.3013698630136986,cut3
0.2962962962962963,Rv3485c
0.24705882352941178,mutY
0.25,mpr17
0.2602739726027397,Rv3672c
0.18840579710144928,dnaQ-Rv3712
0.1774193548387097,purH
0.2716049382716049,cysG-cobB
0.2602739726027397,ppdK-Rv1128c
0.2894736842105263,Rv0401-mmpL1
0.3888888888888889,Rv0449c
0.3620689655172414,Rv0695
0.2465753424657534,purH-Rv0958
0.36507936507936506,esxK
0.25862068965517243,gpgS
0.2698412698412698,Rv1481
0.3023255813953488,Rv1686c-Rv1687c
0.2808988764044944,eccA5-lppT
0.35294117647058826,vapC13
0.2345679012345679,pup
0.2857142857142857,Rv2184c-TB16.3
0.2857142857142857,glnA2
0.3333333333333333,glnA2-Rv2223c
0.17105263157894737,mbtC
0.2638888888888889,echA14
0.28125,hrp1
0.2112676056338028,Rv3208
0.22857142857142856,Rv3329
0.23943661971830985,Rv3371-otsB2
0.2564102564102564,tgs2-Rv3735
0.1791044776119403,Rv3829c-Rv3830c
0.30303030303030304,Rv0514
0.25609756097560976,ccdA
0.2878787878787879,Rv2983
0.2631578947368421,Rv1706A-Rv1707
0.2638888888888889,Rv3857c-gltD
0.2465753424657534,Rv2365c
0.2647058823529412,mcr-Rv1144
0.24615384615384617,cfp29
0.28,fbiC-TB8.4
0.24285714285714285,Rv1232c
0.2564102564102564,Rv2120c
0.21052631578947367,recO
0.2727272727272727,rne-ndkA
0.2676056338028169,fadE2
0.2,Rv0434-Rv0435c
0.323943661971831,trcR-Rv1034c
0.22413793103448276,Rv1443c-Rv1444c
0.3333333333333333,Rv1742
0.36363636363636365,aprB
0.30985915492957744,aroB
0.3,mtr
0.22972972972972974,rpsP
0.273972602739726,PPE28-PPE29
0.3037974683544304,acpA
0.2345679012345679,def-Rv0430
0.2727272727272727,Rv0560c
0.2463768115942029,Rv0785
0.20833333333333334,Rv0843
0.2054794520547945,sugC
0.16901408450704225,Rv1985c
0.3108108108108108,Rv2026c
0.3384615384615385,asnB
0.31666666666666665,nadD-Rv2422
0.288135593220339,Rv2781c
0.25882352941176473,ppa
0.2702702702702703,Rv3686c
0.28378378378378377,Rv3767c
0.3220338983050847,rplM-esxT
0.28205128205128205,Rv2803-Rv2804c
0.3780487804878049,Rv2597
0.21621621621621623,Rv2705c
0.25609756097560976,lytB1
0.36,Rv0072
0.3291139240506329,mymT
0.1875,Rv0303
0.21621621621621623,Rv0320
0.3380281690140845,Rv0430
0.24615384615384617,regX3
0.30985915492957744,cmaA2
0.2923076923076923,Rv0504c
0.27419354838709675,Rv0571c-Rv0572c
0.2676056338028169,recC-echA3
0.23943661971830985,rpfA-moaD2
0.2948717948717949,prrB
0.23529411764705882,rplY-lpqT
0.35802469135802467,narI
0.19736842105263158,bioA
0.19480519480519481,tesB1
0.25,Rv1732c
0.2441860465116279,Rv1744c
0.3181818181818182,Rv1817
0.28169014084507044,Rv1931c-tpx
0.26153846153846155,moeW
0.36507936507936506,hrcA-Rv2375
0.2830188679245283,Rv2452c
0.2077922077922078,citE
0.2753623188405797,hflX
0.2702702702702703,35kd_ag-clgR
0.2807017543859649,Rv2775
0.23809523809523808,Rv2884
0.24324324324324326,Rv2966c-pca
0.2535211267605634,gpdA2
0.2112676056338028,Rv3322c
0.2839506172839506,Rv3349c-PPE56
0.24,Rv3354
0.3246753246753247,PE_PGRS54-ilvX
0.2318840579710145,echA19
0.2727272727272727,PE_PGRS61-Rv3654c
0.2631578947368421,Rv3659c-Rv3660c
0.3235294117647059,lpqH
0.22784810126582278,hisC2
0.23880597014925373,Rv3818
0.21212121212121213,Rv1566c
0.2714285714285714,Rv0308
0.3013698630136986,pth
0.2786885245901639,metE
0.273972602739726,oxyR-ahpC
0.3333333333333333,Rv2520c
0.2903225806451613,Rv3768
0.2894736842105263,Rv0361
0.2830188679245283,menC
0.31746031746031744,rplE
0.2898550724637681,kmtR
0.2361111111111111,Rv1057
0.19117647058823528,glbN
0.3194444444444444,alaS
0.2602739726027397,PPE62-hsaF
0.3670886075949367,fucA
0.25333333333333335,Rv1112
0.32,ribA2
0.2777777777777778,Rv1456c
0.2465753424657534,Rv1628c
0.2911392405063291,tlyA
0.33766233766233766,Rv1778c
0.29213483146067415,rpiB-Rv2466c
0.3,pfkA
0.21212121212121213,Rv1363c
0.2702702702702703,Rv2323c
0.2878787878787879,hycD
0.18181818181818182,Rv0805
0.2289156626506024,Rv1118c
0.25,Rv2300c
0.2727272727272727,Rv2417c-Rv2418c
0.27848101265822783,cadI
0.2875,Rv2687c
0.3235294117647059,Rv0942
0.22058823529411764,Rv1219c
0.37142857142857144,pncB1-Rv1331
0.2972972972972973,Rv2134c
0.29508196721311475,wag31
0.2777777777777778,mcr7
0.26582278481012656,dnaN
0.26865671641791045,Rv2665
0.22077922077922077,dfrA
0.34375,ddlA
0.1896551724137931,alkB
0.20987654320987653,Rv3263-manB
0.24691358024691357,fbpD-fbpA
0.2535211267605634,rplK
0.275,mshD
0.2361111111111111,Rv1139c-Rv1140
0.24242424242424243,Rv1506c
0.2647058823529412,mihF
0.29850746268656714,ilvA
0.2463768115942029,argG
0.21951219512195122,mpa
0.1956521739130435,Rv2169c
0.2777777777777778,Rv2499c
0.25806451612903225,sigJ
0.22535211267605634,vapB46-Rv3386
0.22580645161290322,PE32-lpqG
0.35064935064935066,fadE35-Rv3798
0.3188405797101449,Rv0976c-PE_PGRS16
0.3333333333333333,galE1
0.2638888888888889,Rv3326-Rv3327
0.2833333333333333,pks16
0.29411764705882354,Rv1056
0.23376623376623376,Rv1856c
0.2112676056338028,modB
0.23943661971830985,Rv2304c
0.2923076923076923,Rv2345-esxO
0.3103448275862069,dhaA-hisS
0.23076923076923078,pimA
0.2153846153846154,Rv2806-Rv2807
0.2923076923076923,prfB
0.3253012048192771,Rv3212-Rv3213c
0.2602739726027397,Rv3437
0.25806451612903225,ligC
0.20270270270270271,Rv3752c
0.29850746268656714,mtc28
0.32894736842105265,Rv0738-Rv0739
0.3188405797101449,Rv2507
0.30158730158730157,aroF
0.2894736842105263,Rv1147
0.24242424242424243,Rv1726
0.32786885245901637,Rv2237A
0.2786885245901639,Rv2797c
0.20588235294117646,proU-glyV
0.2876712328767123,PE_PGRS2-pepA
0.29411764705882354,Rv0272c
0.22857142857142856,Rv0369c
0.28205128205128205,mbtL
0.2535211267605634,Rv2472
0.1917808219178082,Rv3034c-Rv3035
0.27941176470588236,PPE50-PPE51
0.2,Rv3194c
0.25675675675675674,metC
0.2702702702702703,Rv3520c-Rv3521
0.3484848484848485,Rv1546
0.2923076923076923,Rv1692
0.2857142857142857,ureF
0.2222222222222222,Rv1919c
0.2465753424657534,Rv0204c
0.26865671641791045,ggtB-Rv2395
0.25,Rv2614A
0.2972972972972973,end
0.2835820895522388,Rv0779c
0.29213483146067415,Rv0556
0.22058823529411764,Rv1254
0.3333333333333333,Rv1382
0.19480519480519481,Rv2418c
0.22950819672131148,lipN
0.27710843373493976,Rv3178
0.22857142857142856,Rv3483c-cpsA
0.2692307692307692,ftsW
0.19718309859154928,ephC
0.22413793103448276,Rv1414
0.2878787878787879,Rv2197c
0.22666666666666666,vapB16
0.18181818181818182,vapC19
0.29473684210526313,Rv2700
0.2328767123287671,Rv3137
0.265625,Rv0375c
0.22666666666666666,Rv0038-Rv0039c
0.22727272727272727,Rv3207c
0.19444444444444445,Rv3741c
0.25,rnpA
0.21666666666666667,cobG-cobH
0.2976190476190476,Rv0201c
0.18055555555555555,Rv2762c
0.3150684931506849,hemD
0.32,glyA1
0.15942028985507245,Rv3683-Rv3684
0.1839080459770115,Rv3120
0.22093023255813954,rfbD-Rv3784
0.25757575757575757,esxF-Rv3906c
0.3048780487804878,Rv0466
0.25316455696202533,Rv0523c
0.3484848484848485,moxR1
0.2804878048780488,Rv2242-fabD
0.3176470588235294,glnA4-mapB
0.3181818181818182,tmk
0.3055555555555556,Rv3851
0.20833333333333334,espG2
0.2261904761904762,Rv0787-Rv0787A
0.3287671232876712,purN
0.2753623188405797,Rv0108c-PE_PGRS1
0.2459016393442623,coaE-Rv1632c
0.19736842105263158,pntAb
0.3333333333333333,apa
0.21428571428571427,Rv2182c
0.2727272727272727,Rv2296
0.2631578947368421,Rv2337c
0.27956989247311825,dgt
0.2465753424657534,Rv2417c
0.16129032258064516,eccD4
0.18181818181818182,lpqS
0.21333333333333335,cfp2
0.26136363636363635,echA5
0.22784810126582278,Rv1044
0.2753623188405797,Rv1473
0.21333333333333335,Rv1812c
0.3064516129032258,lexA
0.22058823529411764,Rv3134c
0.2463768115942029,PE_PGRS41-cysA1
0.25,Rv0998
0.25806451612903225,tkt
0.26666666666666666,Rv1772-Rv1773c
0.2911392405063291,cysQ
0.2535211267605634,fabD
0.24358974358974358,dxs1
0.2835820895522388,Rv3679
0.22666666666666666,Rv0332
0.2676056338028169,prpD
0.32051282051282054,sugC-corA
0.208955223880597,Rv1432
0.3181818181818182,pckA
0.3181818181818182,Rv2283
0.20270270270270271,rplU-dctA
0.2876712328767123,Rv2997
0.3387096774193548,accA3
0.1917808219178082,aftA
0.2835820895522388,glpQ1
0.2911392405063291,vapB31
0.3,rpsN1
0.26666666666666666,Rv1591-Rv1592c
0.21311475409836064,Rv1697
0.26506024096385544,Rv0007
0.3246753246753247,lysA
0.23728813559322035,fadD12
0.19230769230769232,fadD11.1
0.3088235294117647,bioF1
0.20634920634920634,viuB
0.36231884057971014,Rv0397-Rv0397A
0.22535211267605634,mmuM
0.22093023255813954,nat
0.23943661971830985,Rv0870c-cspB
0.3333333333333333,Rv1000c-arcA
0.2535211267605634,greA-Rv1081c
0.2857142857142857,irtB-fabG2
0.1875,lppT-PPE28
0.22666666666666666,dop-Rv2113
0.23809523809523808,Rv2177c-aroG
0.23170731707317074,Rv2438A
0.3780487804878049,Rv2484c-lipQ
0.20967741935483872,fpg-rnc
0.19753086419753085,adhD
0.28378378378378377,pmmA
0.2972972972972973,accD5
0.24324324324324326,Rv0208c-Rv0209
0.2702702702702703,Rv1373-Rv1374c
0.2962962962962963,Rv1486c
0.2608695652173913,Rv1567c
0.24,Rv1626-Rv1627c
0.2711864406779661,Rv1671
0.2714285714285714,sigB
0.3,Rv3195
0.3442622950819672,Rv3677c
0.28125,Rv1137c
0.22058823529411764,hemK
0.29850746268656714,moxR2-Rv3693
0.2261904761904762,pbpA
0.2727272727272727,icd2
0.25396825396825395,pepA-treS
0.22950819672131148,clpB-Rv0385
0.25757575757575757,Rv0541c
0.2727272727272727,Rv0579
0.25,Rv0997
0.28378378378378377,desA2
0.18840579710144928,Rv1534
0.16666666666666666,trpC
0.2638888888888889,Rv2282c-Rv2283
0.36764705882352944,Rv2422
0.2222222222222222,Rv2695-Rv2696c
0.31746031746031744,echA17
0.2702702702702703,Rv3049c
0.27941176470588236,gshA
0.29310344827586204,serU
0.3116883116883117,Rv1002c
0.273972602739726,metB-greA
0.23529411764705882,glnA3
0.24675324675324675,Rv1401
0.3013698630136986,Rv2240c-aceE
0.24324324324324326,Rv2731
0.208955223880597,hsaF
0.328125,rplO-sppA
0.16923076923076924,Rv0540
0.3333333333333333,Rv1024
0.14035087719298245,mpr12
0.25882352941176473,Rv3034c
0.24,Rv3683
0.25396825396825395,udgB
0.2222222222222222,plcB-plcA
0.21428571428571427,PE_PGRS40-Rv2372c
0.18888888888888888,nudC-Rv3200c
0.3269230769230769,Rv0401
0.21739130434782608,dapC-fadA
0.27941176470588236,lpqV-Rv1065
0.2112676056338028,Rv1424c
0.18055555555555555,lppC-fadB5
0.22727272727272727,Rv2361c
0.21212121212121213,rpsB-Rv2891
0.21428571428571427,Rv3717-Rv3718c
0.3048780487804878,Rv2613c
0.3620689655172414,Rv0817c-Rv0818
0.2112676056338028,rpsR2
0.2361111111111111,Rv0828c
0.25,Rv1101c
0.19696969696969696,TB8.4
0.2835820895522388,Rv2060
0.15151515151515152,Rv2733c-Rv2734
0.3333333333333333,dipZ-mpt70
0.2441860465116279,Rv3073c
0.2328767123287671,Rv3531c-PPE61
0.2,pirG-Rv3811
0.27692307692307694,iunH-Rv3394c
0.14285714285714285,Rv0999
0.203125,cydB
0.2702702702702703,Rv1897c
0.24096385542168675,Rv1977-Rv1978
0.2,vapB19
0.2972972972972973,Rv2600
0.2826086956521739,Rv3013
0.23529411764705882,Rv3603c-Rv3604c
0.29850746268656714,sodC
0.3076923076923077,pqqE
0.3116883116883117,Rv2324-Rv2325c
0.1746031746031746,Rv0023
0.28125,htdZ
0.30357142857142855,Rv0385
0.2911392405063291,gltA2
0.19402985074626866,Rv1592c-Rv1593c
0.2608695652173913,Rv1776c-cyp144
0.2878787878787879,Rv1961
0.2711864406779661,tatC
0.18055555555555555,Rv2119
0.2916666666666667,proA
0.20689655172413793,dapF
0.2465753424657534,vapB23
0.208955223880597,ligB-cstA
0.3561643835616438,amiD-Rv3376
0.22388059701492538,glf-pirG
0.2698412698412698,papA2-Rv3821
0.2638888888888889,Rv0530A
0.273972602739726,fdxD-fadE26
0.25,Rv3780
0.3108108108108108,Rv0188
0.38333333333333336,Rv0263c-Rv0264c
0.35135135135135137,vapC2
0.32051282051282054,Rv1273c-lprB
0.3333333333333333,Rv1322A-fadA4
0.3,Rv1762c
0.3013698630136986,argW-echA14
0.32,Rv0318c
0.2972972972972973,argB
0.24193548387096775,Rv2166c
0.2923076923076923,Rv0394c
0.2682926829268293,pncB2
0.2125,Rv2219
0.2702702702702703,Rv3831
0.3076923076923077,Rv1271c
0.22058823529411764,glnB
0.2571428571428571,Rv3224A
0.2972972972972973,fadD21-Rv1186c
0.273972602739726,Rv2767c-PPE43
0.34285714285714286,fabG3
0.2631578947368421,Rv0726c-fucA
0.28169014084507044,fhaB-fhaA
0.19047619047619047,Rv0047c
0.15492957746478872,Rv0108c
0.18666666666666668,Rv0312-Rv0313
0.25925925925925924,pyrE
0.2777777777777778,lprQ
0.3283582089552239,hemB
0.2631578947368421,Rv0566c-tyrT
0.2682926829268293,vapC8
0.21518987341772153,Rv0901
0.2777777777777778,Rv0947c
0.3125,mscL-Rv0986
0.175,Rv1049-Rv1050
0.30120481927710846,lytB2
0.22950819672131148,Rv1685c
0.30303030303030304,vapB13
0.2631578947368421,pafC
0.25,Rv2401A-Rv2402
0.34210526315789475,Rv2737A
0.2631578947368421,dapA
0.39436619718309857,hsdS
0.2,pyrH
0.32432432432432434,Rv3031
0.19444444444444445,Rv3136A-Rv3137
0.36904761904761907,Rv3210c-rhlE
0.3246753246753247,Rv3268-Rv3269
0.26666666666666666,Rv3453-Rv3454
0.22784810126582278,PPE60-Rv3479
0.18055555555555555,fadE28
0.2891566265060241,folP1
0.2054794520547945,Rv3695-glpK
0.19696969696969696,esxD-PPE69
0.2972972972972973,Rv3916c-parB
0.2777777777777778,trcR
0.29577464788732394,coaA
0.23684210526315788,Rv1930c
0.3582089552238806,Rv3267
0.189873417721519,Rv3468c
0.3246753246753247,Rv0966c-csoR
0.3013698630136986,Rv1706A
0.28,Rv1906c
0.36363636363636365,Rv1929c-Rv1930c
0.3333333333333333,Rv3333c
0.19230769230769232,sodA-Rv3847
0.19696969696969696,Rv1499
0.28169014084507044,aceE
0.16417910447761194,eccE3
0.22727272727272727,fas-Rv2525c
0.18333333333333332,Rv0730
0.2839506172839506,Rv1290A-Rv1291c
0.31666666666666665,Rv2360c
0.25,espR
0.3235294117647059,Rv1588c-bioB
0.26666666666666666,hemE
0.3125,Rv3209
0.2535211267605634,Rv3415c
0.208955223880597,Rv1516c
0.2159090909090909,Rv2219A
0.2465753424657534,upp
0.21333333333333335,Rv3435c
0.2463768115942029,Rv3690
0.27380952380952384,Rv1268c
0.23529411764705882,Rv1990c
0.23636363636363636,fhaB
0.2876712328767123,echA9
0.2112676056338028,Rv1216c
0.25675675675675674,Rv1276c-Rv1277
0.352112676056338,lprG
0.2631578947368421,pheT-PE_PGRS30
0.26744186046511625,Rv1987
0.2564102564102564,murX
0.2753623188405797,lipP
0.2318840579710145,Rv2635
0.2878787878787879,ephG
0.14666666666666667,Rv3005c
0.2625,whiB7-uvrD2
0.32,Rv3218-whiB1
0.28735632183908044,sdhB
0.25555555555555554,Rv3538
0.23529411764705882,cysS1
0.22950819672131148,mpr18-PE_PGRS60
0.23076923076923078,Rv1544
0.3114754098360656,Rv0199
0.24561403508771928,glpQ2
0.24096385542168675,Rv1682-Rv1683
0.29577464788732394,espD-espC
0.2328767123287671,Rv3166c
0.2638888888888889,mku-ligD
0.30303030303030304,Rv1097c
0.25675675675675674,Rv3843c-MTS2975
0.2077922077922078,murG
0.3333333333333333,cysK1
0.203125,Rv2525c
0.25806451612903225,Rv2771c
0.25,mgtA
0.2647058823529412,Rv0048c-Rv0049
0.2125,Rv2695
0.23880597014925373,PPE3-Rv0281
0.30666666666666664,mmaA2-mmaA1
0.16923076923076924,pip-Rv0841
0.2,fadD16
0.24615384615384617,lprJ
0.25,Rv2033c-Rv2034
0.34523809523809523,Rv2219A-glnA1
0.27941176470588236,Rv2390c
0.16883116883116883,Rv3058c
0.2647058823529412,Rv3217c
0.26865671641791045,qor
0.2727272727272727,Rv2282c
0.19402985074626866,PE4-Rv0161
0.2857142857142857,mmpS1-fadD30
0.225,moeA2-Rv0439c
0.23170731707317074,Rv0580c-vapB26
0.18333333333333332,Rv0730-Rv0731c
0.25,trcS-trcR
0.15,Rv1351
0.28,eccA5
0.24,Rv1976c
0.2361111111111111,mazE7
0.2191780821917808,gcvT
0.2112676056338028,Rv2235
0.2839506172839506,vapC41
0.20634920634920634,recA
0.2361111111111111,tsf
0.2987012987012987,mmr
0.265625,glfT2
0.313953488372093,Rv3368c
0.21666666666666667,thiD-thiC
0.1956521739130435,Rv0561c
0.3684210526315789,Rv0420c
0.323943661971831,Rv2927c-tesA
0.3055555555555556,Rv0310c
0.19718309859154928,Rv0898c-ompA
0.20512820512820512,Rv1085c
0.17333333333333334,dapE
0.2962962962962963,acn
0.27631578947368424,argC
0.2537313432835821,Rv2621c-Rv2622
0.2948717948717949,Rv2956-Rv2957
0.20634920634920634,esxQ
0.26666666666666666,Rv3123
0.25757575757575757,lpqD
0.30434782608695654,eccB5
0.23728813559322035,Rv0203-Rv0204c
0.35526315789473684,Rv2506
0.2054794520547945,groEL1
0.24675324675324675,Rv0696
0.2571428571428571,rpsH
0.275,fbpC
0.27906976744186046,Rv0227c
0.25,Rv0518
0.3170731707317073,menA
0.36764705882352944,ompA
0.26666666666666666,rpsO-ribF
0.24731182795698925,truA-rplQ
0.26582278481012656,ilvC
0.36046511627906974,Rv0148
0.3150684931506849,Rv0839
0.20987654320987653,Rv0919
0.23880597014925373,Rv1780
0.2413793103448276,apa-Rv1861
0.23076923076923078,Rv2269c
0.2535211267605634,sirA
0.2235294117647059,cysA1
0.2619047619047619,Rv2409c
0.27419354838709675,ldtB-lysU
0.2875,Rv3035
0.2465753424657534,Rv3162c
0.323943661971831,fic
0.2571428571428571,Rv1312
0.328125,Rv0454
0.2727272727272727,Rv3767c-Rv3768
0.2361111111111111,Rv2459
0.21839080459770116,lpqO-Rv0605
0.30985915492957744,manB
0.27692307692307694,Rv3613c-espD
0.2328767123287671,mce1C
0.2459016393442623,Rv0880
0.2361111111111111,hisF
0.296875,Rv1265
0.2876712328767123,guaB3
0.18421052631578946,cysD
0.24096385542168675,Rv3342
0.1875,Rv2645
0.2608695652173913,Rv3631
0.25757575757575757,gpm1
0.33783783783783783,rskA-sigK
0.3023255813953488,gpdA1-Rv0565c
0.34782608695652173,celA2b-PE_PGRS22
0.296875,gpgS-Rv1209
0.20833333333333334,Rv1424c-Rv1425
0.3064516129032258,trpC-trpB
0.2631578947368421,Rv1638A
0.36363636363636365,yajC
0.3194444444444444,Rv3172c
0.3,Rv3364c
0.2236842105263158,dnaZX
0.36507936507936506,Rv0135c-cyp138
0.3548387096774194,Rv0841
0.24358974358974358,Rv1422
0.33766233766233766,glbN-Rv1543
0.28,Rv1669
0.29333333333333333,cobD
0.26373626373626374,Rv1049
0.25,purL
0.3088235294117647,aceAb-PPE34
0.2682926829268293,cpsA
0.1917808219178082,rpsN2
0.18888888888888888,nuoE
0.2987012987012987,serC
0.23076923076923078,vapC14
0.2375,Rv0161-adhE1
0.27941176470588236,Rv0787A
0.20967741935483872,ephG-PE_PGRS47
0.28169014084507044,Rv3099c
0.30434782608695654,Rv3541c
0.25806451612903225,Rv2146c-Rv2147c
0.2716049382716049,thrU-Rv3644c
0.19117647058823528,Rv3661
0.2,hadC-trpT
0.21951219512195122,dxs1-Rv2683
0.25925925925925924,Rv3213c
0.2631578947368421,pstP-fhaB
0.19736842105263158,Rv0965c
0.23809523809523808,nanT-Rv1903
0.3088235294117647,cysE-Rv2336
0.27941176470588236,Rv3284
0.2727272727272727,espD
0.2835820895522388,espL
0.2923076923076923,trxC
0.21428571428571427,Rv2688c-Rv2689c
0.25842696629213485,Rv1776c
0.18571428571428572,Rv2811
0.33766233766233766,Rv0078B-Rv0079
0.3170731707317073,Rv0268c
0.2413793103448276,PPE12-Rv0755A
0.2602739726027397,Rv1906c-Rv1907c
0.25806451612903225,wbbL1
0.24,Rv0383c
0.2962962962962963,purC
0.18666666666666668,MTS1082-Rv1375
0.18666666666666668,Rv1772
0.24,Rv2292c
0.2289156626506024,rbfA
0.2857142857142857,aroE
0.1780821917808219,Rv1135A
0.2545454545454545,ruvA
0.29411764705882354,rsbW
0.3235294117647059,mrr-Rv2529
0.24324324324324326,canB
0.2857142857142857,prfB-fprA
0.25,Rv0348
0.25,Rv0610c-Rv0611c
0.23333333333333334,tcrX
0.2602739726027397,PPE8-Rv0356c
0.2191780821917808,Rv2102
0.2765957446808511,dedA
0.26666666666666666,Rv3242c
0.26582278481012656,Rv1831
0.16455696202531644,pheS
0.2625,Rv2765-Rv2766c
0.2923076923076923,yrbE4A
0.2894736842105263,nrdI
0.3088235294117647,murB-lprQ
0.3333333333333333,Rv0268c-Rv0269c
0.13513513513513514,fabG4-fadA2
0.33766233766233766,Rv0829-Rv0830
0.24358974358974358,Rv2664-Rv2665
0.36470588235294116,TB9.4-Rv3209
0.2876712328767123,mctB
0.17391304347826086,Rv3312A
0.2375,Rv1100
0.29411764705882354,Rv0307c
0.22727272727272727,dprE2
0.3287671232876712,grcC1-htpX
0.2463768115942029,vapB43
0.2361111111111111,Rv3013-ligA
0.25675675675675674,fadE30
0.2625,ask-leuA
0.3218390804597701,pknE-Rv1744c
0.2602739726027397,nuoB
0.34782608695652173,Rv3548c
0.3220338983050847,Rv0948c-uvrD1
0.2911392405063291,tagA-Rv1211
0.22826086956521738,lpqX-mrp
0.26582278481012656,Rv1367c-lprF
0.2602739726027397,inhA
0.13157894736842105,helZ-Rv2102
0.2894736842105263,wag31-Rv2146c
0.25,ahpE
0.26785714285714285,Rv2469c-glbO
0.23170731707317074,Rv2672-aftC
0.32894736842105265,Rv2776c-Rv2777c
0.2602739726027397,Rv2912c
0.22972972972972974,ftsY
0.34210526315789475,eccCb1
0.3108108108108108,hemZ
0.24675324675324675,Rv1581c-Rv1582c
0.23636363636363636,aspS
0.24358974358974358,Rv0463
0.19767441860465115,mazE1
0.35294117647058826,gcvH-garA
0.26666666666666666,Rv0500A
0.234375,Rv0607
0.2465753424657534,lpqR-Rv0839
0.33962264150943394,fadD17-PE_PGRS53
0.3333333333333333,mazE1-Rv0457c
0.25,rrf-ogt
0.23684210526315788,coaE
0.2,Rv1691
0.3333333333333333,PPE33-Rv1810
0.3170731707317073,Rv2307A-Rv2307B
0.16417910447761194,nrp-Rv0102
0.3188405797101449,Rv1626
0.36764705882352944,Rv2076c
0.23076923076923078,Rv0232
0.2727272727272727,mazE2
0.32857142857142857,fadD14-Rv1059
0.23076923076923078,Rv3693-Rv3694c
0.1527777777777778,vapC29
0.22950819672131148,PE25-Rv2432c
0.24074074074074073,Rv2664
0.2682926829268293,nicT
0.2361111111111111,Rv2963-purU
0.24,dppC
0.2545454545454545,Rv3816c
0.2318840579710145,eccA3
0.23076923076923078,Rv0049-ponA1
0.38571428571428573,cut2-Rv2302
0.28,asnT
0.32098765432098764,mmpS4
0.3548387096774194,mmpL13b
0.22666666666666666,Rv1748
0.2236842105263158,vapB35
0.2564102564102564,Rv1990c-Rv1990A
0.3194444444444444,Rv2827c
0.3150684931506849,Rv3359
0.3170731707317073,panD
0.2698412698412698,argD
0.171875,phoH2
0.21739130434782608,Rv1200
0.26436781609195403,TB16.3
0.3,iscS
0.21621621621621623,Rv3292
0.234375,prrA-accD3
0.2465753424657534,Rv0196
0.345679012345679,vapC44
0.32142857142857145,Rv1245c
0.23863636363636365,Rv2842c
0.2857142857142857,Rv0600c
0.2638888888888889,panB-Rv2226
0.3026315789473684,Rv3213c-gpm2
0.29850746268656714,Rv3271c
0.2222222222222222,Rv3732-Rv3733c
0.28169014084507044,Rv1496
0.2676056338028169,Rv2306B
0.27058823529411763,aroK
0.31645569620253167,Rv0367c-Rv0368c
0.33766233766233766,rplP
0.31746031746031744,canA
0.28205128205128205,Rv1786-PPE25
0.25301204819277107,vapB13-PE_PGRS34
0.2,Rv2012
0.2542372881355932,dxr
0.37037037037037035,Rv3440c
0.19672131147540983,mhpE
0.323943661971831,Rv0008c-ppiA
0.26865671641791045,Rv0743c
0.3088235294117647,papA4
0.22580645161290322,Rv0039c
0.23809523809523808,sugB
0.109375,Rv1276c
0.3188405797101449,Rv2454c
0.189873417721519,Rv2466c-pepN
0.2857142857142857,secD-yajC
0.34375,Rv3896c-Rv3897c
0.2463768115942029,PPE56-Rv3351c
0.1590909090909091,Rv3720
0.2833333333333333,Rv0799c-pepC
0.23170731707317074,sigE-mpr6
0.35064935064935066,Rv3295
0.2875,Rv1504c-Rv1505c
0.23684210526315788,Rv3258c
0.20967741935483872,Rv1520-fadD25
0.24719101123595505,Rv1861-adhA
0.296875,Rv1065
0.3064516129032258,pafA
0.25316455696202533,proU
0.27586206896551724,Rv3197-whiB7
0.2361111111111111,Rv3352c
0.23943661971830985,Rv0650-rplJ
0.29310344827586204,Rv3542c
0.21794871794871795,emrB-Rv0784
0.25,Rv1104
0.26744186046511625,fadD3
0.25806451612903225,Rv0123
0.2727272727272727,Rv0221-echA1
0.2948717948717949,Rv2186c-fadD15
0.2987012987012987,Rv2325c
0.2727272727272727,Rv2639c-Rv2640c
0.3787878787878788,Rv3190A-Rv3191c
0.26666666666666666,mtc28-leuS
0.24074074074074073,cmtR
0.25,PE_PGRS47-Rv2742c
0.2375,Rv0740
0.2,cyp132-Rv1395
0.22058823529411764,Rv2619c
0.171875,sigB-ideR
0.21875,ald
0.2537313432835821,Rv2792c-truB
0.2459016393442623,whiB1
0.2777777777777778,otsB2-echA18
0.26865671641791045,cobQ2
0.19117647058823528,Rv2698
0.26582278481012656,entC
0.2727272727272727,Rv3605c
0.3582089552238806,lprO-Rv0180c
0.28865979381443296,Rv0926c
0.27631578947368424,pyrF
0.2318840579710145,Rv2054-rpsR2
0.34210526315789475,pdxH-PPE42
0.30158730158730157,dacB1-sugI
0.2318840579710145,csoR
0.2777777777777778,gmdA
0.25757575757575757,Rv2406c
0.38028169014084506,cyp135B1-Rv0569
0.24358974358974358,Rv0106
0.1794871794871795,Rv1084-Rv1085c
0.2602739726027397,Rv1558
0.23636363636363636,Rv2260-Rv2261c
0.3076923076923077,gatC
0.23333333333333334,Rv3802c
0.34146341463414637,vapC11
0.23880597014925373,Rv3066
0.21428571428571427,pcaA
0.2676056338028169,PE33-Rv3651
0.29213483146067415,Rv0793-Rv0794c
0.22666666666666666,Rv0559c
0.2676056338028169,Rv0885
0.23529411764705882,mpt64-nrdF1
0.2948717948717949,Rv2951c-Rv2952
0.2619047619047619,Rv3488
0.25882352941176473,Rv1954c
0.1794871794871795,Rv1176c
0.18055555555555555,Rv3813c
0.17142857142857143,Rv2767c
0.3037974683544304,Rv2599-Rv2600
0.32432432432432434,aftC-msrB
0.32075471698113206,Rv0421c
0.2638888888888889,Rv1366A
0.2702702702702703,Rv2651c-Rv2652c
0.323943661971831,nrdE-nrdI
0.32786885245901637,Rv3659c
0.25,pknF-Rv1747
0.2702702702702703,Rv1075c-lipU
0.2987012987012987,Rv2190c-Rv2191
0.2328767123287671,PPE45-Rv2893
0.30666666666666664,Rv3346c
0.2727272727272727,Rv3726-Rv3727
0.2597402597402597,mmpS3
0.24324324324324326,Rv1321
0.3384615384615385,Rv2432c
0.31645569620253167,vapB33
0.2564102564102564,Rv3098c
0.28169014084507044,Rv3363c
0.23076923076923078,Rv3644c
0.3076923076923077,Rv1203c
0.2972972972972973,thyX
0.27941176470588236,Rv3675
0.4025974025974026,Rv3675-crp
0.2972972972972973,mtrA
0.26582278481012656,psd-moeA2
0.25609756097560976,Rv0488-gpm1
0.18571428571428572,Rv0990c-Rv0991c
0.23529411764705882,Rv2288
0.2608695652173913,bcp
0.2714285714285714,Rv2738c
0.3142857142857143,virS-Rv3083
0.3090909090909091,groEL1-groES
0.25333333333333335,murA
0.17647058823529413,cut4
0.2073170731707317,Rv3553
0.2631578947368421,rpsS
0.18571428571428572,Rv0769
0.23529411764705882,rbsK-Rv2437
0.24175824175824176,gadB-Rv3433c
0.2028985507246377,Rv2061c-cobN
0.3333333333333333,esxC
0.2727272727272727,Rv1590
0.36231884057971014,deoA
0.30952380952380953,Rv3253c
0.3287671232876712,Rv0250c
0.2948717948717949,mca
0.28,Rv1466-fadE15
0.25333333333333335,Rv1571-Rv1572c
0.2857142857142857,glnA1-glnE
0.31666666666666665,pdxH
0.2261904761904762,Rv2640c-cadI
0.19753086419753085,PE_PGRS8-Rv0743c
0.3076923076923077,fadA3-Rv1075c
0.3472222222222222,cyp143-Rv1786
0.22972972972972974,Rv2762c-dfrA
0.24528301886792453,relF
0.34615384615384615,groES-gcp
0.34210526315789475,ctpJ-nmtR
0.2702702702702703,Rv1066
0.21794871794871795,Rv2954c-Rv2955c
0.19047619047619047,mutT1
0.22388059701492538,Rv0061c-celA1
0.2558139534883721,Rv0328
0.32432432432432434,rplB
0.35135135135135137,rimM
0.2987012987012987,vapB1
0.14084507042253522,Rv2859c
0.2911392405063291,Rv2961-Rv2962c
0.3466666666666667,murI
0.3194444444444444,Rv2285-Rv2286c
0.36923076923076925,Rv2739c-ephG
0.30666666666666664,Rv3575c-lppH
0.3235294117647059,Rv0383c-clpB
0.25316455696202533,Rv2041c
0.15714285714285714,rubA
0.2727272727272727,Rv3365c-spoU
0.1388888888888889,hsaB
0.3333333333333333,Rv3643
0.23880597014925373,hsdS.1
0.21621621621621623,rrl-rrf
0.2857142857142857,PE_PGRS32-Rv1804c
0.2159090909090909,Rv0521
0.16901408450704225,cpsY-Rv0807
0.21686746987951808,Rv3312c-Rv3312A
0.21686746987951808,idsA2
0.175,Rv0822c-Rv0823c
0.3333333333333333,metS-tatD
0.2894736842105263,TB15.3
0.2727272727272727,fadE19
0.32857142857142857,Rv3235-Rv3236c
0.26229508196721313,gluT-aspT
0.25882352941176473,Rv3098A
0.3076923076923077,serC-Rv0885
0.36507936507936506,polA-rpsA
0.21875,Rv1749c
0.19047619047619047,ribD
0.38028169014084506,gltA2-Rv0897c
0.3125,tpi
0.32142857142857145,B55
0.22666666666666666,rplD
0.29577464788732394,PE_PGRS11-PPE12
0.30985915492957744,Rv0941c
0.27631578947368424,PE_PGRS43-Rv2491
0.20253164556962025,Rv3632
0.28169014084507044,hns
0.25675675675675674,esxA
0.17543859649122806,Rv0412c-mutT3
0.3116883116883117,Rv0739-Rv0740
0.2638888888888889,Rv2742c
0.33766233766233766,glpD2
0.2361111111111111,Rv2254c
0.18309859154929578,Rv0042c-Rv0043c
0.25301204819277107,PPE49-Rv3126c
0.23809523809523808,uvrD2-Rv3198A
0.27848101265822783,Rv1863c
0.14666666666666667,fdxD
0.36923076923076925,Rv0744c
0.2268041237113402,Rv1313c-Rv1314c
0.32432432432432434,pgk
0.3150684931506849,Rv3205c-moeB1
0.2857142857142857,pstA2
0.2602739726027397,Rv1635c-TB15.3
0.2676056338028169,clpP1
0.2222222222222222,Rv0195
0.25609756097560976,Rv1813c-erg3
0.21333333333333335,Rv2272
0.2972972972972973,rpsT
0.24324324324324326,pnp
0.24,Rv1120c-zwf1
0.22972972972972974,ssr-Rv3099c
0.2608695652173913,trmD
0.2765957446808511,rplI
0.3048780487804878,sigL
0.2948717948717949,Rv3434c
0.288135593220339,fgd2-Rv0133
0.2982456140350877,Rv0238-vapB24
0.2923076923076923,Rv1974
0.23943661971830985,Rv2581c
0.22077922077922077,Rv0150c
0.25842696629213485,Rv0526
0.25,sucD-Rv0953c
0.2564102564102564,fadD36-Rv1194c
0.1746031746031746,frr
0.3108108108108108,cyp136
0.24615384615384617,Rv3095
0.25,Rv1632c
0.25925925925925924,Rv1989c
0.14285714285714285,glgE-glgP
0.28378378378378377,Rv3070
0.2676056338028169,devR
0.20689655172413793,Rv1116A-Rv1117
0.21428571428571427,ideR
0.2878787878787879,PPE58-Rv3427c
0.20253164556962025,PPE2-Rv0257
0.2441860465116279,Rv0047c-Rv0048c
0.2459016393442623,Rv0625c-vapB5
0.2833333333333333,end-lpqP
0.34177215189873417,ribC-Rv1413
0.28205128205128205,Rv1670
0.16393442622950818,esxN
0.19402985074626866,Rv2728c
0.2698412698412698,moaD1
0.3125,Rv3748
0.2702702702702703,vapC24
0.34328358208955223,Rv2803
0.20512820512820512,Rv0122
0.2571428571428571,Rv0200
0.21875,gpm1-senX3
0.2857142857142857,Rv0658c-mazF2
0.3230769230769231,Rv0970-echA7
0.2571428571428571,echA11
0.17567567567567569,mcr10
0.24390243902439024,Rv1632c-uvrB
0.26785714285714285,pfkB-Rv2030c
0.20930232558139536,mbtB-mbtA
0.32926829268292684,rpfE-Rv2451
0.2972972972972973,Rv2569c
0.23333333333333334,Rv2617c
0.3218390804597701,sdhD-sdhA
0.323943661971831,nagA-Rv3333c
0.2804878048780488,mce4B
0.21686746987951808,ethA-ethR
0.20689655172413793,Rv0488
0.27380952380952384,blaI-Rv1847
0.3333333333333333,panC
0.38333333333333336,thyA-Rv2765
0.3380281690140845,PPE10-Rv0443
0.2857142857142857,mmpS2
0.22058823529411764,Rv1155-Rv1156
0.3125,Rv2721c-Rv2722
0.2916666666666667,Rv2161c-PE_PGRS38
0.27941176470588236,Rv1134
0.2318840579710145,relJ
0.2153846153846154,Rv3915-Rv3916c
0.2236842105263158,Rv0364
0.2839506172839506,aprA-aprB
0.373134328358209,Rv0912
0.2727272727272727,lpqV
0.34523809523809523,Rv1535-ileS
0.2916666666666667,Rv0963c-Rv0964c
0.203125,chaA
0.2602739726027397,Rv2324
0.208955223880597,dnaG-dgt
0.27941176470588236,Rv3143
0.296875,tmk-sahH
0.20833333333333334,Rv3629c
0.25316455696202533,fadD4-fadE3
0.3770491803278688,serB1-mmpS2
0.3424657534246575,prrA
0.32098765432098764,PE_PGRS29-ctpD
0.2345679012345679,Rv2025c-Rv2026c
0.3333333333333333,cobL-Rv2073c
0.2753623188405797,Rv2451-Rv2452c
0.25757575757575757,TB22.2
0.24615384615384617,argG-argH
0.3492063492063492,Rv3717
0.2835820895522388,ansA-lspA
0.2857142857142857,Rv1723-Rv1724c
0.18666666666666668,Rv3706c
0.234375,Rv0634A
0.25316455696202533,Rv0799c
0.31868131868131866,rimJ-Rv0996
0.2972972972972973,Rv1703c
0.15254237288135594,vapB41
0.20689655172413793,Rv2795c-lppV
0.2786885245901639,Rv2970A
0.23529411764705882,vapB7
0.3191489361702128,Rv0180c-Rv0181c
0.2571428571428571,Rv0470A
0.29850746268656714,Rv0323c-Rv0324
0.20588235294117646,purA-Rv0358
0.22727272727272727,irtB
0.31645569620253167,fadA4-Rv1324
0.23529411764705882,Rv2280-pitB
0.27631578947368424,Rv0141c
0.17721518987341772,rplF
0.2647058823529412,cut1-wag22
0.22580645161290322,icd1-metC
0.22058823529411764,Rv2915c
0.3125,Rv3222c
0.17567567567567569,ctaB-PE_PGRS28
0.22077922077922077,snoP
0.1780821917808219,Rv0226c-Rv0227c
0.203125,Rv0615
0.29508196721311475,Rv1043c-Rv1044
0.2153846153846154,Rv1271c-Rv1272c
0.30985915492957744,Rv1513
0.2236842105263158,Rv1668c-Rv1669
0.24324324324324326,Rv2326c-Rv2327
0.2647058823529412,Rv2401A
0.2463768115942029,cspA-Rv3649
0.19736842105263158,Rv3811-PE_PGRS62
0.2647058823529412,gcvB-Rv1833c
0.26506024096385544,Rv2415c-eis
0.23076923076923078,rpsR1
0.24615384615384617,Rv2771c-Rv2772c
0.2875,Rv1829
0.2375,nirD
0.37142857142857144,Rv0464c
0.3023255813953488,Rv2862c
0.22077922077922077,Rv3183
0.3333333333333333,Rv3647c
0.2962962962962963,Rv3789-dprE1
0.22666666666666666,cysA2
0.3382352941176471,sigE
0.3132530120481928,rplS
0.28,Rv1725c-Rv1726
0.23529411764705882,Rv1855c-Rv1856c
0.2716049382716049,PE_PGRS33-bacA
0.22413793103448276,erm(37)
0.18181818181818182,Rv3472
0.2375,Rv0521-gabP
0.24390243902439024,Rv0925c-Rv0926c
0.2318840579710145,Rv0204c-Rv0205
0.2564102564102564,clpP2
0.2619047619047619,cysA3
0.17647058823529413,Rv3216
0.31666666666666665,Rv3529c
0.22580645161290322,Rv3632-Rv3633
0.29850746268656714,Rv1083
0.2222222222222222,modA
0.25,Rv2260
0.26582278481012656,Rv2331
0.25,Rv2704
0.23255813953488372,vapC42
0.20238095238095238,PPE68-esxB
0.22857142857142856,phoH2-Rv1096
0.1232876712328767,Rv0460-Rv0461
0.3728813559322034,Rv2369c
0.2463768115942029,Rv2709-sigB
0.21428571428571427,nrdF1
0.23376623376623376,Rv2636-dedA
0.30864197530864196,canA-cysD
0.24175824175824176,Rv2766c
0.3333333333333333,Rv0249c
0.27058823529411763,fadA4
0.29310344827586204,tyrS-G2
0.2571428571428571,leuC-Rv2989
0.2727272727272727,relG
0.23684210526315788,purM
0.3484848484848485,Rv1887-Rv1888c
0.3225806451612903,Rv1593c
0.25757575757575757,fadE23-fadB4
0.25316455696202533,Rv2844
0.30985915492957744,atpC
0.2702702702702703,kstR
0.2948717948717949,Rv0968-ctpV
0.17142857142857143,PPE44-Rv2771c
0.28735632183908044,leuS-Rv0042c
0.22727272727272727,Rv0089-Rv0090
0.2857142857142857,Rv0813c-sseC2
0.3333333333333333,mmpL13b-Rv1147
0.22727272727272727,Rv1645c-PE17
0.31645569620253167,MTS1338
0.26506024096385544,Rv2558
0.24324324324324326,Rv2730
0.36486486486486486,Rv3821-Rv3822
0.2222222222222222,fadB4
0.17105263157894737,galU
0.24358974358974358,prfA
0.2361111111111111,hsdM-vapC21
0.20833333333333334,rimI
0.3157894736842105,sseC1
0.2112676056338028,Rv0275c-Rv0276
0.23076923076923078,Rv0544c
0.14285714285714285,Rv0813c
0.25333333333333335,Rv0841-Rv0842
0.2835820895522388,rpmE
0.23076923076923078,Rv2136c
0.25333333333333335,Rv0313
0.2535211267605634,rplA-mmaA4
0.22058823529411764,Rv1498c
0.2638888888888889,era
0.29508196721311475,ctpD-trxA
0.27710843373493976,AS1890
0.2328767123287671,Rv2239c-Rv2240c
0.2535211267605634,lpqS-cysK2
0.32432432432432434,Rv0459
0.2727272727272727,rpmG2
0.22857142857142856,lprA-Rv1271c
0.24285714285714285,rpmB2
0.27380952380952384,lppJ-Rv2081c
0.2318840579710145,moeB1
0.28169014084507044,entC-Rv3216
0.2077922077922078,rsbW-usfY
0.24691358024691357,Rv0713-rplN
0.22077922077922077,Rv3258c-Rv3259
0.2835820895522388,hadB
0.3333333333333333,pks16-pth
0.2777777777777778,gap
0.2894736842105263,Rv1794
0.2835820895522388,Rv1945-lppG
0.23376623376623376,Rv2808
0.32051282051282054,menB-vapC3
0.2923076923076923,moeA1-rimJ
0.3333333333333333,atpF
0.22580645161290322,Rv2665-Rv2666
0.2077922077922078,Rv1136
0.2962962962962963,Rv0100
0.2597402597402597,vapB27
0.3076923076923077,Rv0895-gltA2
0.19540229885057472,Rv1159A-mutT2
0.22784810126582278,dfp-metK
0.32926829268292684,ppnK
0.21052631578947367,eis-Rv2417c
0.29411764705882354,Rv1693
0.28378378378378377,Rv0037c-Rv0038
0.25,bcpB
0.2716049382716049,proA-oxyR
0.24324324324324326,Rv3226c-aroA
0.3611111111111111,metS
0.24285714285714285,Rv0919-argT
0.3684210526315789,Rv0293c-tam
0.2702702702702703,sigL-rslA
0.3333333333333333,Rv0996-alaV
0.265625,Rv1457c
0.25925925925925924,vapC43
0.24193548387096775,Rv3136A
0.2564102564102564,amiA1
0.2077922077922078,Rv1204c-Rv1205
0.32926829268292684,rplQ
0.2625,mce2R
0.34210526315789475,Rv0406c-fgd1
0.2261904761904762,Rv2772c-dapB
0.2289156626506024,rpmB2-Rv2059
0.2692307692307692,xseB
0.2465753424657534,Rv1794-eccD5
0.24324324324324326,vapC46
0.24,Rv0123-PE_PGRS2
0.2,rsfA
0.2077922077922078,phoY1-glpD2
0.2875,Rv3353c-Rv3354
0.31746031746031744,Rv0157A
0.2777777777777778,PE_PGRS4-PPE3
0.33783783783783783,echA11-echA10
0.20833333333333334,PPE29-PPE30
0.3116883116883117,Rv2100-helZ
0.23595505617977527,rpfD
0.265625,Rv0514-Rv0515
0.32432432432432434,pstB-pstS1
0.30120481927710846,vapC9
0.29577464788732394,Rv1060-Rv1061
0.38095238095238093,echA8-echA9
0.23376623376623376,Rv1973-Rv1974
0.2328767123287671,Rv2313c
0.3611111111111111,Rv2509
0.2463768115942029,Rv2824c-Rv2825c
0.32786885245901637,Rv3400
0.29850746268656714,Rv3629c-Rv3630
0.2,Rv2242
0.2923076923076923,Rv3644c-Rv3645
0.26666666666666666,mobA
0.25316455696202533,ilvE
0.2976190476190476,rpsQ-atsA
0.2948717948717949,tagA
0.2,Rv1761c
0.29577464788732394,Rv1830-Rv1831
0.3333333333333333,vapC21
0.2191780821917808,Rv3788-Rv3789
0.28,Rv0295c
0.25,mbtK
0.2777777777777778,Rv1474c
0.24193548387096775,mmpS3-Rv2199c
0.23376623376623376,mazE9
0.4,Rv3304
0.26229508196721313,mycP1-eccA2
0.29333333333333333,lpqU-eno
0.22535211267605634,Rv3642c-Rv3643
0.21333333333333335,Rv2143-Rv2144c
0.296875,Rv1734c
0.2535211267605634,Rv0238
0.18666666666666668,Rv2314c
0.30158730158730157,Rv1904-aao
0.2676056338028169,PPE43-PE27
0.2465753424657534,Rv1875-bfrA
0.1917808219178082,rrs-rrl
0.20270270270270271,Rv3058c-cyp136
0.2571428571428571,proX-Rv3760
0.3333333333333333,Rv1598c-hisD
0.24096385542168675,Rv1813c
0.3375,Rv2018
0.28125,Rv1700
0.28378378378378377,Rv2327
0.13432835820895522,PE26-Rv2520c
0.2564102564102564,pabB-Rv1006
0.2361111111111111,Rv2960c
0.273972602739726,katG-furA
0.27941176470588236,whiB3
0.18571428571428572,Rv0078
0.2,trpT-secE1
0.2112676056338028,espF
0.2073170731707317,Rv0184
0.2638888888888889,ctaD-fecB
0.29333333333333333,Rv0580c
0.2702702702702703,Rv0572c
0.30434782608695654,apt-Rv2585c
0.2833333333333333,esxS
0.21686746987951808,Rv0692
0.2894736842105263,glgA-glgC
0.29069767441860467,hisH
0.23529411764705882,Rv2669
0.2692307692307692,Rv1151c
0.25,secG
0.25301204819277107,Rv1893-Rv1894c
0.234375,Rv2226-rnpB
0.2222222222222222,cobO
0.3472222222222222,fadD5-yrbE1A
0.21794871794871795,phoY2
0.23809523809523808,Rv0394c-Rv0395
0.20930232558139536,Rv3120-cyp141
0.3108108108108108,Rv1491c-mutA
0.24675324675324675,relG-Rv2867c
0.2222222222222222,gpdA2-Rv2983
0.31746031746031744,Rv3269
0.24675324675324675,Rv1508A
0.2692307692307692,Rv2628-Rv2629
0.28205128205128205,Rv0025
0.28,Rv3819
0.2318840579710145,Rv0296c-PE_PGRS5
0.234375,Rv3517-cyp142
0.3,Rv1865c
0.2909090909090909,msrB
0.1917808219178082,Rv2367c
0.30666666666666664,Rv2424c-Rv2425c
0.25842696629213485,Rv2475c
0.20689655172413793,Rv3169-aofH
0.24324324324324326,PE_PGRS59-clpC1
0.2602739726027397,Rv3705c
0.2537313432835821,Rv0121c-Rv0122
0.24,adk
0.19230769230769232,lpqN-Rv0584
0.2602739726027397,Rv1081c
0.2,Rv1322A
0.2318840579710145,Rv1351-Rv1352
0.3382352941176471,Rv2843
0.2926829268292683,Rv3723-cut5a
0.20689655172413793,Rv1701-Rv1702c
0.26582278481012656,espG1-espH
0.2459016393442623,hupB
0.24285714285714285,Rv3224B
0.2807017543859649,csoR-Rv0968
0.3409090909090909,scoA-fadD35
0.2835820895522388,ddlA-gpdA2
0.2345679012345679,Rv3647c-cspA
0.2702702702702703,Rv0330c
0.2753623188405797,Rv0543c-Rv0544c
0.24324324324324326,vapC15-Rv2011c
0.21739130434782608,Rv2622-TB31.7
0.25,vapB27-Rv0600c
0.25,Rv3027c-fixB
0.140625,Rv2517c
0.33962264150943394,Rv1404-Rv1405c
0.15,Rv1754c-plcD
0.27848101265822783,papA5-mas
0.22388059701492538,Rv3604c-Rv3605c
0.3157894736842105,vapC32-Rv1115
0.23529411764705882,ftsZ
0.2714285714285714,Rv0531
0.2972972972972973,Rv0879c-Rv0880
0.25396825396825395,Rv1021-lpqU
0.30952380952380953,Rv1225c-Rv1226c
0.22857142857142856,Rv2252-Rv2253
0.26506024096385544,glnU-gltS
0.19117647058823528,Rv3636-Rv3637
0.1891891891891892,Rv3760-fadE36
0.2318840579710145,PE36-eccC2
0.323943661971831,Rv1140-echA11
0.273972602739726,Rv1167c-PPE17
0.19736842105263158,Rv1366A-Rv1367c
0.2571428571428571,glyV-lipP
0.23076923076923078,Rv2574-Rv2575
0.26153846153846155,Rv3182
0.2647058823529412,hsaA-kshB
0.24096385542168675,Rv2261c-Rv2262c
0.3142857142857143,Rv2979c-Rv2980
0.313953488372093,esxG
0.24324324324324326,lipX-mshB
0.2054794520547945,PE_PGRS42-Rv2488c
0.28169014084507044,ltp4
0.2923076923076923,Rv3538-PPE63
0.3103448275862069,Rv2331A
0.23684210526315788,Rv1491c
0.3050847457627119,Rv3613c
0.2903225806451613,Rv2639c
0.2777777777777778,moaB1
0.24,Rv0208c
0.26865671641791045,Rv0264c
0.27848101265822783,Rv1879
0.26582278481012656,hisA
0.234375,sigH
0.2702702702702703,Rv1081c-mca
0.29333333333333333,rplT
0.22988505747126436,Rv2423-Rv2424c
0.28205128205128205,Rv2772c
0.25,Rv3751-serX
0.2033898305084746,Rv1115-Rv1116
0.2647058823529412,Rv1877-glnA3
0.3013698630136986,Rv1903
0.29310344827586204,Rv3031-Rv3032
0.33783783783783783,PE_PGRS30-argC
0.2962962962962963,PE_PGRS13-PE_PGRS14
0.30434782608695654,infB-Rv2840c
0.2619047619047619,Rv3200c-Rv3201c
0.3013698630136986,TB7.3-rshA
0.31666666666666665,Rv0025-Rv0026
0.275,vapB34
0.21311475409836064,Rv2302
0.29850746268656714,vapB48
0.18461538461538463,Rv2229c
0.1935483870967742,Rv2578c-dhaA
0.18292682926829268,Rv2857c
0.16666666666666666,Rv0740-Rv0741
0.28378378378378377,echA5-mmpL5
0.2112676056338028,Rv0080-Rv0081
0.23214285714285715,fabG1
0.30434782608695654,rpsF-ssb
0.30158730158730157,Rv0183-Rv0184
0.3220338983050847,lipU-cbs
0.25,tatA
0.30985915492957744,Rv2114
0.27631578947368424,vapC17
0.29850746268656714,Rv0263c
0.25,Rv1205
0.30864197530864196,Rv2310-Rv2311
0.273972602739726,fadA2-F6
0.3108108108108108,purQ
0.38571428571428573,dnaE2-Rv3371
0.24242424242424243,Rv3922c
0.3055555555555556,Rv1873-Rv1874
0.21739130434782608,Rv1545
0.30120481927710846,Rv2175c
0.20967741935483872,mtn-ctpA
0.20253164556962025,Rv2169c-Rv2170
0.2753623188405797,Rv3271c-Rv3272
0.36363636363636365,Rv3750c-Rv3751
0.2716049382716049,rnc
0.3333333333333333,Rv0333
0.25,Rv0499-proC
0.22388059701492538,serX
0.3125,Rv0988-grcC2
0.2647058823529412,PPE6-Rv0306
0.3037974683544304,Rv2061c
0.3076923076923077,Rv0111-gca
0.28,Rv2204c
0.23076923076923078,ino1-Rv0047c
0.3048780487804878,Rv0012-trpG
0.2878787878787879,bpoC-menD
0.32926829268292684,Rv2292c-Rv2293c
0.2987012987012987,pheA-Rv3839
0.36619718309859156,Rv1810-mgtC
0.1791044776119403,vapB7-atsD
0.34615384615384615,cdd-sdhC
0.19696969696969696,Rv2038c
0.27631578947368424,hbhA-Rv0476
0.21212121212121213,bfrA
0.2926829268292683,Rv0513
0.2465753424657534,ureB
0.22535211267605634,Rv3493c
0.2894736842105263,Rv3360
0.2375,Rv0104-rpmB1
0.3088235294117647,pptT
0.24675324675324675,Rv0771
0.36619718309859156,cysN-Rv1287
0.20512820512820512,Rv0807-purF
0.24324324324324326,echA9-Rv1072
0.35802469135802467,Rv2557-Rv2558
0.323943661971831,Rv2271
0.24,Rv0093c-Rv0094c
0.25757575757575757,Rv0145-Rv0146
0.2698412698412698,oppB
0.2463768115942029,fixB-fixA
0.225,thiG
0.3076923076923077,devR-Rv3134c
0.16923076923076924,PPE54-PE_PGRS49
0.28125,Rv0163
0.2413793103448276,rmlA
0.26582278481012656,echA8
0.19736842105263158,Rv0796-Rv0797
0.1794871794871795,PE14-Rv1215c
0.2328767123287671,Rv0245-Rv0246
0.3484848484848485,aglA-Rv2472
0.2638888888888889,scpA
0.2857142857142857,lpqF-Rv3594
0.23529411764705882,Rv2576c-Rv2577
0.34177215189873417,Rv1498A
0.2361111111111111,PE19-esxM
0.2898550724637681,Rv1639c-lysX
0.28205128205128205,Rv2117
0.20833333333333334,Rv0360c-Rv0361
0.3055555555555556,Rv1036c-esxI
0.20270270270270271,PPE32-PPE33
0.2463768115942029,Rv1847-ureA
0.21428571428571427,fadE22-ligB
0.23684210526315788,mbtG
0.28378378378378377,gpm2
0.21839080459770116,vapC20
0.3076923076923077,Rv0157A-Rv0158
0.23880597014925373,prsA-glmU
0.25,typA-lpqW
0.25287356321839083,Rv0678-Rv0679c
0.22535211267605634,vapC34
0.225,Rv0525
0.25,Rv0611c
0.3194444444444444,ftsX
0.27941176470588236,Rv2348c-plcC
0.22535211267605634,upp-sapM
