bayes,locus
0.21739130434782608,Rv0024
0.2903225806451613,Rv0045c
0.208955223880597,Rv0063
0.24,Rv0090
0.35135135135135137,ephF
0.29213483146067415,Rv0176
0.2875,PE_PGRS3-PE_PGRS4
0.3013698630136986,pks6
0.2542372881355932,Rv0420c-Rv0421c
0.23376623376623376,senX3-regX3
0.2054794520547945,Rv0712-Rv0713
0.19230769230769232,Rv0759c-Rv0760c
0.2608695652173913,aldA
0.36363636363636365,emrB
0.24358974358974358,Rv0794c-Rv0795
0.2261904761904762,Rv0823c
0.2692307692307692,Rv0888
0.12162162162162163,Rv0927c
0.20588235294117646,Rv1042c-Rv1043c
0.17333333333333334,Rv1045
0.2857142857142857,Rv1179c-pks3
0.19117647058823528,Rv1225c
0.234375,Rv1258c
0.2647058823529412,mcr11
0.24242424242424243,Rv1269c
0.2714285714285714,opcA
0.3287671232876712,Rv1506c-Rv1507c
0.25396825396825395,plsB1
0.29333333333333333,Rv1730c
0.25806451612903225,Rv1775
0.24691358024691357,Rv1907c
0.3108108108108108,ctpF
0.28125,dosT
0.3424657534246575,Rv2081c
0.2608695652173913,PE21-Rv2100
0.20930232558139536,Rv2148c
0.27692307692307694,Rv2264c
0.2619047619047619,mmpL9
0.25333333333333335,plcA-PPE38
0.171875,Rv2405-Rv2406c
0.23655913978494625,Rv2437
0.22058823529411764,vapB17
0.3235294117647059,vapB18
0.18181818181818182,Rv2709
0.1797752808988764,Rv2823c
0.26865671641791045,cobB
0.2962962962962963,Rv2862c-vapB23
0.23809523809523808,lppW-trmD
0.2631578947368421,Rv2923c
0.2647058823529412,ppsA
0.3287671232876712,Rv2949c
0.2948717948717949,Rv3074
0.22077922077922077,Rv3399
0.345679012345679,Rv3483c
0.25,Rv3528c-Rv3529c
0.24324324324324326,ddn-Rv3548c
0.14102564102564102,ponA2-Rv3683
0.3116883116883117,glpK
0.2,Rv3766
0.34523809523809523,lipE-Rv3776
0.20588235294117646,Rv3785
0.22077922077922077,Rv3802c-fbpD
0.2602739726027397,Rv3829c
0.3888888888888889,Rv3830c
0.25675675675675674,Rv3847
0.28378378378378377,eccC2
0.20481927710843373,dnaA-dnaN
0.25842696629213485,alaT-Rv0008c
0.19117647058823528,Rv0010c-Rv0011c
0.20833333333333334,Rv0012
0.28,pknB
0.31343283582089554,pknA
0.3,fhaA-leuT
0.19753086419753085,whiB5-Rv0023
0.25925925925925924,Rv0029
0.22784810126582278,bioF2
0.21666666666666667,fadD34
0.328125,fadD34-Rv0036c
0.24,leuS
0.26582278481012656,Rv0042c
0.3157894736842105,dnaB-Rv0059
0.25316455696202533,Rv0061c
0.2,Rv0067c-Rv0068
0.2878787878787879,glyA2-Rv0071
0.21621621621621623,Rv0071
0.2537313432835821,Rv0078A
0.2916666666666667,hycE-Rv0088
0.2571428571428571,Rv0088-Rv0089
0.2714285714285714,Rv0090-mtn
0.19402985074626866,Rv0104
0.3050847457627119,Rv0111
0.208955223880597,hddA
0.2,hddA-ldtA
0.22535211267605634,oxyS
0.2692307692307692,fusA2
0.18032786885245902,cyp138
0.203125,adhE1
0.25,mce1A
0.1951219512195122,mce1D
0.3181818181818182,sigG
0.2191780821917808,Rv0185
0.23529411764705882,Rv0194
0.2625,Rv0210-pckA
0.20588235294117646,Rv0221
0.2375,Rv0223c
0.3,Rv0226c
0.3142857142857143,Rv0245
0.27419354838709675,nirB
0.25,vapB25
0.3064516129032258,eccD3
0.2753623188405797,Rv0302
0.24096385542168675,Rv0311
0.2459016393442623,Rv0315
0.3076923076923077,Rv0316
0.2647058823529412,Rv0330c-Rv0331
0.2786885245901639,ansP2
0.16981132075471697,Rv0368c
0.2571428571428571,Rv0376c
0.20689655172413793,Rv0380c
0.26865671641791045,Rv0396
0.3142857142857143,Rv0398c
0.2682926829268293,mmpL1
0.30434782608695654,fadD30
0.1323529411764706,Rv0439c-groEL2
0.3291139240506329,rskA
0.1864406779661017,sigK-Rv0446c
0.21621621621621623,mmpS4-Rv0452
0.1891891891891892,Rv0452
0.20967741935483872,Rv0457c
0.24561403508771928,pcaA-Rv0470A
0.28,mshA
0.2465753424657534,Rv0492c
0.27848101265822783,Rv0518-Rv0519c
0.25,ccsA
0.35,Rv0530
0.21518987341772153,galE3
0.14705882352941177,Rv0537c
0.25,vapB3-fadD8
0.11940298507462686,Rv0565c
0.35064935064935066,Rv0575c
0.23529411764705882,Rv0584
0.2542372881355932,Rv0585c-mce2R
0.38235294117647056,yrbE2B
0.35294117647058826,mce2F
0.20833333333333334,Rv0597c-vapC27
0.24050632911392406,tcrA-Rv0603
0.22727272727272727,Rv0613c
0.25757575757575757,recD
0.18666666666666668,mmaA2
0.34375,atsD
0.2564102564102564,echA4
0.2112676056338028,mmpL5
0.27848101265822783,Rv0679c
0.24096385542168675,Rv0691c
0.2054794520547945,Rv0697
0.3230769230769231,Rv0699
0.27710843373493976,rslA-Rv0737
0.22388059701492538,Rv0745
0.3125,Rv0749A-Rv0750
0.18421052631578946,ggtA
0.2345679012345679,purF
0.24285714285714285,sseC2
0.1875,Rv0825c
0.14634146341463414,narL
0.30434782608695654,pdc-Rv0854
0.2625,far
0.25316455696202533,dapC
0.3333333333333333,Rv0874c
0.25,Rv0890c
0.19402985074626866,Rv0893c
0.3372093023255814,Rv0893c-Rv0894
0.28125,Rv0907
0.32,PE7-betP
0.3559322033898305,Rv0927c-pstS3
0.2571428571428571,pknD
0.30434782608695654,mku
0.3026315789473684,Rv0959
0.28378378378378377,Rv0964c-Rv0965c
0.24193548387096775,accD2
0.1791044776119403,mprB-pepD
0.26229508196721313,Rv0987
0.2,Rv0988
0.3333333333333333,Rv0991c-Rv0992c
0.29411764705882354,rimJ
0.13846153846153847,eno
0.2625,Rv1026
0.2894736842105263,kdpE
0.2972972972972973,Rv1046c
0.2054794520547945,Rv1048c
0.27941176470588236,mpr5-Rv1052
0.25675675675675674,Rv1072-Rv1073
0.208955223880597,lipU
0.3064516129032258,celA2b
0.25,MTS0858-glyA1
0.20202020202020202,Rv1136-Rv1137c
0.2361111111111111,Rv1154c
0.21212121212121213,pimE
0.328125,mutT2
0.3142857142857143,mutT2-narG
0.2835820895522388,narJ
0.3076923076923077,Rv1176c-fdxC
0.28,mmpL10
0.19736842105263158,fadD36
0.32098765432098764,fadD6
0.24242424242424243,Rv1217c
0.20634920634920634,Rv1227c-lpqX
0.22580645161290322,Rv1230c-Rv1231c
0.171875,embR-Rv1268c
0.2077922077922078,cysN
0.3194444444444444,Rv1289-Rv1290c
0.29411764705882354,Rv1319c
0.27631578947368424,Rv1324
0.32727272727272727,dinG
0.26666666666666666,pncB1
0.2625,Rv1357c-Rv1358
0.2328767123287671,lprF
0.22580645161290322,carA
0.2833333333333333,Rv1393c
0.234375,lipI
0.2318840579710145,lprH-Rv1419
0.28,uvrC
0.2835820895522388,Rv1432-Rv1433
0.27586206896551724,Rv1435c
0.22784810126582278,Rv1439c
0.29577464788732394,bisC
0.15294117647058825,Rv1458c
0.18461538461538463,Rv1461
0.24074074074074073,Rv1463
0.20270270270270271,Rv1478-moxR1
0.2,Rv1489
0.1724137931034483,lipL
0.25675675675675674,lipL-Rv1498c
0.2153846153846154,Rv1505c
0.3387096774193548,Rv1507A-Rv1508c
0.1686746987951807,Rv1509-Rv1510
0.27380952380952384,Rv1515c
0.2676056338028169,Rv1520
0.24242424242424243,pks5
0.208955223880597,Rv1532c
0.2711864406779661,ansA
0.25,Rv1566c-Rv1567c
0.18055555555555555,Rv1616
0.18666666666666668,polA
0.20454545454545456,Rv1639c
0.32558139534883723,lysX
0.30303030303030304,pks7
0.17647058823529413,pks8
0.27419354838709675,dsbF-Rv1678
0.25,moeX
0.2777777777777778,moeX-Rv1682
0.2638888888888889,cycA-PPE22
0.2916666666666667,Rv1739c
0.2619047619047619,Rv1769
0.2619047619047619,cyp143
0.2962962962962963,eccE5
0.2857142857142857,secA2
0.28205128205128205,Rv1823
0.2647058823529412,gcvH
0.2318840579710145,Rv1829-Rv1830
0.3076923076923077,Rv1835c
0.24242424242424243,glcB
0.1794871794871795,guaB1-gnd1
0.25,Rv1847
0.21951219512195122,lldD2
0.25806451612903225,Rv1879-cyp140
0.325,Rv1888c-Rv1888A
0.30303030303030304,Rv1894c-Rv1895
0.28169014084507044,nanT
0.27586206896551724,Rv1904
0.3787878787878788,Rv1920
0.24675324675324675,lppF-Rv1922
0.16129032258064516,Rv1924c-fadD31
0.24675324675324675,fadD31
0.21739130434782608,Rv1927
0.2125,fadE18
0.23943661971830985,fadE17
0.27941176470588236,Rv1936
0.2638888888888889,ephB
0.2054794520547945,Rv1972
0.273972602739726,Rv1978
0.2,nrdF1-vapC36
0.3170731707317073,Rv1986
0.323943661971831,Rv1987-erm(37)
0.24358974358974358,Rv1999c
0.22727272727272727,Rv2000
0.22388059701492538,Rv2023A
0.20634920634920634,Rv2047c
0.25333333333333335,ASpks-Rv2049c
0.225,rpmG1
0.2542372881355932,Rv2059
0.25,cobN
0.3116883116883117,cobG
0.3333333333333333,Rv2079
0.2537313432835821,Rv2082
0.21875,Rv2083
0.1896551724137931,Rv2087-pknJ
0.2537313432835821,pknJ
0.30985915492957744,pepE
0.3387096774193548,pafB
0.2727272727272727,vapC37
0.20833333333333334,mpa-lppK
0.26865671641791045,Rv2118c
0.3373493975903614,Rv2120c-hisG
0.16666666666666666,Rv2128-Rv2129c
0.21621621621621623,pyrD
0.28735632183908044,PE_PGRS38-pbpB
0.24,aroG-Rv2179c
0.2361111111111111,Rv2180c
0.2222222222222222,TB16.3-Rv2186c
0.24242424242424243,Rv2237-Rv2237A
0.28125,accD6
0.27631578947368424,Rv2248
0.25675675675675674,mazF8
0.3855421686746988,cyp121
0.2222222222222222,Rv2280
0.15873015873015872,lppO
0.20689655172413793,htpG
0.30434782608695654,Rv2307c-Rv2307A
0.28169014084507044,Rv2308
0.2564102564102564,uspA
0.2857142857142857,stp-cysK1
0.136986301369863,dnaG
0.2857142857142857,esxO
0.23255813953488372,esxO-esxP
0.21052631578947367,esxP
0.23529411764705882,plcC
0.20588235294117646,plcA
0.27419354838709675,PPE38-PPE39
0.2465753424657534,Rv2355-PPE40
0.18421052631578946,Rv2366c
0.2714285714285714,phoH1
0.2923076923076923,mbtB
0.16176470588235295,Rv2395-mcr7
0.2857142857142857,subI
0.23958333333333334,Rv2433c
0.29069767441860467,obg
0.16666666666666666,rpfE
0.2112676056338028,Rv2464c
0.23943661971830985,aglA
0.16923076923076924,lipQ
0.21951219512195122,lipQ-argW
0.3333333333333333,Rv2488c
0.18181818181818182,vapC38
0.24615384615384617,bkdC
0.2857142857142857,accA1
0.23255813953488372,accD1
0.1791044776119403,Rv2516c
0.2876712328767123,lysU-PE26
0.36923076923076925,Rv2525c-vapB17
0.2535211267605634,lppA
0.22950819672131148,lppB
0.2077922077922078,vapB20-Rv2551c
0.3333333333333333,Rv2562
0.2631578947368421,glnQ
0.2631578947368421,aspS-Rv2573
0.27941176470588236,apt
0.2830188679245283,Rv2621c
0.3076923076923077,hrp1-Rv2627c
0.16901408450704225,Rv2629
0.25609756097560976,Rv2632c-Rv2633c
0.23809523809523808,Rv2644c-valT
0.2631578947368421,valU-Rv2645
0.36363636363636365,Rv2659c-Rv2660c
0.24358974358974358,Rv2661c
0.22077922077922077,Rv2662
0.2125,ceoB
0.2631578947368421,Rv2693c
0.28125,Rv2712c
0.3013698630136986,fadE20
0.28378378378378377,recX
0.18032786885245902,Rv2800-mazF9
0.24390243902439024,Rv2808-Rv2809
0.28,Rv2813-Rv2814c
0.21686746987951808,Rv2820c
0.203125,Rv2827c-Rv2828c
0.2894736842105263,vapB22-echA16
0.25,echA16
0.2875,Rv2864c-relF
0.2647058823529412,relG-Rv2867c
0.36231884057971014,mpt53-Rv2879c
0.1728395061728395,Rv2891
0.21333333333333335,fdhD
0.3055555555555556,lppW
0.22972972972972974,mas
0.23863636363636365,fadD28
0.34328358208955223,fadD29-Rv2951c
0.26436781609195403,Rv2952
0.3088235294117647,Rv2957-Rv2958c
0.25925925925925924,purU
0.3026315789473684,thiL
0.23684210526315788,pfkA-gatA
0.25,Rv3015c
0.3235294117647059,Rv3047c
0.23333333333333334,Rv3050c-nrdE
0.25,nrdE
0.2465753424657534,nrdH-Rv3054c
0.22077922077922077,Rv3081
0.2,Rv3081-virS
0.273972602739726,Rv3115-moeB2
0.19230769230769232,fadB4-Rv3142c
0.3064516129032258,Rv3142c-Rv3143
0.38028169014084506,Rv3160c
0.31343283582089554,Rv3173c-Rv3174
0.234375,Rv3174
0.2602739726027397,Rv3181c-Rv3182
0.26229508196721313,nudC
0.3235294117647059,Rv3201c
0.2597402597402597,Rv3202c
0.2345679012345679,Rv3207c-Rv3208
0.22077922077922077,Rv3212
0.3103448275862069,Rv3220c
0.2028985507246377,aroA
0.23076923076923078,Rv3236c
0.21333333333333335,mtrB
0.26582278481012656,Rv3263
0.23076923076923078,Rv3272
0.22058823529411764,Rv3282
0.21212121212121213,sseA
0.2638888888888889,pcd
0.32941176470588235,lhr
0.2222222222222222,sapM
0.3392857142857143,sdhD
0.23728813559322035,Rv3346c-PPE55
0.2833333333333333,PPE55-Rv3348
0.29069767441860467,Rv3359-Rv3360
0.25333333333333335,Rv3365c
0.23333333333333334,spoU
0.27710843373493976,spoU-PE_PGRS51
0.18181818181818182,idsB-vapC46
0.32857142857142857,htdY
0.2876712328767123,Rv3395c-Rv3395A
0.25,Rv3401
0.21875,Rv3402c
0.30303030303030304,vapB47
0.2698412698412698,guaB2
0.28378378378378377,Rv3424c
0.16923076923076924,Rv3428c-PPE59
0.24,Rv3433c
0.19753086419753085,esxU
0.15,Rv3446c
0.189873417721519,mycP4
0.23170731707317074,rmlC
0.3037974683544304,lipF
0.3220338983050847,otsA
0.2318840579710145,mce4C
0.16071428571428573,fadD19
0.2125,ltp3
0.2857142857142857,Rv3531c
0.17333333333333334,PPE61-PPE62
0.23943661971830985,kstD
0.21621621621621623,ltp2
0.25757575757575757,echA20
0.2923076923076923,fdxB
0.19444444444444445,fadE30-fadD3
0.33766233766233766,lppH
0.2153846153846154,Rv3591c
0.2676056338028169,lysS
0.21568627450980393,folK
0.2125,Rv3611
0.36507936507936506,espA-ephA
0.3055555555555556,Rv3618
0.22413793103448276,esxV
0.23076923076923078,esxW
0.32954545454545453,nth
0.16883116883116883,crp
0.2926829268292683,crp-Rv3677c
0.20930232558139536,Rv3680
0.29577464788732394,ponA2
0.24285714285714285,Rv3691
0.2,recR
0.2692307692307692,Rv3722c
0.2028985507246377,cut5b
0.26153846153846155,Rv3725
0.19480519480519481,Rv3727
0.2804878048780488,Rv3729
0.34375,Rv3730c
0.2647058823529412,PPE67-Rv3740c
0.35135135135135137,Rv3747-Rv3748
0.2638888888888889,proV
0.3380281690140845,proX
0.2608695652173913,Rv3769-Rv3770c
0.28205128205128205,Rv3773c
0.13095238095238096,Rv3776
0.25675675675675674,glfT1
0.189873417721519,Rv3788
0.3055555555555556,fadE35
0.2153846153846154,pks13
0.3424657534246575,fadD32
0.2857142857142857,fadD32-Rv3802c
0.2112676056338028,aftB
0.29333333333333333,papA2
0.21794871794871795,fadD23
0.2463768115942029,Rv3835
0.28205128205128205,Rv3837c
0.18518518518518517,ncrMT3949
0.18666666666666668,MTS2975-Rv3844
0.23684210526315788,Rv3845-sodA
0.2631578947368421,gltB-Rv3860
0.3150684931506849,Rv3863-espE
0.3188405797101449,espK
0.2,espK-espL
0.27848101265822783,Rv3888c-espG2
0.24615384615384617,mutT4
0.2835820895522388,gid
0.29310344827586204,Rv3920c-Rv3921c
0.2835820895522388,Rv0191
0.3181818181818182,aftD
0.25,Rv0571c
0.3013698630136986,PE_PGRS17-Rv0979c
0.2328767123287671,PE_PGRS18-mprA
0.2571428571428571,pks12
0.25806451612903225,Rv2828c
0.2465753424657534,Rv3587c
0.31645569620253167,gyrB
0.21568627450980393,embR
0.26666666666666666,clpX
0.3333333333333333,pstP
0.23636363636363636,Rv0080
0.2786885245901639,Rv0093c
0.26506024096385544,ctpI
0.21052631578947367,fadD5
0.273972602739726,Rv0192A
0.2153846153846154,Rv0193c
0.16176470588235295,Rv0197
0.2894736842105263,Rv0205
0.25675675675675674,lipW
0.25,Rv0257
0.21428571428571427,Rv0275c
0.16901408450704225,Rv0312
0.3148148148148148,iniA
0.26153846153846155,Rv0359
0.36065573770491804,Rv0370c
0.3116883116883117,Rv0377
0.25,purT
0.25,ctpH
0.24324324324324326,Rv0431
0.21739130434782608,Rv0434
0.31343283582089554,moeA2
0.3,Rv0484c
0.28,proC
0.23809523809523808,mce2C
0.2833333333333333,lpqO
0.275,Rv0610c
0.21333333333333335,Rv0621
0.21739130434782608,rplO
0.3048780487804878,xylB
0.2875,purB
0.25,Rv0818
0.2647058823529412,Rv0822c
0.1875,Rv0851c
0.23170731707317074,Rv0909
0.19444444444444445,pstS2
0.3287671232876712,sucD
0.22535211267605634,mprA
0.1774193548387097,Rv0992c
0.18181818181818182,moeA1
0.1875,Rv0996
0.18055555555555555,pabB
0.25,Rv1012
0.22093023255813954,lpqU
0.2898550724637681,pra
0.26582278481012656,ppdK
0.2318840579710145,Rv1178
0.2191780821917808,esxL
0.2786885245901639,Rv1215c
0.30985915492957744,Rv1226c
0.2926829268292683,Rv1250
0.23076923076923078,deaD
0.30864197530864196,Rv1262c
0.2028985507246377,lprB
0.31343283582089554,Rv1301
0.2558139534883721,glgB
0.2054794520547945,glgP
0.26582278481012656,moeY
0.3157894736842105,Rv1375
0.27631578947368424,carB
0.2967032967032967,vapC10
0.2602739726027397,fmu
0.23943661971830985,ribG
0.21951219512195122,Rv1425
0.20634920634920634,echA12
0.2717391304347826,Rv1504c
0.18181818181818182,mmpL6
0.2558139534883721,nadC
0.25862068965517243,Rv1624c
0.2328767123287671,pks9
0.3333333333333333,cmr
0.16666666666666666,Rv1707
0.2875,Rv1708
0.24242424242424243,narX
0.21428571428571427,bacA
0.3333333333333333,Rv1870c
0.2857142857142857,lppD
0.21212121212121213,aao
0.2698412698412698,Rv1949c
0.25,Rv1979c
0.32432432432432434,Rv1998c
0.2903225806451613,Rv2036
0.26666666666666666,Rv2168c-Rv2169c
0.27631578947368424,mptA
0.2676056338028169,fadD15
0.20689655172413793,cobS
0.2835820895522388,Rv2227
0.27941176470588236,Rv2240c
0.20481927710843373,Rv2263
0.24285714285714285,sseB
0.2676056338028169,Rv2306A
0.29411764705882354,mez
0.25,zur
0.273972602739726,Rv2395
0.32894736842105265,Rv2415c
0.2676056338028169,Rv2434c
0.21052631578947367,tig
0.18867924528301888,plsC
0.208955223880597,nusB
0.23376623376623376,Rv2559c
0.28378378378378377,Rv2599
0.30434782608695654,Rv2628
0.25,Rv2660c
0.2823529411764706,Rv2668
0.22784810126582278,Rv2683
0.23728813559322035,Rv2690c
0.2222222222222222,Rv2714
0.30158730158730157,lppV
0.23880597014925373,Rv2813
0.32727272727272727,Rv2837c
0.2972972972972973,Rv2877c
0.21686746987951808,fadD26
0.16417910447761194,ppsB
0.25396825396825395,ppsE
0.30120481927710846,drrA
0.21052631578947367,pks15
0.24242424242424243,gatA
0.22666666666666666,Rv3096
0.373134328358209,fprA
0.2857142857142857,devS
0.36,pflA
0.25609756097560976,nuoI
0.19753086419753085,Rv3183-Rv3184
0.2261904761904762,Rv3185-Rv3186
0.13793103448275862,Rv3190c
0.27941176470588236,Rv3193c
0.21686746987951808,Rv3200c
0.2804878048780488,lpqB
0.26229508196721313,rmlD
0.25882352941176473,purE
0.3076923076923077,accE5
0.25,pmmB
0.2911392405063291,Rv3371
0.18421052631578946,echA18
0.27419354838709675,dxs2-Rv3380c
0.25,cmaA1
0.2972972972972973,Rv3395c
0.20967741935483872,Rv3479
0.2631578947368421,Rv3551
0.27941176470588236,Rv3555c
0.18666666666666668,hsaA
0.19696969696969696,Rv3627c
0.28378378378378377,dppA
0.25287356321839083,Rv3689
0.22666666666666666,dnaQ
0.25,Rv3753c
0.3235294117647059,tcrY
0.22388059701492538,embC
0.2894736842105263,embB
0.25333333333333335,ubiA
0.20270270270270271,Rv3822
0.2638888888888889,mmpL8
0.38961038961038963,Rv3843c
0.26666666666666666,gltB
0.22972972972972974,esxD
0.2692307692307692,Rv3899c
0.17391304347826086,Rv3909
0.2898550724637681,Rv1290c
0.20967741935483872,ctpD
0.30526315789473685,Rv1668c
0.2753623188405797,gnd1
0.2,Rv1883c
0.26666666666666666,Rv1888c
0.18666666666666668,Rv1976c-Rv1977
0.24324324324324326,helY-tatC
0.3728813559322034,vapB37-Rv2105
0.25,fhaA
0.28,PE27A-esxR
0.25396825396825395,esxR-esxS
0.21686746987951808,Rv3060c-fadE22
0.21333333333333335,Rv3128c
0.2608695652173913,Rv3427c-Rv3428c
0.33783783783783783,rpsM-rpmJ
0.21621621621621623,Rv0036c
0.26865671641791045,Rv3655c
0.2857142857142857,ponA1
0.23376623376623376,Rv0064-vapB1
0.2112676056338028,fgd2
0.25,Rv0269c
0.36065573770491804,fadD8
0.2714285714285714,Rv0831c
0.17333333333333334,Rv1509
0.23076923076923078,helZ
0.2638888888888889,Rv2370c
0.2698412698412698,Rv2566
0.20987654320987653,Rv3091
0.24675324675324675,Rv3239c
0.27631578947368424,acs
0.25396825396825395,Rv3728
0.22340425531914893,eccD2
0.2948717948717949,Rv0037c
0.18055555555555555,Rv0146
0.2571428571428571,Rv0147
0.20588235294117646,Rv0323c
0.20512820512820512,Rv0339c
0.2727272727272727,pknG
0.29850746268656714,psd
0.2537313432835821,Rv0466-icl1
0.23376623376623376,Rv0481c
0.27631578947368424,Rv0487-Rv0488
0.2727272727272727,hemC
0.189873417721519,Rv0537c-Rv0538
0.3088235294117647,menD
0.2222222222222222,Rv0575c-Rv0576
0.2631578947368421,recC
0.31645569620253167,Rv0648
0.1643835616438356,atsA
0.30303030303030304,rslA
0.27692307692307694,Rv0737-Rv0738
0.18666666666666668,phoR
0.27941176470588236,cysK2
0.29333333333333333,rpfA
0.32,fadE10
0.27941176470588236,ctpE
0.2625,pgi-Rv0947c
0.26153846153846155,Rv1052
0.2318840579710145,Rv1105
0.24285714285714285,zwf1
0.2702702702702703,fdxC
0.29310344827586204,Rv1179c
0.31666666666666665,fadD21
0.2345679012345679,sigI
0.2625,mdh
0.2682926829268293,Rv1318c
0.24324324324324326,Rv1357c
0.18840579710144928,Rv1363c-mcr15
0.1794871794871795,Rv1364c-rsfA
0.25675675675675674,cyp132
0.1875,nlhH-lipI
0.23943661971830985,Rv1465
0.23076923076923078,trxB1
0.25,Rv1616-pykA
0.25,engA-Rv1714
0.23529411764705882,modC
0.273972602739726,Rv1896c
0.19047619047619047,lipJ
0.2911392405063291,Rv1914c
0.25,Rv1937
0.23880597014925373,Rv1947-Rv1948c
0.28205128205128205,yrbE3A
0.3246753246753247,erm(37)-Rv1989c
0.26506024096385544,Rv1996
0.19117647058823528,Rv2011c
0.25925925925925924,Rv2113
0.30158730158730157,pknL-Rv2177c
0.27058823529411763,cyp124-Rv2267c
0.21621621621621623,Rv2294
0.14285714285714285,cut2
0.21875,Rv2307B-Rv2307D
0.2,Rv2387
0.2537313432835821,oxyR
0.2361111111111111,orn-hisT
0.22535211267605634,Rv2514c
0.2153846153846154,fas
0.3466666666666667,Rv2631
0.32075471698113206,arsC
0.26865671641791045,Rv2652c-Rv2653c
0.25675675675675674,Rv2751
0.3181818181818182,Rv2765
0.3026315789473684,Rv2828A
0.25,pyrH-Rv2884
0.2463768115942029,ffh
0.35185185185185186,amt
0.20634920634920634,tesA
0.2608695652173913,Rv2968c
0.208955223880597,leuD
0.21739130434782608,Rv2991
0.19718309859154928,Rv3032A
0.2638888888888889,Rv3067
0.3508771929824561,Rv3083
0.2028985507246377,fadE23
0.3181818181818182,Rv3177-Rv3178
0.26865671641791045,Rv3194c-Rv3195
0.21794871794871795,Rv3196
0.2191780821917808,ppk2
0.2318840579710145,fbiB-Rv3263
0.23076923076923078,otsB2
0.2857142857142857,idsB
0.22784810126582278,infA-Rv3463
0.22580645161290322,kshA
0.2682926829268293,lpqE
0.23076923076923078,mhuD
0.2033898305084746,Rv3784
0.26153846153846155,pirG
0.2676056338028169,espB
0.20512820512820512,eccE2
0.14285714285714285,Rv0914c
0.2028985507246377,Rv1084
0.22727272727272727,Rv2084
0.2727272727272727,Rv2647-Rv2648
0.234375,hspR
0.2463768115942029,sigM
0.2857142857142857,mshD-phoT
0.21686746987951808,Rv0961
0.18666666666666668,ncrMT1234-esxK
0.2857142857142857,frdD-Rv1556
0.203125,pyrG
0.29577464788732394,Rv1774
0.2542372881355932,lprM
0.22058823529411764,Rv1990A
0.3333333333333333,Rv2100-helZ
0.3125,Rv2323c-Rv2324
0.2903225806451613,Rv2324-Rv2325c
0.28378378378378377,Rv3324A
0.22077922077922077,fadE27
0.2857142857142857,clpC1-mpr17
0.20588235294117646,Rv3630
0.28378378378378377,B11
0.2602739726027397,Rv0004
0.1951219512195122,ileT-alaT
0.18840579710144928,pbpA
0.18309859154929578,Rv0051
0.25609756097560976,Rv0059
0.203125,Rv0075
0.25396825396825395,Rv0082
0.25,Rv0083
0.29508196721311475,nrp
0.3103448275862069,Rv0102
0.25757575757575757,htdZ
0.2413793103448276,Rv0149
0.2878787878787879,mce1B
0.3246753246753247,mce1F
0.29310344827586204,Rv0210
0.3,fabG4
0.23529411764705882,fadD2
0.3125,Rv0281
0.29411764705882354,eccB3
0.2413793103448276,eccC3
0.3114754098360656,Rv0296c
0.21176470588235294,Rv0345
0.34328358208955223,Rv0385
0.2916666666666667,lpqK
0.20634920634920634,mmpS1
0.3333333333333333,thiE
0.175,lpqM
0.2876712328767123,echA2
0.2463768115942029,Rv0457c-Rv0458
0.2535211267605634,Rv0458
0.2891566265060241,Rv0474-hbhA
0.27710843373493976,murB
0.14285714285714285,Rv0552
0.2857142857142857,nrdZ
0.208955223880597,Rv0574c
0.3230769230769231,Rv0625c
0.2923076923076923,Rv0647c
0.29577464788732394,rplL
0.2839506172839506,vapC6
0.3114754098360656,lpqP
0.34285714285714286,mmpS5
0.24096385542168675,Rv0686
0.26666666666666666,lldD1
0.2631578947368421,Rv0697-Rv0698
0.2682926829268293,Rv0698
0.23333333333333334,Rv0713
0.2602739726027397,Rv0755A-thrV
0.2625,ptrBb
0.28205128205128205,ercc3
0.2777777777777778,Rv0870c
0.3287671232876712,Rv0883c
0.24096385542168675,gltA2
0.2777777777777778,Rv0944
0.25396825396825395,Rv0958
0.1590909090909091,Rv0959-vapB9
0.1509433962264151,Rv0963c
0.22784810126582278,ctpV
0.29411764705882354,grcC2
0.21794871794871795,Rv0999
0.29508196721311475,lpqT-prsA
0.23255813953488372,Rv1025
0.25,PE8-Rv1041c
0.22058823529411764,fadD14
0.25925925925925924,Rv1087A-PE9
0.3142857142857143,ephC
0.23076923076923078,narG
0.2028985507246377,fbiC
0.31746031746031744,Rv1190-Rv1191
0.23170731707317074,glgC-PE14
0.2,lpqZ
0.3076923076923077,Rv1245c-relE
0.2619047619047619,atpH
0.16901408450704225,glgE
0.2318840579710145,Rv1358
0.3048780487804878,Rv1364c
0.25675675675675674,Rv1431
0.32142857142857145,Rv1455
0.2236842105263158,Rv1460
0.3125,fadE15-PE_PGRS29
0.2564102564102564,Rv1489A
0.21621621621621623,ileS
0.25316455696202533,lprI
0.2222222222222222,fadD11
0.2903225806451613,treZ
0.2571428571428571,Rv1592c
0.3157894736842105,Rv1592c-Rv1593c
0.18840579710144928,trpE
0.2676056338028169,uvrA
0.25301204819277107,Rv1676
0.23943661971830985,Rv1683
0.2835820895522388,tyrS
0.2191780821917808,cyp144
0.42105263157894735,malQ
0.22784810126582278,Rv1804c
0.2,secA2-pgsA2
0.25,Rv1855c
0.323943661971831,Rv1868
0.24050632911392406,Rv1874
0.22388059701492538,cyp140
0.14084507042253522,PPE35-Rv1919c
0.18072289156626506,tpx
0.2804878048780488,Rv1944c
0.24390243902439024,Rv1950c
0.21052631578947367,Rv1954A-higB
0.26666666666666666,Rv1961
0.16666666666666666,mce3R
0.18181818181818182,Rv2005c
0.3137254901960784,Rv2008c-vapB15
0.23595505617977527,Rv2020c
0.2191780821917808,Rv2022c
0.28378378378378377,Rv2024c
0.28,cobM
0.19718309859154928,Rv2119
0.3111111111111111,hisE-PPE37
0.2413793103448276,Rv2137c
0.25301204819277107,Rv2141c-leuU
0.15714285714285714,murC
0.18666666666666668,pimB
0.22857142857142856,qcrB
0.23529411764705882,Rv2216
0.1896551724137931,lppN
0.25,lppP
0.29577464788732394,stp
0.23333333333333334,cysE
0.203125,lppQ-Rv2342
0.29577464788732394,Rv2345
0.22666666666666666,plcB
0.2608695652173913,nadD-Rv2422
0.27586206896551724,proA
0.2987012987012987,gdh
0.35064935064935066,Rv2477c
0.22727272727272727,fadD35
0.25,hisT-Rv2512c
0.28125,pepQ
0.3013698630136986,Rv2560
0.3013698630136986,Rv2561
0.26153846153846155,gabT
0.12987012987012986,Rv2609c
0.29333333333333333,arsA-arsB1
0.20833333333333334,sthA
0.2191780821917808,Rv2732c
0.20833333333333334,Rv2752c
0.28378378378378377,Rv2815c-Rv2816c
0.3387096774193548,Rv2817c
0.29333333333333333,Rv2819c
0.3068181818181818,vapB23
0.3787878787878788,Rv2913c-pknI
0.2753623188405797,pknI
0.3333333333333333,Rv2926c
0.18888888888888888,pks1
0.25333333333333335,fadD29
0.18309859154929578,pca
0.29069767441860467,Rv2989
0.25806451612903225,trmU
0.24675324675324675,fadE22
0.23376623376623376,ligB-cstA
0.26373626373626374,Rv3072c
0.20270270270270271,pknK
0.30985915492957744,fadD13
0.234375,moaA1
0.25301204819277107,Rv3113
0.23529411764705882,moeB2
0.225,cyp141
0.3181818181818182,Rv3123-moaR1
0.2571428571428571,Rv3134c
0.2597402597402597,nuoD
0.23943661971830985,Rv3192
0.22950819672131148,Rv3277
0.24615384615384617,Rv3300c
0.2647058823529412,lpdA-Rv3304
0.24193548387096775,icd1
0.30666666666666664,amiD-Rv3376
0.21621621621621623,lytB1
0.23076923076923078,rplM
0.24193548387096775,rmlB
0.3620689655172414,lipF-Rv3488
0.2714285714285714,yrbE4A-Rv3502c
0.2153846153846154,Rv3527
0.24,lppH-Rv3577
0.2459016393442623,arsB2
0.3142857142857143,Rv3658c
0.23076923076923078,Rv3660c-B11
0.23863636363636365,Rv3662c
0.3466666666666667,cyp137
0.26153846153846155,Rv3695
0.25,Rv3698
0.33766233766233766,Rv3703c
0.2,Rv3723
0.2608695652173913,Rv3748
0.2054794520547945,tcrX-Rv3766
0.3235294117647059,Rv3796
0.29577464788732394,fbpD
0.2878787878787879,glf-pirG
0.16393442622950818,Rv3811
0.2361111111111111,pks2
0.19718309859154928,Rv3832c
0.288135593220339,Rv3832c-Rv3833
0.33962264150943394,Rv3843c-MTS2975
0.21212121212121213,ethA
0.1839080459770115,gltD
0.3116883116883117,espG1
0.24285714285714285,eccB1
0.29411764705882354,espB-eccE1
0.24324324324324326,mycP1
0.30666666666666664,eccA2
0.25675675675675674,mycP2
0.2972972972972973,Rv0023
0.2328767123287671,PE2-ptbB
0.22388059701492538,mycP3
0.16901408450704225,Rv0387c
0.19696969696969696,ppm1-Rv2052c
0.2878787878787879,ugpB
0.2898550724637681,Rv3093c
0.21739130434782608,mce4F
0.29577464788732394,Rv3787c
0.28169014084507044,nuoN
0.18072289156626506,Rv0647c-Rv0648
0.25396825396825395,ptkA
0.2571428571428571,Rv2279-Rv2280
0.2903225806451613,Rv3475-kgtP
0.31343283582089554,Rv2818c
0.28205128205128205,nadR
0.2535211267605634,Rv0471c
0.27848101265822783,frdB
0.203125,Rv1747
0.21333333333333335,Rv2553c
0.3253012048192771,Rv2689c
0.20270270270270271,whiB4-ponA2
0.3,espJ
0.25675675675675674,Rv0064
0.21212121212121213,Rv0140
0.24096385542168675,Rv0158
0.28169014084507044,Rv0395
0.26229508196721313,hemL
0.22857142857142856,Rv0556
0.28205128205128205,vapB4-Rv0597c
0.265625,Rv0653c
0.3225806451612903,rpsL
0.2608695652173913,Rv0687
0.3235294117647059,Rv0737
0.2328767123287671,accD3
0.2857142857142857,uvrD1
0.25862068965517243,mfd
0.1282051282051282,Rv1171
0.2839506172839506,Rv1219c
0.25806451612903225,Rv1254
0.3088235294117647,cysO
0.2875,Rv1382
0.24242424242424243,csd
0.24050632911392406,Rv1534-Rv1535
0.24675324675324675,vapB12-Rv1722
0.18055555555555555,pknE
0.26666666666666666,Rv1892
0.2727272727272727,cobT
0.2,Rv2305
0.26582278481012656,uspB
0.2465753424657534,Rv2418c
0.234375,Rv2897c
0.24242424242424243,lipN
0.2835820895522388,Rv3000
0.24358974358974358,cstA
0.28205128205128205,Rv3079c
0.323943661971831,Rv3178
0.34782608695652173,Rv3241c
0.2191780821917808,Rv3401-Rv3402c
0.2702702702702703,Rv3454
0.28735632183908044,Rv3481c-Rv3482c
0.2571428571428571,Rv3483c-cpsA
0.30434782608695654,PPE65-PE32
0.2727272727272727,lpqH
0.2714285714285714,glf
0.3728813559322034,eccCb1-PE35
0.18055555555555555,Rv0658c
0.3103448275862069,gnd2
0.22058823529411764,Rv1333
0.2535211267605634,Rv2230c
0.234375,Rv2974c
0.2804878048780488,AS1726
0.29411764705882354,Rv2277c
0.32432432432432434,Rv1371
0.22727272727272727,Rv2016
0.2191780821917808,Rv2106-PE22
0.29850746268656714,bpoA-Rv3474
0.28169014084507044,vapB1
0.26,Rv0026
0.2028985507246377,Rv0074
0.28,fadE3
0.28,ndhA-Rv0393
0.2876712328767123,mmpS1-fadD30
0.21052631578947367,Rv0443
0.27848101265822783,Rv0614
0.2608695652173913,galTb
0.3382352941176471,far-Rv0856
0.2898550724637681,lprP-Rv0963c
0.2375,Rv0966c
0.3548387096774194,kdpD
0.22580645161290322,mcr
0.26582278481012656,Rv1148c-Rv1149
0.21333333333333335,Rv1204c
0.19047619047619047,Rv1260
0.21739130434782608,pks10
0.2857142857142857,Rv1778c
0.2777777777777778,Rv1804c-Rv1805c
0.25,Rv1810
0.25806451612903225,Rv1841c
0.2608695652173913,Rv1895
0.2857142857142857,lipJ-cinA
0.3088235294117647,fadB5
0.1917808219178082,Rv1924c
0.23684210526315788,Rv1977
0.15873015873015872,cobK
0.3114754098360656,Rv2189c
0.2535211267605634,cyp128
0.2571428571428571,Rv2275
0.36507936507936506,Rv2319c
0.2676056338028169,Rv2574
0.2876712328767123,TB31.7
0.31343283582089554,Rv2630-Rv2631
0.19480519480519481,Rv2699c-Rv2700
0.2714285714285714,Rv2777c
0.24528301886792453,Rv2953
0.27419354838709675,Rv2980-ddlA
0.2459016393442623,Rv2994
0.25301204819277107,Rv3007c
0.2753623188405797,Rv3037c
0.2753623188405797,Rv3128c-Rv3129
0.2191780821917808,Rv3129
0.27941176470588236,aofH
0.2625,tgs3
0.2602739726027397,secA1
0.2727272727272727,Rv3337
0.2459016393442623,rpoA-rpsD
0.2631578947368421,Rv3716c
0.296875,Rv3798-accD4
0.2638888888888889,Rv3836
0.2926829268292683,Rv3848-espR
0.27848101265822783,espE
0.2465753424657534,Rv3903c
0.21739130434782608,gyrA
0.2077922077922078,ppiA-Rv0010c
0.23809523809523808,Rv0010c
0.25396825396825395,rodA
0.3472222222222222,Rv0021c
0.3125,Rv0030
0.35,celA1
0.3559322033898305,celA1-Rv0063
0.32786885245901637,Rv0063-Rv0064
0.2948717948717949,Rv0067c
0.25862068965517243,ctpA
0.24615384615384617,ctpB
0.3466666666666667,ldtA
0.21666666666666667,treS-mak
0.2361111111111111,Rv0133
0.2465753424657534,Rv0143c
0.2261904761904762,Rv0144
0.2236842105263158,Rv0144-Rv0145
0.3103448275862069,Rv0150c-PE1
0.2222222222222222,yrbE1A
0.23943661971830985,Rv0180c
0.24096385542168675,Rv0193c-Rv0194
0.2289156626506024,Rv0213c
0.26582278481012656,lipC
0.25757575757575757,Rv0224c
0.24358974358974358,vapB24
0.21311475409836064,htdX
0.288135593220339,oplA
0.2702702702702703,vapB2
0.28,Rv0309
0.19402985074626866,cyp135A1
0.2857142857142857,Rv0329c
0.2608695652173913,Rv0331
0.2839506172839506,dnaK
0.28378378378378377,dnaJ1
0.20930232558139536,hspR-PPE7
0.20512820512820512,Rv0361-mgtE
0.26666666666666666,Rv0374c-Rv0375c
0.32857142857142857,Rv0386
0.2537313432835821,ndhA
0.25316455696202533,fgd1
0.2033898305084746,thiG
0.35064935064935066,Rv0433
0.27710843373493976,moeA2-Rv0439c
0.2191780821917808,Rv0448c
0.24324324324324326,mmpL4
0.2159090909090909,Rv0452-PPE11
0.28,Rv0465c
0.2727272727272727,fadB2-umaA
0.2037037037037037,umaA
0.3181818181818182,Rv0473
0.352112676056338,Rv0479c
0.25,serB1
0.24390243902439024,Rv0541c
0.1686746987951807,menE
0.22857142857142856,Rv0628c
0.20588235294117646,recB
0.265625,echA3
0.32051282051282054,Rv0633c
0.23076923076923078,secE1
0.25,Rv0653c-Rv0654
0.23684210526315788,Rv0654
0.23880597014925373,mkl
0.2972972972972973,vapB6-Rv0658c
0.30303030303030304,rpoC
0.25,rpoC-Rv0669c
0.22388059701492538,fadE8
0.32142857142857145,tuf-Rv0686
0.2727272727272727,Rv0699-rpsJ
0.32954545454545453,Rv0725c
0.23809523809523808,Rv0726c
0.3181818181818182,vapC31
0.3076923076923077,Rv0756c
0.2261904761904762,adhB
0.2465753424657534,Rv0762c
0.3150684931506849,cyp123
0.24096385542168675,Rv0776c-purB
0.1864406779661017,cyp126
0.29850746268656714,Rv0791c
0.29411764705882354,Rv0802c
0.24324324324324326,thiX
0.3108108108108108,phoT
0.21951219512195122,Rv0843-narL
0.25609756097560976,Rv0856
0.25,Rv0876c-Rv0877
0.22580645161290322,Rv0897c
0.21052631578947367,Rv0906
0.2727272727272727,Rv0911
0.30303030303030304,betP
0.2911392405063291,betP-Rv0918
0.208955223880597,Rv0923c
0.24358974358974358,mntH
0.21951219512195122,Rv0925c
0.2,pstS3
0.273972602739726,pstS1
0.24096385542168675,ligD
0.2625,Rv0942
0.29347826086956524,Rv0950c
0.2,accA2
0.2028985507246377,arcA
0.25,metS
0.26436781609195403,Rv1012-pks16
0.23880597014925373,trcS
0.27450980392156865,Rv1043c
0.2,Rv1050
0.21818181818181817,Rv1061
0.23880597014925373,Rv1063c
0.2891566265060241,Rv1069c
0.31645569620253167,fadA3
0.2804878048780488,glpX
0.3116883116883117,Rv1109c
0.23333333333333334,Rv1111c
0.2916666666666667,Rv1129c-prpD
0.2878787878787879,metE
0.32894736842105265,Rv1134-PPE16
0.22857142857142856,Rv1158c
0.34210526315789475,pks3
0.21686746987951808,papA3
0.24210526315789474,Rv1194c
0.2,dapD
0.2878787878787879,tagA
0.19753086419753085,Rv1231c
0.2537313432835821,Rv1248c
0.29577464788732394,Rv1251c
0.26865671641791045,Rv1264
0.24,pknH
0.19480519480519481,Rv1291c-argV
0.23943661971830985,atpG
0.32857142857142857,rrs
0.3088235294117647,rrl
0.17567567567567569,mbtM
0.25609756097560976,irtA
0.3108108108108108,fabG2
0.24242424242424243,Rv1356c-Rv1357c
0.3026315789473684,mcr15
0.31666666666666665,Rv1372
0.24242424242424243,Rv1377c
0.3,PPE20-mihF
0.26865671641791045,nlhH
0.17567567567567569,Rv1403c
0.25806451612903225,Rv1405c
0.35802469135802467,lipO
0.23684210526315788,Rv1428c
0.2987012987012987,tpi-Rv1439c
0.14634146341463414,Rv1439c-secG
0.20512820512820512,tkt
0.2786885245901639,PE_PGRS27-ctaB
0.36065573770491804,ctaB
0.2222222222222222,Rv1473A
0.2073170731707317,Rv1500
0.25757575757575757,Rv1503c
0.25,Rv1518
0.28378378378378377,Rv1526c
0.2345679012345679,pks5-papA4
0.15254237288135594,fadD24-adh
0.21428571428571427,adh
0.22641509433962265,Rv1543
0.20512820512820512,treX
0.27419354838709675,bioD
0.21739130434782608,Rv1591
0.21428571428571427,lgt
0.19230769230769232,cya
0.2835820895522388,rpsA
0.19736842105263158,Rv1634
0.29508196721311475,tsnR
0.22413793103448276,pheT
0.24096385542168675,argH
0.2631578947368421,argH-pks10
0.25333333333333335,pks17
0.2318840579710145,Rv1672c
0.2833333333333333,dsbF
0.23255813953488372,Rv1682
0.23880597014925373,recN
0.328125,engA
0.21518987341772153,fadB3
0.20512820512820512,Rv1724c
0.25,Rv1730c-gabD2
0.30303030303030304,pknF-Rv1747
0.24691358024691357,fadD1
0.29069767441860467,Rv1751
0.23529411764705882,cut1
0.2602739726027397,Rv1779c
0.22784810126582278,malQ-eccB5
0.20967741935483872,eccC5
0.25,PPE26-PPE27
0.2631578947368421,esxM
0.25882352941176473,Rv1836c
0.3382352941176471,Rv1842c
0.23809523809523808,blaI
0.13846153846153847,Rv1866
0.2972972972972973,Rv1875
0.2619047619047619,bfrA-Rv1877
0.22950819672131148,lppE
0.2682926829268293,Rv1889c
0.23376623376623376,katG
0.2878787878787879,furA
0.26744186046511625,Rv1931c
0.23529411764705882,ribA1
0.32558139534883723,Rv1957
0.25333333333333335,mce3R-yrbE3A
0.2261904761904762,mce3F
0.2804878048780488,Rv1975
0.27941176470588236,Rv1993c
0.3220338983050847,Rv1995-Rv1996
0.19117647058823528,Rv1996-ctpF
0.20481927710843373,Rv2003c
0.17391304347826086,otsB1
0.375,Rv2035
0.29850746268656714,ppm1
0.3050847457627119,mazF7
0.24,Rv2073c
0.21212121212121213,Rv2074
0.203125,Rv2090
0.30985915492957744,Rv2132
0.21176470588235294,lppL
0.3088235294117647,TB18.6
0.275,Rv2161c
0.22077922077922077,pbpB
0.23728813559322035,ctaC-asnB
0.21875,Rv2203
0.3389830508474576,Rv2205c-Rv2206
0.23728813559322035,Rv2212
0.23684210526315788,rnpB-Rv2227
0.25333333333333335,mcr16-acpM
0.27710843373493976,Rv2252
0.2112676056338028,Rv2257c
0.26582278481012656,Rv2258c-mscR
0.3013698630136986,Rv2262c
0.2682926829268293,Rv2265
0.24242424242424243,Rv2298
0.2727272727272727,Rv2303c
0.21621621621621623,Rv2309c-Rv2309A
0.273972602739726,rocE
0.2463768115942029,narK1
0.16,glyS-smtB
0.2682926829268293,smtB
0.24,dnaJ2
0.2289156626506024,cfp2
0.2608695652173913,mbtF
0.3492063492063492,mbtE
0.24615384615384617,mbtJ
0.3582089552238806,hemN
0.2631578947368421,ggtB
0.21348314606741572,Rv2401A-Rv2402
0.2608695652173913,Rv2407-PE24
0.25,ahpD
0.23529411764705882,ndkA-Rv2446c
0.2835820895522388,clpX-mmuM
0.30864197530864196,glbO
0.25675675675675674,Rv2484c
0.18518518518518517,vapC19-Rv2548A
0.16216216216216217,Rv2560-mpr11
0.2463768115942029,Rv2570
0.22727272727272727,Rv2575
0.2597402597402597,relA
0.20588235294117646,vapB40
0.296875,pgsA1
0.2898550724637681,Rv2627c-Rv2628
0.21518987341772153,Rv2664
0.2786885245901639,Rv2665-Rv2666
0.3333333333333333,Rv2676c
0.2608695652173913,hemY
0.2891566265060241,Rv2680
0.28205128205128205,Rv2712c-sthA
0.2875,Rv2717c-nrdR
0.22784810126582278,Rv2719c
0.2608695652173913,fadE20-hflX
0.203125,miaA
0.2878787878787879,recA-Rv2737A
0.30952380952380953,Rv2750
0.22580645161290322,Rv2779c
0.32,sirR
0.19672131147540983,Rv2807-Rv2808
0.3,Rv2825c
0.21052631578947367,ugpC
0.2345679012345679,aldC
0.25396825396825395,mpt83-dipZ
0.2987012987012987,Rv2880c
0.2625,rplS-lppW
0.35,Rv2913c
0.22807017543859648,Rv2917
0.14285714285714285,glnD
0.2647058823529412,Rv2927c
0.25,fadD22
0.18181818181818182,Rv2953-Rv2954c
0.24285714285714285,Rv2955c
0.22077922077922077,Rv2956-Rv2957
0.18292682926829268,Rv2959c-Rv2960c
0.24358974358974358,Rv2962c
0.16666666666666666,Rv2962c-Rv2963
0.22535211267605634,Rv2971
0.28,recG
0.19402985074626866,Rv2990c
0.2911392405063291,esxR
0.2413793103448276,Rv3023c-trmU
0.2676056338028169,Rv3026c
0.3050847457627119,Rv3027c
0.25,Rv3032A-Rv3033
0.29577464788732394,ctaD
0.27631578947368424,adhC
0.1875,cyp136-Rv3060c
0.1388888888888889,cstA-Rv3064c
0.2361111111111111,Rv3066-Rv3067
0.20588235294117646,Rv3071
0.3220338983050847,virS
0.25609756097560976,Rv3085
0.25,Rv3087
0.27419354838709675,moaC1
0.2054794520547945,tgs1
0.3287671232876712,Rv3161c
0.30434782608695654,Rv3167c
0.2153846153846154,TB7.3
0.2261904761904762,desA3
0.23529411764705882,fadE25
0.25316455696202533,birA
0.2631578947368421,lat
0.4225352112676056,lat-lrpA
0.25,lrpA
0.352112676056338,atsB
0.24561403508771928,phoY1
0.2857142857142857,glpD2
0.2413793103448276,sdhC
0.19480519480519481,dacB1
0.21621621621621623,Rv3355c
0.3076923076923077,folD
0.23728813559322035,Rv3362c
0.23076923076923078,otsB2-echA18
0.28735632183908044,amiD
0.2537313432835821,dxs2
0.30120481927710846,Rv3394c
0.23529411764705882,guaA
0.203125,idsA1
0.18666666666666668,gadB
0.3246753246753247,Rv3435c-glmS
0.19047619047619047,rpsI
0.352112676056338,rmlC-Rv3466
0.2647058823529412,Rv3472
0.35135135135135137,kgtP
0.3333333333333333,Rv3480c
0.3050847457627119,Rv3482c
0.22950819672131148,Rv3502c
0.22058823529411764,fadE26
0.3018867924528302,Rv3510c
0.2716049382716049,fadD19-echA19
0.18461538461538463,Rv3521
0.22784810126582278,Rv3524
0.2894736842105263,Rv3525c
0.2463768115942029,Rv3530c
0.23880597014925373,hsaG
0.323943661971831,Rv3549c-echA20
0.2716049382716049,fadE31
0.23214285714285715,ispF
0.38596491228070173,ispD
0.2875,clpC1
0.2345679012345679,Rv3645
0.21951219512195122,topA
0.25333333333333335,MTS2823-Rv3662c
0.25316455696202533,Rv3684
0.1956521739130435,moxR2
0.2191780821917808,Rv3694c-Rv3695
0.29577464788732394,Rv3699
0.23170731707317074,Rv3719
0.3037974683544304,Rv3732
0.2465753424657534,Rv3736
0.2222222222222222,ctpJ
0.2711864406779661,tyrA
0.2608695652173913,Rv3771c-argU
0.3142857142857143,echA21
0.39436619718309857,embA
0.32098765432098764,Rv3833
0.24691358024691357,whiB6
0.20967741935483872,whiB6-Rv3863
0.3150684931506849,eccA1
0.1875,Rv3896c
0.21428571428571427,Rv3897c
0.17721518987341772,Rv3921c
0.15625,Rv2012-Rv2013
0.2054794520547945,Rv3901c
0.24561403508771928,Rv3381c-lytB1
0.24324324324324326,Rv1637c
0.23376623376623376,Rv1729c-Rv1730c
0.26865671641791045,rpmJ
0.29577464788732394,Rv0504c-serB1
0.3448275862068966,Rv0044c
0.25,vapC2-Rv0302
0.31343283582089554,udgA
0.3246753246753247,bpoB
0.21875,Rv1490-Rv1491c
0.1625,Rv1507A
0.2631578947368421,blaC-sigC
0.2602739726027397,argA-ftsK
0.1527777777777778,tgs4
0.2702702702702703,pcnA-mutT4
0.2558139534883721,rpsF
0.2542372881355932,Rv0089
0.2222222222222222,Rv0094c-Rv0095c
0.2894736842105263,Rv0138
0.25609756097560976,Rv0139
0.2465753424657534,bglS-mymT
0.26436781609195403,ilvD
0.2876712328767123,fadE4
0.2328767123287671,espG3
0.2948717948717949,Rv0306
0.22857142857142856,purA
0.23863636363636365,Rv0397A
0.28378378378378377,Rv0497-Rv0498
0.20987654320987653,Rv0517
0.3076923076923077,fabH
0.275,Rv0565c-Rv0566c
0.234375,Rv0567
0.24242424242424243,cyp135B1
0.328125,mce2A
0.25333333333333335,mazF2
0.32432432432432434,serA2
0.2375,secY
0.3333333333333333,Rv0750
0.20987654320987653,Rv0776c
0.3611111111111111,Rv0887c-Rv0888
0.21621621621621623,echA6
0.375,Rv0955
0.20481927710843373,echA7
0.25757575757575757,Rv0976c
0.24324324324324326,PE_PGRS16-PE_PGRS17
0.358974358974359,kdpC
0.3,Rv1112-vapB32
0.25675675675675674,Rv1144-mmpL13a
0.30985915492957744,mshB
0.1794871794871795,htrA
0.25,corA
0.2125,thrB
0.2727272727272727,Rv1331
0.2753623188405797,Rv1352
0.15584415584415584,Rv1366
0.19101123595505617,Rv1395
0.31645569620253167,priA
0.28378378378378377,Rv1462
0.2857142857142857,Rv1514c
0.3013698630136986,hisB
0.2903225806451613,Rv1615
0.13513513513513514,vapC12
0.3125,Rv1733c
0.12987012987012986,Rv1739c-vapB34
0.2465753424657534,idi
0.2641509433962264,Rv1828
0.3026315789473684,adhA
0.2911392405063291,Rv1882c
0.2835820895522388,Rv2017
0.23076923076923078,helY
0.1891891891891892,ansP1
0.32857142857142857,Rv2129c
0.2696629213483146,asnB-adoK
0.2571428571428571,Rv2223c
0.16666666666666666,Rv2311
0.2537313432835821,moeW-mmpL9
0.19117647058823528,gpgP
0.19444444444444445,valS-Rv2449c
0.3442622950819672,Rv2469c
0.3287671232876712,Rv2489c
0.2602739726027397,Rv2624c
0.15384615384615385,Rv2729c
0.15151515151515152,hsdM
0.273972602739726,fadE21
0.25842696629213485,efpA
0.2037037037037037,nicT-Rv2857c
0.3125,dipZ
0.3220338983050847,rpsB
0.25,smc
0.1780821917808219,Rv2929-fadD26
0.2676056338028169,ppsD
0.208955223880597,Rv2969c
0.2535211267605634,Rv2972c
0.2,serA1
0.2898550724637681,Rv3103c
0.25,Rv3273
0.2261904761904762,nagA
0.19540229885057472,dnaE2
0.29411764705882354,Rv3424c-PPE57
0.25263157894736843,eccC4
0.24390243902439024,Rv3471c
0.22784810126582278,hsaE
0.23684210526315788,fadE29
0.25,fadA5-ddn
0.24561403508771928,Rv3555c-fadA6
0.3333333333333333,fadE34-kstR
0.2923076923076923,Rv3600c
0.29508196721311475,Rv3603c
0.2676056338028169,tgs2
0.27848101265822783,Rv3771c
0.23076923076923078,Rv3778c
0.22972972972972974,Rv3779
0.22058823529411764,Rv3817
0.23728813559322035,Rv3845
0.21621621621621623,Rv3860
0.37662337662337664,eccD1
0.23529411764705882,mmpL2
0.2222222222222222,cspB-PE_PGRS15
0.22058823529411764,mce2B
0.3918918918918919,Rv1444c
0.21428571428571427,Rv1566c
0.2235294117647059,fadE1
0.3125,Rv0518
0.265625,lldD1-Rv0695
0.23529411764705882,Rv0775
0.22535211267605634,Rv0829-Rv0830
0.3,Rv0895
0.21875,Rv0913c
0.2711864406779661,Rv0939
0.21739130434782608,tatD-rpfB
0.203125,Rv1136
0.2619047619047619,Rv1152
0.2597402597402597,narI
0.23684210526315788,thrC
0.24691358024691357,PE_PGRS28-Rv1453
0.24705882352941178,ppnK
0.3026315789473684,Rv1738
0.2898550724637681,erg3
0.14473684210526316,lipZ
0.2903225806451613,lppC
0.22413793103448276,cmtR-Rv1995
0.30952380952380953,mbtD
0.2077922077922078,Rv2664-Rv2665
0.24,mapB
0.13432835820895522,Rv2997-Rv2998
0.2911392405063291,dinP
0.25,Rv3177
0.32941176470588235,uvrD2
0.1686746987951807,Rv3400
0.2112676056338028,Rv3434c
0.26229508196721313,rpoA
0.1875,fadE30
0.28169014084507044,Rv3635-Rv3636
0.26582278481012656,Rv3767c
0.1774193548387097,fbpA
0.2236842105263158,PPE9-purT
0.22058823529411764,Rv2147c
0.23076923076923078,Rv1866-Rv1867
0.26666666666666666,Rv3178-Rv3179
0.2328767123287671,ptrBa
0.19480519480519481,Rv0209
0.24561403508771928,PE_PGRS14-lpqQ
0.26373626373626374,Rv0849
0.1702127659574468,Rv1120c
0.2597402597402597,Rv1245c
0.2571428571428571,lysX-infC
0.3150684931506849,cyp124
0.26865671641791045,cysE-Rv2336
0.3484848484848485,Rv2686c
0.16666666666666666,relG
0.25925925925925924,Rv3760
0.175,Rv0028-Rv0029
0.24,Rv0052
0.2857142857142857,rplI
0.2375,ctpB-Rv0104
0.2894736842105263,rpmB1
0.28125,yrbE1B
0.208955223880597,lprK
0.22857142857142856,Rv0224c-Rv0225
0.18478260869565216,Rv0358
0.2631578947368421,thiG-lpqL
0.27941176470588236,Rv0540
0.24096385542168675,menE-Rv0543c
0.26666666666666666,Rv0547c
0.30864197530864196,vapC28
0.22666666666666666,Rv0680c-Rv0681
0.26582278481012656,Rv0726c-fucA
0.24050632911392406,Rv0792c
0.2647058823529412,pgi
0.19117647058823528,purH
0.3225806451612903,alaV-Rv0997
0.32558139534883723,Rv1019
0.28378378378378377,Rv1049
0.29310344827586204,Rv1062
0.36486486486486486,coaA
0.35365853658536583,Rv1125
0.2465753424657534,Rv1137c
0.25,Rv1156
0.3108108108108108,Rv1186c
0.16923076923076924,Rv1191
0.21333333333333335,Rv1220c
0.24193548387096775,Rv1291c
0.20270270270270271,Rv1359
0.21951219512195122,tal
0.23943661971830985,wbbL2
0.375,Rv1732c
0.2191780821917808,Rv1772
0.15789473684210525,Rv1816-Rv1817
0.2597402597402597,lppF
0.26865671641791045,Rv1929c
0.32098765432098764,mazF6
0.27586206896551724,Rv2030c
0.26506024096385544,rpmB2-Rv2059
0.26666666666666666,Rv2146c-Rv2147c
0.17333333333333334,Rv2164c
0.22388059701492538,Rv2170
0.2361111111111111,aroG
0.2328767123287671,pitB
0.24561403508771928,Rv2288
0.22666666666666666,Rv2367c
0.25609756097560976,cfp2-mbtH
0.2727272727272727,Rv2407
0.24615384615384617,Rv2491
0.15942028985507245,Rv2509
0.24,mpr11-Rv2561
0.2714285714285714,ruvA
0.21739130434782608,Rv2617c
0.2,arsA
0.16666666666666666,Rv2733c
0.21428571428571427,Rv2762c-dfrA
0.21686746987951808,Rv2776c
0.2948717948717949,Rv2857c
0.2077922077922078,relF
0.23880597014925373,amt-ftsY
0.1935483870967742,Rv2951c
0.27848101265822783,Rv3076
0.2777777777777778,Rv3104c
0.3023255813953488,Rv3213c
0.2112676056338028,moaX
0.19736842105263158,Rv3439c
0.1780821917808219,eccD4
0.390625,bpoA
0.21428571428571427,Rv3519
0.2625,ltp4
0.18421052631578946,Rv3525c-kshA
0.25333333333333335,mutY
0.20270270270270271,Rv3651
0.313953488372093,Rv3714c
0.2714285714285714,Rv3789
0.17333333333333334,eccCa1
0.21875,espI
0.3188405797101449,pcnA
0.35714285714285715,parB
0.3382352941176471,purU-kdtB
0.26666666666666666,Rv0378
0.28205128205128205,Rv0073
0.24675324675324675,Rv0454-Rv0455c
0.2564102564102564,gabP
0.30985915492957744,eccB2
0.2702702702702703,hycE
0.24691358024691357,Rv0088
0.29069767441860467,Rv0228
0.2857142857142857,Rv0293c
0.31666666666666665,tam
0.2638888888888889,Rv0480c-Rv0481c
0.2753623188405797,Rv0502
0.27941176470588236,Rv0784
0.2222222222222222,Rv0794c
0.21666666666666667,Rv0891c-Rv0892
0.1875,Rv0939-Rv0940c
0.2714285714285714,Rv1046c-Rv1047
0.30434782608695654,Rv1056-Rv1057
0.23076923076923078,cbs
0.26153846153846155,Rv1219c-Rv1220c
0.17567567567567569,Rv1261c
0.2923076923076923,Rv1289
0.21428571428571427,mec
0.21428571428571427,whiA
0.15384615384615385,Rv1476-ripA
0.4230769230769231,wag22-Rv1760
0.22727272727272727,lipD
0.2413793103448276,Rv1941
0.20833333333333334,vapC15
0.2631578947368421,Rv2025c
0.2702702702702703,metH
0.30666666666666664,Rv2426c
0.20588235294117646,folC
0.19444444444444445,Rv2522c
0.2911392405063291,Rv2536
0.22535211267605634,fadD9
0.3125,PE_PGRS45-Rv2616
0.23529411764705882,Rv2616
0.25,vapC23
0.18181818181818182,ligA
0.2676056338028169,agpS
0.15942028985507245,rhlE
0.25609756097560976,sahH
0.26153846153846155,add
0.234375,echA18.1
0.27631578947368424,phyA
0.30434782608695654,Rv3673c
0.19047619047619047,Rv3707c-asd
0.20930232558139536,Rv3753c-tyrA
0.2236842105263158,ethR
0.20270270270270271,esxB
0.3142857142857143,Rv3915
0.16923076923076924,ASdes-Rv0825c
0.29850746268656714,Rv0926c
0.208955223880597,Rv1353c
0.22972972972972974,Rv1363c
0.25,Rv0037c-Rv0038
0.14457831325301204,Rv0047c
0.19736842105263158,gca
0.29310344827586204,fadD7
0.32432432432432434,lprO
0.21666666666666667,Rv0204c
0.2727272727272727,Rv0207c
0.33783783783783783,echA1
0.25333333333333335,Rv0338c
0.3283582089552239,Rv0493c
0.20588235294117646,mmpS2
0.26666666666666666,Rv0528
0.21212121212121213,rpmD
0.3670886075949367,Rv0770
0.22988505747126436,purM
0.3026315789473684,cysA2-thiX
0.2911392405063291,moaD2
0.265625,Rv0879c-Rv0880
0.2676056338028169,Rv0885
0.325,rimJ-Rv0996
0.2625,Rv1021
0.3333333333333333,celA2b-PE_PGRS22
0.2903225806451613,Rv1225c-Rv1226c
0.24705882352941178,rrs-rrl
0.23684210526315788,Rv1351
0.2638888888888889,Rv1523
0.31343283582089554,Rv1535-ileS
0.273972602739726,Rv1558
0.25316455696202533,Rv1590
0.29310344827586204,trpB
0.2261904761904762,Rv1682-Rv1683
0.14666666666666667,Rv1725c
0.2698412698412698,Rv1887
0.2976190476190476,aceAb
0.21818181818181817,fdxA-Rv2008c
0.2222222222222222,Rv2191
0.25925925925925924,aprA
0.24358974358974358,Rv2492
0.3150684931506849,Rv2499c
0.23684210526315788,Rv2513
0.22727272727272727,ruvB
0.2112676056338028,Rv2622-TB31.7
0.19718309859154928,Rv2803
0.29333333333333333,Rv2824c
0.18518518518518517,mtr
0.16666666666666666,drrB
0.25806451612903225,Rv2958c
0.14754098360655737,Rv2975c-ung
0.2535211267605634,fadE24
0.1694915254237288,Rv3163c
0.2631578947368421,mce4B
0.19672131147540983,Rv3553
0.28378378378378377,Rv3566A-hsaB
0.2898550724637681,lpqF
0.25,Rv3631
0.23376623376623376,Rv3647c
0.23529411764705882,ephE
0.22727272727272727,Rv3671c
0.21739130434782608,Rv3675
0.2413793103448276,Rv3726
0.2,ctpJ-nmtR
0.2465753424657534,Rv3760-fadE36
0.24050632911392406,Rv3807c
0.208955223880597,glfT2
0.3,Rv3840-bfrB
0.22784810126582278,eccCa1-eccCb1
0.24324324324324326,moxR1
0.1780821917808219,fabG1
0.2608695652173913,Rv1863c
0.32142857142857145,Rv2617c-Rv2618
0.22388059701492538,Rv3900c
0.24675324675324675,Rv1312-Rv1313c
0.15789473684210525,aftC
0.25,lppX-pks1
0.2698412698412698,Rv1419
0.18666666666666668,nrdR-Rv2719c
0.21686746987951808,pheA
0.265625,Rv3857c
0.15151515151515152,Rv0077c
0.323943661971831,hycQ
0.2631578947368421,mymT-Rv0187
0.27419354838709675,Rv0272c
0.3283582089552239,Rv0293c-tam
0.24615384615384617,Rv0406c
0.27692307692307694,gpdA1
0.18840579710144928,Rv0712
0.21621621621621623,mscL
0.25,Rv1047-Rv1048c
0.296875,mazE3
0.203125,Rv1138c
0.29850746268656714,mmpL13b
0.2125,lprA-Rv1271c
0.30120481927710846,Rv1322
0.23529411764705882,MTS1082-Rv1375
0.3150684931506849,PPE21-fadD11.1
0.31746031746031744,Rv1647
0.25675675675675674,gabD2
0.275,Rv1976c
0.24096385542168675,pncA
0.23170731707317074,Rv2251
0.2631578947368421,oxyR-ahpC
0.25,secF
0.26744186046511625,sigB
0.23809523809523808,vapB21
0.3220338983050847,Rv2798c
0.25,rip
0.2911392405063291,mpt53
0.21518987341772153,dacB2
0.23684210526315788,Rv3242c-Rv3243c
0.17391304347826086,Rv3399-Rv3400
0.2727272727272727,groEL1
0.3142857142857143,yrbE4B
0.16176470588235295,PE_PGRS56-fadD18
0.2916666666666667,radA
0.28205128205128205,Rv3733c
0.23469387755102042,thrC-thrB
0.2,mce2D
0.2714285714285714,Rv0743c
0.3050847457627119,papA4
0.2727272727272727,Rv1986-Rv1987
0.2597402597402597,PPE56-Rv3351c
0.22388059701492538,whiB4
0.2222222222222222,Rv0104-rpmB1
0.2571428571428571,Rv0157A-Rv0158
0.2898550724637681,mce1C
0.2835820895522388,Rv0177
0.16923076923076924,php
0.14492753623188406,narU
0.16901408450704225,Rv0318c
0.27058823529411763,pta
0.15942028985507245,Rv0435c
0.23880597014925373,galE2
0.2753623188405797,mgtA
0.22580645161290322,Rv0561c
0.23809523809523808,yrbE2A
0.2328767123287671,fabD2
0.30666666666666664,Rv0689c-Rv0690c
0.36,Rv0774c
0.23943661971830985,Rv0811c
0.2876712328767123,Rv0891c
0.2823529411764706,mscL-Rv0986
0.2835820895522388,PE10-celA2a
0.09230769230769231,vapC32-Rv1115
0.3150684931506849,Rv1139c
0.1780821917808219,typA
0.24719101123595505,Rv1233c
0.27419354838709675,sugB
0.22535211267605634,Rv1276c
0.21686746987951808,alkA
0.19047619047619047,Rv1508c
0.22666666666666666,fadD24
0.18823529411764706,treY
0.203125,cyp139
0.23943661971830985,Rv1744c
0.32786885245901637,Rv1786-PPE25
0.18292682926829268,apa-Rv1861
0.25675675675675674,mazE6-ctpG
0.25,glnA2
0.16666666666666666,Rv2308-metV
0.2727272727272727,eis
0.2638888888888889,Rv2466c-pepN
0.25,Rv2480c-Rv2481c
0.16393442622950818,vapC19
0.2553191489361702,Rv2577
0.22058823529411764,secD-yajC
0.3194444444444444,Rv2597
0.25301204819277107,tesB2
0.20634920634920634,Rv2622
0.16455696202531644,msrB-Rv2675c
0.19117647058823528,recA
0.28169014084507044,Rv2854
0.16666666666666666,Rv2867c
0.30666666666666664,Rv3430c-Rv3431c
0.2638888888888889,glmS
0.32432432432432434,topA-Rv3647c
0.2153846153846154,Rv3649
0.2804878048780488,proW
0.3220338983050847,Rv3818
0.25316455696202533,Rv3850
0.16176470588235295,gid-Rv3920c
0.3013698630136986,Rv2250A
0.24324324324324326,ephA
0.35714285714285715,Rv0029-Rv0030
0.21875,iniB
0.17721518987341772,omt
0.24691358024691357,Rv0426c
0.30985915492957744,TB27.3
0.23880597014925373,Rv0634c
0.28,pip
0.3170731707317073,ctpE-Rv0909
0.2631578947368421,rpfB
0.27631578947368424,Rv1140
0.23376623376623376,Rv1192
0.35384615384615387,folP2
0.2028985507246377,mmpL12
0.2638888888888889,lgt-Rv1615
0.18181818181818182,Rv1627c
0.22058823529411764,pks11
0.325,PPE23-Rv1706A
0.1935483870967742,yrbE3B
0.2833333333333333,dop
0.21428571428571427,murE
0.28205128205128205,uspC
0.21621621621621623,dgt-Rv2345
0.19753086419753085,mbtI
0.23529411764705882,Rv2456c
0.2608695652173913,vapB20
0.2839506172839506,Rv2567
0.18333333333333332,Rv2715
0.2638888888888889,moaR1-PPE49
0.2361111111111111,sigH-Rv3224
0.24096385542168675,Rv3235
0.275,cut4-Rv3453
0.2222222222222222,ddn
0.2948717948717949,dppB
0.25757575757575757,Rv3742c-ctpJ
0.23809523809523808,Rv3770c-Rv3770A
0.25,Rv3856c
0.2413793103448276,Rv2956
0.26582278481012656,lprP
0.2716049382716049,Rv1928c
0.23170731707317074,Rv0756c-phoP
0.265625,clgR
0.3064516129032258,Rv0027
0.13157894736842105,fadE5
0.24285714285714285,Rv0314c
0.3235294117647059,dcd-udgA
0.2413793103448276,Rv0356c
0.21518987341772153,Rv0374c
0.25925925925925924,Rv0744c-Rv0745
0.22666666666666666,Rv0789c
0.2465753424657534,lpqR
0.28205128205128205,Rv0877
0.21428571428571427,Rv1117
0.25316455696202533,vapB10
0.25,Rv1429
0.32098765432098764,Rv1501-Rv1502
0.25,cydC
0.34782608695652173,Rv1711
0.23943661971830985,mce3A
0.25675675675675674,Rv2039c
0.3013698630136986,lppM
0.2631578947368421,qcrC
0.273972602739726,Rv2401
0.2647058823529412,Rv2455c
0.28,Rv2585c
0.2318840579710145,Rv2821c
0.21621621621621623,fdhF-Rv2901c
0.2676056338028169,gltS
0.30120481927710846,Rv3249c
0.2786885245901639,fbiB
0.24324324324324326,Rv3351c
0.25333333333333335,relK
0.3048780487804878,Rv3377c
0.24285714285714285,Rv3406
0.23943661971830985,folB
0.2716049382716049,Rv3701c
0.26744186046511625,Rv3839
0.28,Rv0767c
0.2786885245901639,mbtA
0.23529411764705882,Rv0514-Rv0515
0.2676056338028169,Rv0572c-pncB2
0.25,Rv1057-fadD14
0.23809523809523808,Rv1506c
0.273972602739726,Rv1815
0.3484848484848485,Rv2541
0.20634920634920634,Rv3046c-Rv3047c
0.3375,Rv3700c
0.1875,Rv0826
0.2676056338028169,pstB-pstS1
0.28,vapC9
0.3333333333333333,Rv1026-kdpE
0.15151515151515152,Rv1060-Rv1061
0.28,Rv1176c
0.26666666666666666,Rv1502
0.2375,mctB
0.32098765432098764,mgtC
0.2459016393442623,Rv1865c
0.3142857142857143,lppE-Rv1882c
0.2835820895522388,Rv2012
0.18055555555555555,cobL
0.2898550724637681,Rv2226
0.25,Rv2285
0.26229508196721313,Rv2286c
0.3333333333333333,Rv2510c
0.22580645161290322,PE27-PPE44
0.2535211267605634,Rv3175
0.2463768115942029,Rv3179
0.2835820895522388,Rv3189
0.23684210526315788,Rv3686c
0.2112676056338028,Rv3898c-Rv3899c
0.23333333333333334,Rv1765c-Rv1765A
0.36619718309859156,PE22-PPE36
0.25,Rv0260c
0.38372093023255816,PE_PGRS50-Rv3346c
0.18055555555555555,fhaB-fhaA
0.2535211267605634,lpqI-Rv0238
0.21052631578947367,Rv0681
0.25,pqqE
0.2711864406779661,Rv0805
0.2835820895522388,Rv1002c
0.275,glgC
0.3246753246753247,infC-rpmI
0.24675324675324675,Rv1667c
0.22535211267605634,Rv1922
0.16923076923076924,Rv2190c-Rv2191
0.2894736842105263,Rv2297-Rv2298
0.23809523809523808,Rv2469c-glbO
0.27419354838709675,Rv2672
0.2235294117647059,acrA1
0.22727272727272727,cut4
0.28378378378378377,Rv3453
0.19444444444444445,Rv3683
0.22857142857142856,Rv3740c
0.21518987341772153,lipE
0.20588235294117646,Rv3901c-Rv3902c
0.273972602739726,Rv2435c
0.2714285714285714,Rv3230c
0.24050632911392406,embC-embA
0.2463768115942029,dnaB
0.2571428571428571,Rv0060
0.18571428571428572,hycP
0.2631578947368421,Rv0161
0.29850746268656714,Rv0178
0.25609756097560976,fadE5-Rv0245
0.1891891891891892,Rv0373c
0.32894736842105265,thiD
0.3508771929824561,Rv0538
0.3055555555555556,rpoB
0.2804878048780488,pepD
0.28125,esxL-Rv1199c
0.25609756097560976,glgA
0.1794871794871795,Rv1249c-Rv1250
0.24285714285714285,ogt
0.2222222222222222,Rv1443c
0.32926829268292684,Rv1488
0.21686746987951808,Rv1714
0.4189189189189189,mycP5
0.2926829268292683,PPE30-PE_PGRS32
0.26153846153846155,fbpB-Rv1887
0.36923076923076925,higB
0.19696969696969696,vapC35
0.24285714285714285,mce3B
0.2608695652173913,mce3C
0.28378378378378377,vapB36
0.275,Rv2037c
0.26153846153846155,blaC
0.25316455696202533,Rv2190c
0.3055555555555556,Rv2228c
0.2571428571428571,rocD1
0.2631578947368421,amiA2
0.2318840579710145,efp
0.2631578947368421,Rv2556c
0.22988505747126436,Rv2568c
0.23809523809523808,Rv2638-Rv2639c
0.36923076923076925,Rv2696c
0.19117647058823528,35kd_ag
0.25,pepR
0.30434782608695654,dinF
0.2857142857142857,amiC
0.22077922077922077,Rv2896c
0.2631578947368421,ppsC
0.25396825396825395,lppZ
0.23376623376623376,fecB
0.25333333333333335,Rv3064c
0.31343283582089554,moaE1
0.2804878048780488,Rv3169
0.20512820512820512,eccB4-cut3
0.2318840579710145,ilvX
0.25675675675675674,Rv3586
0.265625,Rv3627c-ppa
0.171875,espH
0.3333333333333333,fadE12
0.26582278481012656,tkt-PE_PGRS27
0.32432432432432434,purA-Rv0358
0.17391304347826086,fusA1
0.3333333333333333,vapC14
0.1917808219178082,Rv2267c
0.25287356321839083,ceoC
0.22388059701492538,Rv3218-whiB1
0.2537313432835821,Rv3762c
0.27631578947368424,Rv2160c
0.3448275862068966,hbhA
0.25,gmdA
0.3132530120481928,Rv2621c-Rv2622
0.2948717948717949,Rv2687c
0.25609756097560976,Rv0049
0.2647058823529412,Rv0192A-Rv0193c
0.23809523809523808,Rv0264c
0.36923076923076925,Rv0669c
0.21739130434782608,Rv0692
0.23076923076923078,Rv0713-rplN
0.28125,mapA
0.28421052631578947,Rv1132
0.33766233766233766,lpqW
0.27586206896551724,vapC33
0.25806451612903225,Rv1273c
0.2923076923076923,eccA5
0.26666666666666666,Rv2161c-PE_PGRS38
0.2,rocD2
0.30303030303030304,dhaA
0.273972602739726,Rv3000-ilvC
0.20588235294117646,Rv3548c
0.24050632911392406,vapC48
0.24615384615384617,pheA-Rv3839
0.28169014084507044,Rv3910
0.26865671641791045,Rv3359
0.2857142857142857,glnA1-glnE
0.3373493975903614,Rv2478c-Rv2479c
0.3384615384615385,PE_PGRS7-Rv0579
0.2112676056338028,Rv1533
0.29333333333333333,Rv2414c
0.17721518987341772,Rv3064c-mmr
0.3787878787878788,mesT
0.2857142857142857,vapC1
0.17073170731707318,Rv0146-Rv0147
0.2535211267605634,PE6-Rv0336
0.35294117647058826,Rv0487
0.2111111111111111,rpsQ
0.25,Rv0760c
0.26582278481012656,Rv0842
0.22784810126582278,Rv0845
0.24285714285714285,fadB
0.28378378378378377,Rv0894
0.3283582089552239,pstC2
0.2631578947368421,ispE
0.2077922077922078,Rv1051c-mpr5
0.3373493975903614,Rv1188
0.2926829268292683,Rv1260-Rv1261c
0.22950819672131148,argS
0.22857142857142856,Rv1719
0.25,PPE24-Rv1754c
0.16176470588235295,Rv2160c-Rv2161c
0.16176470588235295,trpD
0.2625,Rv2209
0.208955223880597,caeA-panB
0.2,cysW
0.28169014084507044,Rv2558-Rv2559c
0.2033898305084746,Rv3191c-metU
0.2638888888888889,metA
0.1728395061728395,alr-Rv3424c
0.2571428571428571,Rv3712
0.25,Rv3770c
0.3246753246753247,hisD
0.27380952380952384,Rv2743c
0.1780821917808219,Rv3815c
0.33783783783783783,rplW
0.3010752688172043,Rv0330c
0.24242424242424243,citA
0.25,Rv3404c
0.2911392405063291,Rv3814c
0.2535211267605634,mmpL11-Rv0203
0.2077922077922078,tuf
0.32142857142857145,Rv0804-Rv0805
0.30952380952380953,Rv0846c
0.2028985507246377,Rv0879c
0.21518987341772153,glnT-Rv1019
0.3013698630136986,Rv1151c
0.2727272727272727,Rv1648
0.3194444444444444,narK2-Rv1738
0.23809523809523808,Rv2041c
0.28169014084507044,lppI
0.28205128205128205,Rv2135c
0.2571428571428571,kasA
0.22388059701492538,Rv2337c
0.30434782608695654,dgt
0.2976190476190476,snoP
0.28205128205128205,ephG
0.24,ugpA
0.23333333333333334,glnB
0.20689655172413793,ung
0.2028985507246377,Rv3120
0.24285714285714285,Rv3197
0.23809523809523808,whiB2-fbiA
0.21333333333333335,Rv3668c-Rv3669
0.2597402597402597,proY-cyp137
0.30666666666666664,Rv3847-Rv3848
0.2714285714285714,espR-Rv3850
0.2698412698412698,Rv3863
0.2876712328767123,argR
0.2714285714285714,Rv2014-Rv2015c
0.27906976744186046,Rv2993c-Rv2994
0.189873417721519,Rv3134c-PPE50
0.2463768115942029,Rv3196A-Rv3197
0.3076923076923077,galTa
0.189873417721519,Rv0650
0.23728813559322035,vapB14
0.2077922077922078,Rv0324
0.22784810126582278,pssA
0.2191780821917808,vapC27
0.2716049382716049,kmtR-Rv0828c
0.325,kdpB
0.2894736842105263,prpC
0.27941176470588236,pyrR
0.2222222222222222,Rv1466
0.21518987341772153,epiA
0.28378378378378377,Rv1598c
0.21875,Rv1610
0.30666666666666664,Rv1680
0.3088235294117647,Rv1722
0.26865671641791045,Rv1723
0.3333333333333333,cinA
0.2753623188405797,Rv1973
0.28169014084507044,che1
0.3076923076923077,Rv2571c
0.29577464788732394,thrS
0.25675675675675674,Rv2954c
0.3013698630136986,lipR
0.25925925925925924,Rv3335c-trpS
0.2191780821917808,guaB2-Rv3412
0.21518987341772153,PE_PGRS58-Rv3591c
0.2702702702702703,fadE36-Rv3762c
0.23943661971830985,Rv3830c-Rv3831
0.2835820895522388,bglS
0.22077922077922077,lprF-Rv1369c
0.17142857142857143,Rv2426c-proA
0.2,kdpD-kdpF
0.2839506172839506,vapB32
0.22972972972972974,dxs1-Rv2683
0.275,Rv2706c
0.25,cyp125
0.23684210526315788,Rv3605c
0.23214285714285715,Rv0057
0.2916666666666667,icd2
0.2,glyA2
0.2698412698412698,fadD10
0.3076923076923077,gmhA
0.2112676056338028,Rv0145
0.2597402597402597,fadA2
0.35064935064935066,Rv0250c-hsp
0.2028985507246377,PE_PGRS4-PPE3
0.2702702702702703,PPE6-Rv0306
0.203125,Rv0339c-Rv0340
0.26666666666666666,Rv0365c
0.2111111111111111,Rv0380c-Rv0381c
0.26865671641791045,ufaA1
0.20588235294117646,Rv0466
0.25925925925925924,Rv0495c
0.23214285714285715,cmaA2
0.140625,mazE2-vapC7
0.2948717948717949,Rv0688
0.23809523809523808,Rv0750-mmsB
0.3389830508474576,purN
0.203125,Rv1003
0.26666666666666666,pks16
0.14285714285714285,esxI
0.27380952380952384,PE_PGRS22-coaA
0.2328767123287671,Rv1147-Rv1148c
0.3064516129032258,Rv1190
0.1891891891891892,Rv1249c
0.3108108108108108,Rv1271c
0.2222222222222222,Rv1272c
0.2535211267605634,lprC
0.22988505747126436,rpmE
0.2602739726027397,rsfA-Rv1366
0.2857142857142857,Rv1490
0.24675324675324675,frdA
0.2903225806451613,TB15.3
0.29850746268656714,Rv1706A-Rv1707
0.2948717948717949,Rv1735c
0.273972602739726,Rv1776c
0.24,PPE33-Rv1810
0.2676056338028169,aceAa
0.2087912087912088,Rv2242
0.23376623376623376,lipM
0.2413793103448276,Rv2390c-sirA
0.21621621621621623,rpsT
0.25,scoA
0.28,Rv2614A
0.2,Rv2625c
0.2608695652173913,Rv2632c
0.25,Rv2669
0.2692307692307692,Rv2698
0.2625,rimM
0.2916666666666667,Rv2963
0.2926829268292683,ilvC
0.32786885245901637,ilvB1
0.22388059701492538,Rv3050c
0.30303030303030304,pmmA
0.3157894736842105,dppA-acs
0.26582278481012656,leuA
0.24675324675324675,Rv3651-mpr18
0.16666666666666666,plcD
0.23529411764705882,Rv0192
0.17391304347826086,Rv0128-fbpC
0.2839506172839506,Rv0188-ilvD
0.22388059701492538,Rv3705c-Rv3705A
0.3088235294117647,narK3
0.21212121212121213,vapC30
0.3,sucC
0.25882352941176473,kdpA
0.22857142857142856,Rv2134c-Rv2135c
0.2857142857142857,leuU-parE2
0.14925373134328357,caeA
0.26865671641791045,Rv2258c
0.2857142857142857,fadD9-PE_PGRS44
0.2916666666666667,Rv2806
0.20588235294117646,Rv2959c
0.1917808219178082,groEL2-Rv0441c
0.27906976744186046,Rv1877
0.26666666666666666,mmpL11
0.3,Rv0259c
0.18421052631578946,Rv0634A
0.31343283582089554,mmaA3-mmaA2
0.24358974358974358,lytB2
0.18072289156626506,echA10-mcr
0.27692307692307694,esxK
0.24691358024691357,sugA
0.21621621621621623,atpA
0.24050632911392406,mutA
0.25,dinX
0.32051282051282054,Rv1571
0.2898550724637681,mctB-pyrG
0.2962962962962963,Rv1765A-Rv1766
0.3194444444444444,Rv1771
0.25609756097560976,Rv1794-eccD5
0.23863636363636365,Rv2004c
0.25333333333333335,pafA
0.20833333333333334,Rv2132-Rv2133c
0.2,pknL
0.27692307692307694,Rv2297
0.25,Rv2565
0.26666666666666666,mqo
0.17721518987341772,Rv3013-ligA
0.2564102564102564,Rv3077
0.16666666666666666,nuoG
0.18666666666666668,Rv3224
0.2619047619047619,relJ
0.18181818181818182,sigD
0.3194444444444444,cyp142
0.24358974358974358,folE
0.2878787878787879,ftsH
0.2676056338028169,Rv3788-Rv3789
0.3064516129032258,aftA
0.29213483146067415,Rv3920c
0.25333333333333335,Rv3242c
0.21052631578947367,Rv0323c-Rv0324
0.2028985507246377,Rv0011c
0.2753623188405797,Rv0218
0.25316455696202533,grcC1
0.3333333333333333,Rv0898c
0.23943661971830985,Rv0943c
0.26666666666666666,Rv1101c
0.2,Rv1216c
0.22077922077922077,PPE28-PPE29
0.275,ureG
0.2191780821917808,ndh
0.1694915254237288,PPE36-prcA
0.24,ctaC
0.19230769230769232,Rv2253
0.3125,narK1-lppP
0.25287356321839083,Rv2415c-eis
0.25,rne
0.22058823529411764,Rv2507
0.3013698630136986,Rv2642
0.27848101265822783,ltp1
0.23076923076923078,Rv2993c
0.2972972972972973,fadD13-Rv3090
0.25,lpdA
0.1875,Rv3491
0.22388059701492538,Rv3737
0.2028985507246377,Rv0576
0.2318840579710145,ptrBb-emrB
0.325,lppJ
0.27631578947368424,Rv0007
0.2459016393442623,Rv0246
0.20833333333333334,Rv0258c
0.2786885245901639,lpqJ
0.25,PE_PGRS9-PE_PGRS10
0.20253164556962025,phoP
0.1791044776119403,cpsY
0.2608695652173913,Rv0854
0.16923076923076924,Rv1063c-lpqV
0.21212121212121213,Rv1516c
0.25396825396825395,Rv1516c-Rv1517
0.24242424242424243,pykA
0.25,uvrB
0.25806451612903225,bkdA-citE
0.18032786885245902,cadI-Rv2642
0.273972602739726,pgmA
0.24050632911392406,manB
0.19444444444444445,choD
0.30666666666666664,Rv3435c
0.3048780487804878,Rv3613c-espD
0.2111111111111111,Rv3693
0.25,lpqQ-Rv0836c
0.36764705882352944,Rv1277
0.2714285714285714,Rv1354c
0.26666666666666666,Rv2529
0.21212121212121213,fadB2
0.2153846153846154,echA9
0.32098765432098764,phoH2
0.26506024096385544,Rv1200
0.2698412698412698,Rv1367c
0.2903225806451613,Rv1898
0.2222222222222222,Rv1913
0.23943661971830985,Rv2017-Rv2018
0.30434782608695654,TB16.3
0.2857142857142857,Rv2304c-Rv2305
0.265625,Rv2370c-PE_PGRS40
0.2222222222222222,Rv2731
0.2833333333333333,proS
0.352112676056338,iscS
0.2608695652173913,alkB
0.23943661971830985,Rv3292
0.2916666666666667,Rv3376
0.3188405797101449,alr
0.34285714285714286,Rv3437
0.1875,Rv3481c
0.171875,lprN
0.36231884057971014,PE_PGRS53-PE_PGRS54
0.2875,Rv3831
0.21428571428571427,eccA5-lppT
0.2702702702702703,Rv0366c
0.2,Rv0455c
0.3194444444444444,Rv0678
0.22535211267605634,moaE2
0.22784810126582278,Rv0966c-csoR
0.2318840579710145,Rv1706A
0.21666666666666667,Rv1906c
0.32142857142857145,Rv1929c-Rv1930c
0.25,pepB
0.2077922077922078,glpD1
0.3815789473684211,gabT-fadD9
0.25,Rv2675c
0.2875,dxs1
0.29333333333333333,gpsI
0.33783783783783783,Rv3254
0.2222222222222222,accD5
0.17567567567567569,Rv3333c
0.2638888888888889,Rv3440c
0.2,Rv3485c-Rv3486
0.3283582089552239,espG2
0.2676056338028169,Rv2160A
0.3058823529411765,Rv0882
0.32142857142857145,cobL-Rv2073c
0.2463768115942029,moxR3
0.3055555555555556,Rv0078
0.22535211267605634,mgtE
0.2714285714285714,pepC
0.2564102564102564,Rv0843
0.23880597014925373,glmU
0.23684210526315788,thrB-rho
0.25675675675675674,PE_PGRS43-Rv2491
0.18840579710144928,Rv2603c
0.2753623188405797,Rv2800
0.3333333333333333,Rv3267
0.19767441860465115,Rv3549c
0.1875,Rv3902c
0.2361111111111111,cysG-cobB
0.25757575757575757,Rv0235c
0.26153846153846155,proT-vapC12
0.23595505617977527,Rv0028
0.1927710843373494,mmsA
0.2318840579710145,Rv0846c-lpqS
0.24,rpfA-moaD2
0.2,Rv1135A
0.23728813559322035,oppD
0.22784810126582278,fabG3-Rv2003c
0.3218390804597701,cysH
0.30952380952380953,Rv2513-Rv2514c
0.30337078651685395,Rv2843
0.171875,moaB1
0.30434782608695654,Rv3126c
0.3333333333333333,ilvB2
0.3116883116883117,Rv3552
0.20833333333333334,esxW-PPE65
0.2857142857142857,Rv2015c
0.24615384615384617,nrdB
0.2857142857142857,Rv1051c
0.2077922077922078,Rv1770
0.25316455696202533,PPE34-PPE35
0.2898550724637681,ctpG
0.2714285714285714,Rv0079
0.36923076923076925,pntB
0.24390243902439024,mmpL3
0.16901408450704225,Rv0320
0.3114754098360656,iniC
0.21875,pyrE
0.2987012987012987,regX3
0.29333333333333333,Rv0571c-Rv0572c
0.2222222222222222,Rv0650-rplJ
0.20689655172413793,Rv0817c
0.25,serC
0.32051282051282054,serC-Rv0885
0.2839506172839506,Rv0941c
0.18461538461538463,lprH
0.2716049382716049,dnaE1
0.24691358024691357,plsB1-frdA
0.30666666666666664,Rv1597
0.325,Rv1692
0.2878787878787879,Rv1752
0.1791044776119403,acg
0.28125,Rv2375
0.3387096774193548,plsB2
0.2625,ugpE
0.22972972972972974,Rv3066
0.2786885245901639,nuoF
0.1694915254237288,ctpC
0.25333333333333335,Rv3378c
0.29577464788732394,Rv3453-Rv3454
0.2972972972972973,fdxD-fadE26
0.32941176470588235,fadD17
0.3088235294117647,espA
0.27419354838709675,Rv3695-glpK
0.28378378378378377,hisC2
0.2,Rv3811-PE_PGRS62
0.30434782608695654,Rv2255c-Rv2256c
0.27692307692307694,cut5a
0.2222222222222222,mmsA-PE_PGRS11
0.3037974683544304,Rv2689c-Rv2690c
0.2361111111111111,fadB4
0.3058823529411765,mce1R
0.2361111111111111,fadD4
0.23170731707317074,Rv0260c-narK3
0.296875,Rv0674
0.26582278481012656,rpsG
0.2682926829268293,Rv1116A
0.22388059701492538,atpF
0.3,frdD
0.20652173913043478,Rv1619
0.23943661971830985,rbsK
0.234375,acpS-fas
0.24615384615384617,clpC2
0.25,fpg-rnc
0.20253164556962025,Rv3094c
0.27692307692307694,agpS-Rv3108
0.23333333333333334,mesT-Rv3177
0.2727272727272727,Rv3304
0.21875,Rv3333c-Rv3334
0.225,Rv3338
0.2597402597402597,folD-relJ
0.30158730158730157,iunH
0.23880597014925373,pks4
0.28,PE4-Rv0161
0.373134328358209,Rv0275c-Rv0276
0.19696969696969696,Rv1645c
0.2236842105263158,argB
0.20689655172413793,Rv1828-Rv1829
0.3939393939393939,Rv2804c
0.16666666666666666,Rv2826c
0.24242424242424243,Rv3326-Rv3327
0.3548387096774194,Rv0857
0.24615384615384617,Rv0920c-Rv0921
0.3068181818181818,Rv1734c-Rv1735c
0.30434782608695654,Rv2205c
0.25882352941176473,Rv0078B
0.1839080459770115,treS
0.2,Rv0187
0.3150684931506849,Rv1314c
0.21212121212121213,PPE22-PPE23
0.3111111111111111,fdxA
0.18867924528301888,metH-Rv2125
0.26865671641791045,Rv2551c
0.25316455696202533,mas-fadD28
0.225,lpqA-esxQ
0.24324324324324326,Rv3218
0.2608695652173913,Rv3413c
0.22641509433962265,Rv1754c
0.30434782608695654,Rv0986
0.2537313432835821,Rv1075c
0.21739130434782608,Rv2411c
0.20833333333333334,oxcA
0.2459016393442623,Rv0229c
0.275,Rv0298
0.3013698630136986,Rv0372c
0.18461538461538463,Rv0461
0.18181818181818182,menB
0.3125,menH
0.234375,htpX
0.2028985507246377,Rv0585c
0.21333333333333335,rplX
0.2692307692307692,atpD
0.21621621621621623,Rv1674c
0.25609756097560976,Rv2052c
0.2289156626506024,Rv2179c
0.28378378378378377,Rv2183c
0.25,Rv2312-Rv2313c
0.25675675675675674,Rv2326c
0.24193548387096775,Rv2508c
0.26582278481012656,Rv2807
0.2727272727272727,Rv3030
0.20987654320987653,Rv3127
0.225,esxT-esxU
0.2878787878787879,PE34-Rv3747
0.22388059701492538,Rv2649-Rv2650c
0.22784810126582278,Rv0108c
0.3,rplY
0.2638888888888889,Rv1332
0.2542372881355932,secG-PE_PGRS26
0.22388059701492538,ureC
0.37037037037037035,fadE2-pntAa
0.3076923076923077,Rv0183
0.2727272727272727,lpdC
0.30985915492957744,galK
0.234375,hadC
0.29473684210526313,mkl-vapC6
0.2777777777777778,atsA-Rv0712
0.25,Rv0790c
0.2857142857142857,phoY2-Rv0822c
0.2318840579710145,Rv0950c-sucC
0.2535211267605634,vapB9
0.21951219512195122,fadE13
0.22077922077922077,desA2-phoH2
0.24615384615384617,narH
0.29896907216494845,TB8.4-fadH
0.2222222222222222,fadH
0.22857142857142856,Rv1184c
0.2361111111111111,Rv1234
0.23404255319148937,Rv1320c
0.29850746268656714,Rv1413
0.2638888888888889,tesB1
0.275,Rv1869c
0.27848101265822783,mce3D
0.21052631578947367,mpt64
0.2911392405063291,Rv2001
0.3218390804597701,pup
0.26865671641791045,Rv2159c
0.2413793103448276,ephD
0.24175824175824176,Rv2260
0.25396825396825395,Rv2425c
0.273972602739726,ahpC
0.33783783783783783,mmuM-Rv2459
0.21052631578947367,Rv2548A
0.3235294117647059,speE
0.27631578947368424,Rv2721c
0.2608695652173913,Rv2809
0.2692307692307692,nusA
0.24,cysG
0.23255813953488372,Rv2850c
0.2625,smpB
0.21052631578947367,nuoL
0.22641509433962265,Rv3168
0.18840579710144928,manA
0.19672131147540983,vapB44
0.323943661971831,Rv3346c
0.2916666666666667,mrsA
0.26373626373626374,Rv3572
0.2903225806451613,mesJ
0.24691358024691357,Rv3635
0.2982456140350877,Rv3694c
0.3125,Rv3720
0.24,Rv3770B-Rv3771c
0.3108108108108108,esxA-espI
0.23809523809523808,eccE1
0.20987654320987653,Rv3888c
0.20930232558139536,Rv3898c
0.2328767123287671,Rv3912
0.23076923076923078,Rv3187-Rv3188
0.39436619718309857,relB-Rv1248c
0.2535211267605634,Rv3363c
0.27692307692307694,Rv3402c-Rv3403c
0.12162162162162163,Rv0276
0.22388059701492538,Rv0364
0.1917808219178082,thiC
0.25396825396825395,Rv0625c-vapB5
0.18181818181818182,Rv0739
0.20270270270270271,purD
0.3181818181818182,Rv0830
0.2702702702702703,Rv1072
0.2898550724637681,rocA
0.2,Rv1268c-Rv1269c
0.2535211267605634,metK
0.13333333333333333,Rv1482c-fabG1
0.2571428571428571,nadB
0.23880597014925373,impA
0.26744186046511625,Rv1686c-Rv1687c
0.2839506172839506,Rv1691
0.34210526315789475,AS1726-Rv1727
0.25862068965517243,Rv1817
0.28735632183908044,otsB1-fdxA
0.25396825396825395,ahpE
0.19540229885057472,Rv2264c-Rv2265
0.19480519480519481,yjcE
0.23684210526315788,Rv2406c
0.17567567567567569,PE25-Rv2432c
0.2608695652173913,Rv2435c-rbsK
0.19402985074626866,Rv2459
0.18840579710144928,dhaA-hisS
0.3225806451612903,Rv2581c
0.2753623188405797,vapB43
0.2361111111111111,Rv3172c
0.2619047619047619,sugI
0.25333333333333335,Rv3395A-guaA
0.29577464788732394,Rv3531c-PPE61
0.35294117647058826,Rv3767c-Rv3768
0.27941176470588236,Rv3840
0.24242424242424243,Rv0611c
0.18571428571428572,bisC-Rv1443c
0.2911392405063291,cycA
0.2962962962962963,cobH
0.265625,vapB4
0.33783783783783783,Rv1104
0.3108108108108108,fadD25
0.34146341463414637,Rv2042c
0.3333333333333333,ftsW
0.20833333333333334,mmaA4-mmaA3
0.23376623376623376,Rv3777
0.13924050632911392,PPE2-Rv0257
0.2839506172839506,glnH
0.234375,Rv0446c
0.18571428571428572,Rv0465c-Rv0466
0.23809523809523808,hemD
0.2619047619047619,ribC
0.2535211267605634,Rv1480
0.25806451612903225,pknF
0.2714285714285714,Rv1779c-Rv1780
0.18461538461538463,gcvB-Rv1833c
0.22058823529411764,Rv1833c
0.2948717948717949,Rv2237A
0.23880597014925373,cysA1
0.16129032258064516,vapC18
0.3448275862068966,Rv2638
0.22857142857142856,Rv2864c
0.2777777777777778,Rv3421c
0.19402985074626866,mce4D
0.2857142857142857,Rv3649-PE33
0.27956989247311825,Rv3796-fadE35
0.17105263157894737,Rv1370c-Rv1371
0.2028985507246377,Rv2944-lppX
0.19753086419753085,ctpI-Rv0108c
0.25757575757575757,PE_PGRS1-Rv0110
0.23684210526315788,lpqI
0.24324324324324326,ackA
0.28205128205128205,Rv0485
0.18840579710144928,proC-Rv0500A
0.25316455696202533,rpsE
0.2876712328767123,pstB
0.24691358024691357,xseA
0.3125,rseA
0.1780821917808219,lprE
0.19767441860465115,mpt63-Rv1927
0.2638888888888889,qcrB-Rv2197c
0.3880597014925373,Rv2342
0.23809523809523808,mbtI-Rv2387
0.2857142857142857,nadE
0.358974358974359,ppgK
0.29508196721311475,thyA
0.2987012987012987,infB
0.27419354838709675,frr-pyrH
0.16071428571428573,rnhB
0.26865671641791045,nrdF2
0.2153846153846154,ligB
0.23076923076923078,pks2-fadD23
0.21686746987951808,Rv0076c
0.19230769230769232,Rv0078-Rv0078A
0.2702702702702703,Rv0412c
0.2318840579710145,Rv0519c
0.28205128205128205,lprL
0.3125,Rv0680c
0.2345679012345679,rphA
0.23880597014925373,eccB5
0.27710843373493976,lldD2-Rv1873
0.20270270270270271,mshC
0.2777777777777778,vapC16
0.2112676056338028,eis-Rv2417c
0.18666666666666668,bkdA
0.2916666666666667,Rv2627c
0.24285714285714285,Rv2636
0.25333333333333335,Rv2640c-cadI
0.3150684931506849,PPE43-PE27
0.27419354838709675,cobO
0.25609756097560976,Rv3369
0.2261904761904762,fadA6
0.25,Rv3819-papA2
0.19402985074626866,Rv0769
0.26153846153846155,Rv1762c-Rv1763
0.2631578947368421,cobQ1
0.28125,Rv1129c
0.25,rfe-Rv1303
0.22972972972972974,Rv1410c
0.27848101265822783,zwf2
0.2987012987012987,bioA
0.32857142857142857,cmk
0.21518987341772153,Rv2282c
0.2804878048780488,Rv2452c
0.30666666666666664,hisS
0.3,pimA
0.21333333333333335,ideR
0.2676056338028169,Rv3403c
0.21176470588235294,gshA
0.2112676056338028,Rv3717-Rv3718c
0.2898550724637681,Rv0976c-PE_PGRS16
0.2,rseA-htrA
0.3013698630136986,Rv1861-adhA
0.24358974358974358,Rv2294-Rv2295
0.25,pstA1
0.25,msrA
0.2875,Rv0175
0.2,csoR
0.208955223880597,Rv1491c
0.29333333333333333,aceE-Rv2242
0.23943661971830985,ligC-Rv3732
0.20634920634920634,Rv2169c-Rv2170
0.22666666666666666,glpQ2-glyU
0.3442622950819672,Rv1100
0.2839506172839506,Rv1540
0.20634920634920634,Rv1773c-Rv1774
0.26582278481012656,modA
0.25806451612903225,Rv2292c-Rv2293c
0.275,tmk
0.29411764705882354,fadE28
0.18571428571428572,dprE1
0.1566265060240964,ppiA
0.16363636363636364,Rv0472c-Rv0473
0.30303030303030304,lipT
0.2619047619047619,cysT
0.273972602739726,dctA
0.3088235294117647,Rv2578c
0.27710843373493976,Rv2774c-Rv2775
0.20588235294117646,Rv3071-Rv3072c
0.18518518518518517,mce4A
0.275,Rv3755c
0.2077922077922078,Rv1524
0.25,Rv0307c
0.3037974683544304,Rv1044
0.25,lpqY
0.2558139534883721,argC
0.2692307692307692,Rv2166c
0.2463768115942029,Rv2307c
0.3333333333333333,mrr
0.2857142857142857,Rv2960c
0.2535211267605634,panC
0.2878787878787879,fadE6-Rv0272c
0.2875,Rv0837c-lpqR
0.203125,Rv2423
0.3670886075949367,Rv0110
0.2857142857142857,hemA
0.2375,mazE2
0.24324324324324326,Rv0828c
0.3287671232876712,Rv0940c
0.22340425531914893,mprB
0.25675675675675674,Rv1004c-pabB
0.19753086419753085,echA9-Rv1072
0.29411764705882354,dapE
0.22388059701492538,Rv1303
0.27848101265822783,rrf-ogt
0.3235294117647059,argD
0.21875,Rv2024c-Rv2025c
0.3548387096774194,Rv2557
0.27710843373493976,secD
0.1780821917808219,arsB1
0.20588235294117646,lppU
0.25757575757575757,Rv2802c
0.2878787878787879,Rv2910c
0.2,mmpL7-Rv2943
0.2692307692307692,Rv3038c
0.24242424242424243,Rv3049c
0.2976190476190476,Rv3114-Rv3115
0.25,Rv3415c-whiB3
0.225,fadD3
0.19718309859154928,Rv3633
0.2647058823529412,Rv3639c
0.23943661971830985,esxF
0.18421052631578946,mcr-Rv1144
0.31343283582089554,PPE53-Rv3160c
0.2,trxA
0.3220338983050847,Rv1128c-Rv1129c
0.2,echA10
0.20833333333333334,Rv2199c
0.2692307692307692,rraA
0.22784810126582278,Rv0799c-pepC
0.3088235294117647,Rv0862c
0.1506849315068493,Rv0990c
0.2835820895522388,sigE-mpr6
0.13559322033898305,Rv1359-Rv1360
0.27941176470588236,bioF1
0.2702702702702703,scoB
0.20238095238095238,Rv3295
0.25675675675675674,lipV
0.25609756097560976,rplW-rplB
0.2857142857142857,Rv2091c
0.2638888888888889,asd
0.27631578947368424,Rv0133-ephF
0.3283582089552239,Rv0265c
0.21052631578947367,Rv0273c
0.3333333333333333,Rv0387c-PPE9
0.2619047619047619,Rv0484c-Rv0485
0.22988505747126436,rplC
0.3050847457627119,Rv0793
0.203125,PE_PGRS20-Rv1069c
0.21052631578947367,Rv1144
0.265625,mshB-Rv1171
0.17105263157894737,mcr3
0.22988505747126436,PE_PGRS25-vapC10
0.17333333333333334,Rv1729c
0.3125,Rv1867
0.2988505747126437,valS
0.3283582089552239,Rv2474c
0.24615384615384617,Rv2576c
0.26506024096385544,clgR-pgsA3
0.2597402597402597,lppY
0.2537313432835821,Rv3822-mmpL8
0.2571428571428571,Rv0459
0.2413793103448276,erm(37)
0.24324324324324326,Rv2133c
0.21052631578947367,Rv3680-whiB4
0.25,Rv0038-Rv0039c
0.21839080459770116,pepA
0.21739130434782608,Rv0201c
0.1774193548387097,Rv0263c
0.2916666666666667,Rv0308
0.20987654320987653,lipG
0.24691358024691357,vapB7
0.23076923076923078,Rv0739-Rv0740
0.2894736842105263,fprB
0.2361111111111111,Rv1312
0.25301204819277107,murI
0.2916666666666667,Rv1481
0.3287671232876712,Rv1544
0.27419354838709675,Rv1678
0.3,Rv1914c-aceAa
0.15151515151515152,Rv2143
0.25,glnA2-Rv2223c
0.2112676056338028,vapC20
0.3090909090909091,relA-apt
0.20930232558139536,rbfA
0.2702702702702703,mmpL7
0.1791044776119403,ppk1
0.2876712328767123,Rv3035
0.23809523809523808,Rv3166c-Rv3167c
0.17142857142857143,sigF
0.2463768115942029,gcp
0.3055555555555556,PE_PGRS54-ilvX
0.2857142857142857,Rv3705A
0.3424657534246575,wag31
0.2926829268292683,cdh
0.16923076923076924,aspB
0.234375,Rv0918
0.3375,Rv0964c
0.17142857142857143,Rv1059
0.2191780821917808,Rv1255c
0.26436781609195403,Rv2077c
0.3684210526315789,Rv2451
0.38571428571428573,Rv2563
0.20987654320987653,Rv2876
0.23076923076923078,Rv3060c
0.2777777777777778,Rv3228
0.28205128205128205,Rv3376-Rv3377c
0.24096385542168675,fadE35-Rv3798
0.28125,fcoT
0.24675324675324675,pckA
0.3218390804597701,hsp-nirB
0.23809523809523808,rplV
0.18055555555555555,Rv0787
0.23076923076923078,Rv0963c-Rv0964c
0.2727272727272727,prpD
0.2804878048780488,chaA
0.17857142857142858,Rv1948c
0.21428571428571427,pfkB
0.29850746268656714,dnaG-dgt
0.3333333333333333,Rv2369c
0.2318840579710145,fdhF
0.2891566265060241,prfB
0.3055555555555556,Rv3205c
0.3333333333333333,Rv3412
0.26582278481012656,Rv3735
0.2073170731707317,Rv3851
0.23809523809523808,thiO
0.19480519480519481,Rv1373-Rv1374c
0.23333333333333334,Rv1486c
0.2972972972972973,Rv1626-Rv1627c
0.25396825396825395,Rv1671
0.29545454545454547,Rv2449c
0.2608695652173913,Rv2554c
0.24615384615384617,Rv3195
0.2159090909090909,Rv3202c-lipV
0.26865671641791045,Rv3577
0.30303030303030304,Rv3677c
0.24193548387096775,fbpA-aftB
0.24675324675324675,Rv3750c-Rv3751
0.3472222222222222,Rv0216
0.3142857142857143,Rv0347
0.203125,Rv1034c-Rv1035c
0.24324324324324326,metB
0.23529411764705882,metE-Rv1134
0.18055555555555555,cysM
0.30666666666666664,Rv1717-Rv1718
0.3125,Rv2023c
0.2125,Rv0979c
0.21739130434782608,Rv0666-rpoB
0.2638888888888889,adk
0.16923076923076924,Rv1520-fadD25
0.3170731707317073,Rv1825
0.19230769230769232,Rv2651c-Rv2652c
0.3076923076923077,Rv3143
0.3225806451612903,cysS1
0.16417910447761194,Rv3659c
0.2191780821917808,fadE36
0.24,Rv2001-fabG3
0.225,echA8
0.22988505747126436,Rv2026c
0.2987012987012987,lppR
0.2898550724637681,Rv3073c
0.2459016393442623,Rv1760
0.27692307692307694,prfB-fprA
0.25,Rv0039c
0.2625,fgd2-Rv0133
0.32894736842105265,Rv0249c-Rv0250c
0.25,Rv0397-Rv0397A
0.2,bpoC
0.19480519480519481,mce2R
0.2835820895522388,Rv2033c-Rv2034
0.34328358208955223,apt-Rv2585c
0.35384615384615387,Rv3253c
0.2,upp-sapM
0.1780821917808219,trpS
0.18421052631578946,parA
0.2413793103448276,fadD17-PE_PGRS53
0.14864864864864866,mazE1-Rv0457c
0.28378378378378377,vapC4
0.25925925925925924,Rv1232c
0.23809523809523808,Rv2307A-Rv2307B
0.3111111111111111,Rv2417c-Rv2418c
0.2465753424657534,iscS-Rv3026c
0.23529411764705882,Rv3217c-Rv3218
0.3253012048192771,nei
0.3114754098360656,Rv3485c
0.19480519480519481,purM-Rv0810c
0.22535211267605634,Rv0043c-Rv0044c
0.35384615384615387,fadA
0.2702702702702703,Rv1218c
0.2413793103448276,Rv1288
0.2602739726027397,hisC1
0.18292682926829268,Rv2049c
0.24324324324324326,Rv2050
0.275,cobI
0.23170731707317074,rnpB
0.34782608695652173,Rv2315c
0.24358974358974358,Rv2531c
0.2786885245901639,Rv3033
0.25,Rv3241c-Rv3242c
0.28378378378378377,leuA-dnaQ
0.2564102564102564,Rv2980
0.3382352941176471,Rv2542
0.16176470588235295,PE_PGRS5-Rv0298
0.2318840579710145,Rv0494
0.22784810126582278,Rv0731c
0.2647058823529412,oppA
0.2191780821917808,cydD
0.2441860465116279,Rv1674c-cmr
0.23076923076923078,narK2
0.24285714285714285,echA13
0.4027777777777778,Rv2372c
0.2571428571428571,nadD
0.2465753424657534,fixA-Rv3030
0.2753623188405797,nuoA
0.2,esxT
0.24390243902439024,fadE1-fgd2
0.2028985507246377,Rv0143c-Rv0144
0.3698630136986301,Rv0227c
0.296875,Rv0430
0.2911392405063291,mca
0.21875,acn
0.3333333333333333,aprA-aprB
0.1891891891891892,Rv2423-Rv2424c
0.2878787878787879,Rv2618
0.2682926829268293,PPE44-Rv2771c
0.35526315789473684,Rv2827c
0.28169014084507044,vapC47
0.25675675675675674,cut3
0.2857142857142857,amiB2-Rv1264
0.2631578947368421,dnaN
0.2835820895522388,Rv0097
0.2777777777777778,rpmB1-Rv0106
0.2916666666666667,Rv0470A
0.14516129032258066,Rv0740
0.2692307692307692,Rv0953c
0.31343283582089554,PE_PGRS21-Rv1087A
0.42424242424242425,Rv1378c
0.25,Rv1842c-guaB1
0.2676056338028169,Rv2273
0.25316455696202533,proB
0.2222222222222222,mmuM
0.265625,dprE2
0.32432432432432434,Rv3813c
0.3018867924528302,Rv1961-vapC35
0.1891891891891892,zmp1
0.2571428571428571,Rv0430-Rv0431
0.21052631578947367,Rv0910-Rv0911
0.2823529411764706,pknH-embR
0.25,Rv1951c-vapB14
0.20967741935483872,Rv2081c-Rv2082
0.23214285714285715,dedA-Rv2638
0.21518987341772153,moaR1
0.15254237288135594,Rv3311
0.18181818181818182,Rv3702c
0.2682926829268293,trxB2
0.2463768115942029,mtc28
0.29577464788732394,Rv1313c-Rv1314c
0.3404255319148936,Rv1453
0.3108108108108108,glpQ2
0.25,deoC
0.24358974358974358,Rv1147
0.18055555555555555,fbiC-TB8.4
0.3387096774193548,pgk
0.2191780821917808,vapB13
0.3076923076923077,fbpB
0.3142857142857143,lepA
0.3235294117647059,glnA4-mapB
0.2,sdhA
0.2028985507246377,truA
0.2898550724637681,fadE34
0.20270270270270271,lpqN
0.21428571428571427,Rv3579c
0.25925925925925924,Rv3657c
0.2564102564102564,serV-Rv3723
0.28125,Rv0031-bioF2
0.3103448275862069,Rv0071-Rv0072
0.2441860465116279,mak
0.2833333333333333,aspC
0.2835820895522388,vapB29
0.27848101265822783,Rv0749A
0.26506024096385544,lpqQ
0.25862068965517243,cspB
0.3114754098360656,fmt
0.24615384615384617,Rv1702c-Rv1703c
0.323943661971831,gcvB
0.2028985507246377,adoK-Rv2203
0.2647058823529412,panB
0.20270270270270271,papA5
0.22077922077922077,cfp6
0.25675675675675674,rsfB-Rv3688c
0.265625,Rv2799
0.24285714285714285,Rv0892
0.2054794520547945,Rv0954
0.20833333333333334,Rv1830
0.3088235294117647,glcB-vapC13
0.27941176470588236,Rv2175c
0.2112676056338028,Rv2893
0.3,fadE32
0.17142857142857143,Rv3679
0.3181818181818182,nirD
0.18461538461538463,mutB
0.2753623188405797,G2
0.2647058823529412,Rv0004-gyrB
0.2692307692307692,Rv0052-rpsF
0.2,sdaA
0.17647058823529413,Rv0157A
0.3333333333333333,Rv0181c
0.2463768115942029,Rv0219
0.140625,Rv0295c
0.16666666666666666,Rv0546c
0.25333333333333335,galK-Rv0621
0.2318840579710145,recC-echA3
0.2753623188405797,Rv0690c
0.21428571428571427,sppA
0.26744186046511625,Rv0787A
0.27380952380952384,Rv0807
0.20512820512820512,Rv0839
0.23170731707317074,moaA2
0.3230769230769231,Rv0901
0.2647058823529412,prrB
0.29333333333333333,Rv1000c
0.2028985507246377,prsA
0.19047619047619047,fum
0.27710843373493976,Rv1257c
0.32786885245901637,Rv1456c
0.2361111111111111,Rv1476
0.35294117647058826,Rv1910c
0.21686746987951808,Rv1987
0.3181818181818182,Rv2181
0.14925373134328357,dlaT
0.2835820895522388,hrcA-Rv2375
0.29411764705882354,vapB41
0.2602739726027397,suhB
0.23684210526315788,Rv2723
0.28205128205128205,Rv2966c-pca
0.28169014084507044,gpdA2
0.3108108108108108,cyp141-Rv3122
0.23076923076923078,Rv3188
0.22413793103448276,Rv3256c
0.2222222222222222,sdhB
0.3088235294117647,Rv3322c
0.26229508196721313,Rv3415c
0.2786885245901639,Rv3510c-PE_PGRS55
0.2571428571428571,accD4
0.28378378378378377,Rv2767c-PPE43
0.16923076923076924,Rv1728c
0.2647058823529412,bkdB
0.19101123595505617,Rv3173c
0.29069767441860467,Rv3528c
0.2638888888888889,ppdK-Rv1128c
0.3055555555555556,Rv2019
0.3108108108108108,mtn
0.23943661971830985,Rv0401-mmpL1
0.2571428571428571,Rv0449c
0.1,hadA
0.2318840579710145,Rv0695
0.2857142857142857,purH-Rv0958
0.2191780821917808,Rv1006
0.1794871794871795,gpgS
0.19480519480519481,Rv1478
0.25,cydA
0.25,scpB
0.2571428571428571,vapC13
0.29411764705882354,blaR
0.24193548387096775,Rv2184c-TB16.3
0.2987012987012987,mscR
0.18461538461538463,mbtC
0.21428571428571427,echA14
0.1780821917808219,hrp1
0.3333333333333333,Rv3208
0.21428571428571427,Rv3329
0.25925925925925924,Rv3329-dacB1
0.17333333333333334,Rv3371-otsB2
0.2777777777777778,Rv3672c
0.1927710843373494,Rv3688c
0.2028985507246377,tgs2-Rv3735
0.2926829268292683,Rv3829c-Rv3830c
0.2564102564102564,Rv0360c
0.24691358024691357,Rv0514
0.23529411764705882,ccdA
0.2222222222222222,Rv1510
0.19767441860465115,Rv2983
0.2236842105263158,sigL
0.25925925925925924,pdc
0.29577464788732394,Rv1278
0.34210526315789475,lprD
0.21428571428571427,mmpS3
0.34782608695652173,cyp51
0.2857142857142857,Rv2413c
0.38571428571428573,Rv2898c-fdhD
0.2753623188405797,Rv3857c-gltD
0.32894736842105265,PE_PGRS37-ansP1
0.22727272727272727,Rv2365c
0.2112676056338028,proZ
0.36764705882352944,fadE2
0.30666666666666664,Rv0434-Rv0435c
0.3333333333333333,trcR-Rv1034c
0.23170731707317074,Rv1443c-Rv1444c
0.34177215189873417,Rv1742
0.17142857142857143,aprB
0.34444444444444444,aroB
0.21794871794871795,rpsP
0.2571428571428571,acpA
0.22727272727272727,def-Rv0430
0.296875,Rv2040c
0.21794871794871795,clpB
0.2463768115942029,Rv0520
0.27631578947368424,Rv0560c
0.26865671641791045,Rv0785
0.2345679012345679,sugC
0.24,Rv1985c
0.35064935064935066,asnB
0.2702702702702703,Rv2598
0.3,Rv2681
0.19736842105263158,Rv2781c
0.1388888888888889,serB2
0.24193548387096775,ppa
0.2702702702702703,rplM-esxT
0.2608695652173913,thrV-Rv0756c
0.21794871794871795,Rv0203
0.22666666666666666,Rv0281-eccA3
0.24285714285714285,xthA
0.26666666666666666,Rv0607-vapB28
0.2222222222222222,Rv0689c
0.19047619047619047,Rv0738
0.36231884057971014,Rv0801
0.2535211267605634,lpqX
0.3076923076923077,nadA
0.3013698630136986,Rv2049c-Rv2050
0.27848101265822783,yfiH
0.3333333333333333,Rv2313c
0.2987012987012987,Rv2481c
0.25,Rv2573
0.32,ribF
0.2714285714285714,fpg
0.2345679012345679,gatB
0.3055555555555556,Rv3057c
0.2702702702702703,Rv3075c
0.2714285714285714,Rv3090
0.2875,Rv3559c
0.3157894736842105,Rv0025-Rv0026
0.23170731707317074,Rv0199
0.21176470588235294,PE12-fbiC
0.20689655172413793,Rv1507c
0.24050632911392406,PPE32-PPE33
0.25333333333333335,thyX-hsdS.1
0.24324324324324326,Rv2808
0.28169014084507044,rpsB-Rv2891
0.3384615384615385,rplQ
0.2714285714285714,fdxD
0.18292682926829268,Rv1004c
0.1780821917808219,Rv0194-Rv0195
0.20967741935483872,fadE6
0.30864197530864196,pth
0.22857142857142856,Rv1635c
0.25882352941176473,Rv1954A
0.2962962962962963,Rv2034
0.2535211267605634,Rv2077A-Rv2078
0.2537313432835821,Rv2520c
0.26229508196721313,Rv3312c
0.23809523809523808,Rv3768
0.171875,Rv3786c
0.23684210526315788,Rv1749c
0.3246753246753247,vapC7
0.2191780821917808,pstC1
0.19718309859154928,Rv1496
0.23076923076923078,Rv1894c
0.29310344827586204,Rv1928c-Rv1929c
0.3625,Rv1951c
0.23529411764705882,Rv2957
0.2537313432835821,Rv3114
0.175,dacB1-sugI
0.23333333333333334,hsaD
0.3333333333333333,eccCb1
0.34146341463414637,espL
0.2857142857142857,Rv0349
0.2727272727272727,Rv3238c
0.2647058823529412,Rv0048c-Rv0049
0.28,vapC2
0.23170731707317074,vapC26
0.3157894736842105,Rv1139c-Rv1140
0.3116883116883117,Rv1186c-rocA
0.18571428571428572,PPE19-Rv1362c
0.19101123595505617,pyrF
0.25287356321839083,Rv1517
0.25,argJ
0.2537313432835821,Rv1773c
0.2753623188405797,murF
0.2777777777777778,gcvT
0.2857142857142857,Rv2842c
0.3076923076923077,Rv2915c
0.21428571428571427,Rv2998A-lppY
0.2835820895522388,Rv3237c
0.2727272727272727,Rv3668c
0.2894736842105263,Rv1939
0.2261904761904762,Rv2166c-Rv2167c
0.25,metB-greA
0.2857142857142857,Rv0108c-PE_PGRS1
0.17777777777777778,sigE
0.32786885245901637,Rv1546
0.2876712328767123,vapB19
0.27631578947368424,mutT1
0.19480519480519481,pcp
0.3333333333333333,rnpA
0.31343283582089554,rpmC
0.3132530120481928,Rv0496
0.3380281690140845,Rv1184c-fadD21
0.2857142857142857,ldtB
0.28169014084507044,Rv2811
0.2191780821917808,Rv3762c-lpqH
0.3235294117647059,esxD-PPE69
0.3026315789473684,fucA
0.2535211267605634,Rv1112
0.2125,tlyA
0.24175824175824176,moaB2
0.19444444444444445,Rv1050-Rv1051c
0.2692307692307692,cbs-pra
0.3230769230769231,Rv1157c
0.32894736842105265,Rv1414
0.3283582089552239,Rv1432
0.265625,Rv1459c
0.2535211267605634,Rv1499
0.2638888888888889,Rv2134c
0.27586206896551724,lppL-pyrD
0.3561643835616438,murG
0.21212121212121213,glnE
0.2631578947368421,vapB16
0.3157894736842105,Rv2700
0.2236842105263158,Rv2733c-Rv2734
0.2125,guaB3
0.20588235294117646,Rv0326
0.29508196721311475,dnaZX
0.3150684931506849,Rv0401
0.23880597014925373,Rv0523c
0.15714285714285714,aroF
0.265625,rplK
0.2876712328767123,Rv0779c
0.25316455696202533,Rv1056
0.31343283582089554,pafC
0.24691358024691357,Rv2473
0.26785714285714285,Rv2541-Rv2542
0.3375,pgsA3
0.25757575757575757,Rv1376
0.15625,Rv1429-PE16
0.36,pntAb
0.25757575757575757,modB
0.3181818181818182,cobC
0.26582278481012656,Rv2739c
0.2,Rv2797c
0.2571428571428571,esxG
0.2236842105263158,Rv3197-whiB7
0.3026315789473684,Rv3212-Rv3213c
0.3225806451612903,moaC3
0.3333333333333333,galE1
0.25,dppD
0.2222222222222222,fadE7
0.26865671641791045,pip-Rv0841
0.2571428571428571,Rv2472
0.2564102564102564,Rv1628c
0.2727272727272727,Rv2240c-aceE
0.3108108108108108,Rv2636-dedA
0.27848101265822783,Rv0311-Rv0312
0.23943661971830985,echA14-PE_PGRS42
0.24691358024691357,Rv0492A
0.27586206896551724,mpg
0.24,mpt70
0.3026315789473684,Rv3278c-birA
0.16417910447761194,devB
0.24615384615384617,Rv1856c
0.22727272727272727,Rv2250c
0.31666666666666665,Rv2304c
0.23529411764705882,Rv2336
0.2608695652173913,Rv2345-esxO
0.2777777777777778,Rv2402
0.2345679012345679,echA15-Rv2680
0.24719101123595505,Rv2806-Rv2807
0.25301204819277107,ligC
0.1951219512195122,Rv3752c
0.19696969696969696,ncrMT3949-Rv3843c
0.2988505747126437,Rv0738-Rv0739
0.23255813953488372,Rv0008c
0.22,eccA3
0.16883116883116883,Rv0361
0.34782608695652173,Rv0681-rpsL
0.1791044776119403,PE_PGRS8-Rv0743c
0.20238095238095238,cysA2
0.2692307692307692,lysA
0.21818181818181817,guaB1
0.23636363636363636,cobD
0.18604651162790697,Rv2694c-Rv2695
0.2698412698412698,acyP
0.23529411764705882,Rv2954c-Rv2955c
0.2972972972972973,lpqD
0.3037974683544304,fadD18
0.27419354838709675,Rv3922c
0.2318840579710145,Rv3732-Rv3733c
0.27941176470588236,amiB2
0.27906976744186046,oppC
0.26506024096385544,fadE15
0.3918918918918919,ggtB-Rv2395
0.25609756097560976,gabD1
0.352112676056338,citE
0.22535211267605634,viuB
0.19047619047619047,fadA5
0.1891891891891892,fbpD-fbpA
0.21428571428571427,ssb
0.36363636363636365,cfp29
0.24675324675324675,lpqS
0.31645569620253167,pheU-PE_PGRS12
0.25,Rv2197c
0.24,Rv2478c
0.32432432432432434,Rv3349c-PPE56
0.2413793103448276,pncB1-Rv1331
0.18461538461538463,irtB
0.22666666666666666,ribA2
0.25,Rv1726
0.22093023255813954,hemE
0.26865671641791045,Rv3226c-aroA
0.2318840579710145,pflA-fadE24
0.2835820895522388,Rv1126c
0.23076923076923078,Rv1482c
0.19736842105263158,glnA1
0.23809523809523808,Rv3207c
0.25396825396825395,lpqC
0.29577464788732394,Rv3741c
0.28378378378378377,Rv3324A-Rv3325
0.24615384615384617,cobG-cobH
0.22972972972972974,Rv2762c
0.2028985507246377,Rv3916c-parB
0.22535211267605634,Rv0042c-Rv0043c
0.2916666666666667,hycD
0.2,fba
0.22857142857142856,Rv0574c-Rv0575c
0.18461538461538463,mmaA1
0.2191780821917808,PE_PGRS13-PE_PGRS14
0.21621621621621623,Rv1085c
0.3108108108108108,cyp130-Rv1257c
0.208955223880597,echA13-Rv1936
0.19117647058823528,mpt64-nrdF1
0.2916666666666667,Rv2206
0.30666666666666664,fadE19
0.1774193548387097,Rv2771c
0.18292682926829268,Rv2908c
0.3076923076923077,Rv3200c-Rv3201c
0.2345679012345679,kgtP-PE31
0.22950819672131148,Rv3626c
0.2535211267605634,Rv0539
0.21428571428571427,Rv3604c
0.2054794520547945,greA-Rv1081c
0.25675675675675674,ptbB
0.20253164556962025,ilvG
0.2962962962962963,Rv2028c
0.3111111111111111,Rv2219A
0.25,Rv2306B
0.3181818181818182,Rv2417c
0.2857142857142857,Rv3335c
0.1694915254237288,Rv3527-Rv3528c
0.2714285714285714,glpQ1
0.2571428571428571,Rv1057
0.2465753424657534,cfp21-Rv1985c
0.2571428571428571,aglA-Rv2472
0.23076923076923078,Rv1227c
0.17543859649122806,ctpD-trxA
0.28205128205128205,hemZ
0.22580645161290322,ureF
0.1935483870967742,cfp21
0.125,sigC
0.2857142857142857,hsaF
0.2948717948717949,nat
0.20987654320987653,B55-Rv0610c
0.30120481927710846,Rv0870c-cspB
0.25,Rv1000c-arcA
0.1375,esxJ-PPE15
0.1728395061728395,PE_PGRS19-PE_PGRS20
0.28,irtB-fabG2
0.36363636363636365,pyrC
0.3333333333333333,lspA
0.24675324675324675,lppT-PPE28
0.25333333333333335,apa
0.21333333333333335,dop-Rv2113
0.35064935064935066,Rv2177c-aroG
0.1643835616438356,Rv2438A
0.20987654320987653,Rv2484c-lipQ
0.27472527472527475,Rv3055
0.2878787878787879,adhD
0.2328767123287671,ftsQ
0.27586206896551724,Rv0208c-Rv0209
0.2631578947368421,Rv1567c
0.2891566265060241,hemK
0.24050632911392406,ftsK
0.24050632911392406,Rv2997
0.24,Rv3032
0.2876712328767123,metZ
0.26153846153846155,Rv0021c-whiB5
0.3,purC
0.28169014084507044,Rv2772c-dapB
0.17567567567567569,Rv1466-fadE15
0.22950819672131148,Rv2285-Rv2286c
0.2318840579710145,rpiB-Rv2466c
0.23880597014925373,Rv3013
0.25,Rv3263-manB
0.26865671641791045,Rv0744c
0.21176470588235294,moxR2-Rv3693
0.3389830508474576,dnaA
0.17567567567567569,pepA-treS
0.3055555555555556,Rv0375c
0.2608695652173913,clpB-Rv0385
0.2153846153846154,Rv0579
0.3194444444444444,Rv0787-Rv0787A
0.26865671641791045,Rv0945
0.19101123595505617,Rv0997
0.3230769230769231,desA2
0.2375,Rv1199c-Rv1200
0.2465753424657534,Rv1534
0.17857142857142858,trpC
0.25,Rv2075c
0.2328767123287671,Rv2282c-Rv2283
0.2894736842105263,Rv2422
0.3333333333333333,Rv2512c-Rv2513
0.2054794520547945,Rv2695-Rv2696c
0.16666666666666666,Rv2717c
0.17073170731707318,echA17
0.23943661971830985,serU
0.25301204819277107,glnA3
0.24675324675324675,glnA4
0.22950819672131148,thrA
0.265625,Rv1401
0.21428571428571427,Rv2775
0.3333333333333333,leuB
0.25609756097560976,Rv3225c
0.273972602739726,Rv3226c
0.25,rplO-sppA
0.27848101265822783,Rv1024
0.3375,mpr12
0.14285714285714285,Rv3034c
0.3235294117647059,Rv3041c
0.36231884057971014,Rv2879c
0.208955223880597,udgB
0.3150684931506849,plcB-plcA
0.25396825396825395,PE_PGRS40-Rv2372c
0.2894736842105263,nudC-Rv3200c
0.2537313432835821,end
0.25,Rv2061c-cobN
0.18571428571428572,Rv0771
0.25609756097560976,ompA
0.2682926829268293,cysQ-Rv2132
0.2898550724637681,aroE
0.2638888888888889,Rv1265
0.2602739726027397,cyp130
0.27941176470588236,Rv1421
0.26865671641791045,Rv1685c
0.3235294117647059,accD6-Rv2248
0.2894736842105263,Rv2876-Rv2877c
0.36904761904761907,eccB4
0.25675675675675674,Rv3463
0.25,Rv3468c
0.23728813559322035,Rv3821
0.20833333333333334,sodC
0.1827956989247312,Rv0603
0.28378378378378377,rpfC
0.3880597014925373,Rv1990A-mazF6
0.3026315789473684,rsfB
0.23809523809523808,Rv0128
0.17391304347826086,fadD5-yrbE1A
0.23529411764705882,Rv0439c
0.28,Rv0488-gpm1
0.2222222222222222,phoY2
0.27848101265822783,Rv0965c
0.23863636363636365,Rv0990c-Rv0991c
0.3333333333333333,rpe
0.19718309859154928,PE_PGRS31-Rv1769
0.3333333333333333,Rv1979c-mpt64
0.24358974358974358,acg-Rv2033c
0.2786885245901639,Rv2506-Rv2507
0.34210526315789475,glnQ-Rv2565
0.2571428571428571,cdsA
0.3088235294117647,Rv3054c
0.2833333333333333,Rv3073c-Rv3074
0.1917808219178082,Rv3239c-secA1
0.2916666666666667,Rv3289c
0.2835820895522388,Rv1861
0.35,Rv2613c
0.18421052631578946,Rv0817c-Rv0818
0.21052631578947367,rpsR2
0.359375,Rv0765c
0.24615384615384617,TB8.4
0.3333333333333333,Rv1279
0.14084507042253522,dfp
0.2894736842105263,Rv2060
0.21951219512195122,dipZ-mpt70
0.2537313432835821,Rv3768-Rv3769
0.23333333333333334,pirG-Rv3811
0.25675675675675674,iunH-Rv3394c
0.273972602739726,Rv1167c
0.24615384615384617,cydB
0.2878787878787879,Rv1897c
0.25,Rv1977-Rv1978
0.2702702702702703,Rv2600
0.25,Rv3092c
0.27941176470588236,Rv3603c-Rv3604c
0.3516483516483517,ask
0.3793103448275862,gyrA-Rv0007
0.21686746987951808,sigK
0.26666666666666666,Rv0922-Rv0923c
0.21621621621621623,Rv0970
0.3055555555555556,hisI-chaA
0.2727272727272727,Rv1673c
0.25396825396825395,Rv1747-Rv1748
0.23076923076923078,Rv2005c-otsB1
0.18333333333333332,fxsA
0.34615384615384615,qcrA
0.2054794520547945,Rv2219
0.2,Rv2515c
0.2692307692307692,lipN-Rv2970A
0.1839080459770115,leuC
0.2894736842105263,whiB2
0.21794871794871795,gshA-Rv3705c
0.2857142857142857,Rv3224A
0.22666666666666666,rplY-lpqT
0.23529411764705882,fadD21-Rv1186c
0.323943661971831,hrcA
0.23529411764705882,fabG3
0.24390243902439024,Rv1810-mgtC
0.30666666666666664,vapC22
0.3064516129032258,rpsC
0.19402985074626866,Rv1531
0.24,bioB
0.24615384615384617,sirA
0.24358974358974358,PPE57-PPE58
0.25,vapB48
0.2153846153846154,sodA-Rv3847
0.11428571428571428,ethA-ethR
0.21739130434782608,ilvA
0.18461538461538463,rpsN2
0.34210526315789475,lpqG
0.20588235294117646,Rv0881
0.1794871794871795,Rv0227c-Rv0228
0.22950819672131148,mrr-Rv2529
0.2564102564102564,esxQ
0.2261904761904762,Rv0049-ponA1
0.3055555555555556,Rv0428c
0.24675324675324675,oppB-canA
0.2891566265060241,prfA
0.24285714285714285,Rv1356c
0.2361111111111111,Rv1367c-lprF
0.2564102564102564,Rv2410c
0.2631578947368421,ldtB-lysU
0.2786885245901639,Rv2749
0.2608695652173913,Rv3312A
0.17647058823529413,Rv3354
0.22535211267605634,glgE-glgP
0.1111111111111111,Rv0196
0.1875,Rv3848
0.29411764705882354,menC
0.21333333333333335,fas-Rv2525c
0.3382352941176471,icl1
0.25333333333333335,Rv0730
0.3,Rv1290A-Rv1291c
0.3157894736842105,Rv1360
0.3026315789473684,glyS
0.25925925925925924,Rv2360c
0.3132530120481928,espR
0.2786885245901639,Rv1405c-fmt
0.3088235294117647,Rv1588c-bioB
0.1791044776119403,PE_PGRS39-asnT
0.2558139534883721,Rv3209
0.30434782608695654,accA3
0.19047619047619047,Rv0048c
0.17721518987341772,Rv0837c
0.25,Rv1687c
0.3088235294117647,Rv0110-Rv0111
0.1917808219178082,Rv0249c
0.2222222222222222,ansP2-Rv0347
0.2716049382716049,Rv0968
0.2807017543859649,inhA
0.2535211267605634,Rv2887
0.20588235294117646,Rv3360
0.16417910447761194,yrbE4A
0.2727272727272727,Rv2120c
0.21794871794871795,Rv2300c
0.24,Rv0225
0.28,Rv2525c
0.22535211267605634,fadE23-fadB4
0.3037974683544304,Rv3166c
0.2987012987012987,moeB1
0.2289156626506024,TB9.4-Rv3209
0.2948717948717949,deoA
0.2608695652173913,Rv3749c
0.26666666666666666,vapB31
0.22388059701492538,kmtR
0.2878787878787879,pepN
0.2619047619047619,relE
0.265625,MTS1082
0.31343283582089554,Rv2348c
0.2608695652173913,Rv2787
0.3142857142857143,Rv3120-cyp141
0.2597402597402597,Rv3194c
0.2676056338028169,Rv1571-Rv1572c
0.23255813953488372,Rv0180c-Rv0181c
0.2345679012345679,pfkA
0.3625,Rv2022c-Rv2023c
0.22058823529411764,Rv0912-Rv0913c
0.20833333333333334,lipX-mshB
0.2,eccD5
0.24390243902439024,Rv2229c
0.23376623376623376,Rv3816c
0.3253012048192771,Rv2235
0.32098765432098764,Rv2254c
0.26582278481012656,Rv0480c
0.20634920634920634,Rv3216
0.26582278481012656,Rv2420c
0.140625,murD
0.2804878048780488,vapC8
0.25,Rv0880
0.22666666666666666,PPE60-Rv3479
0.2777777777777778,Rv0812
0.23170731707317074,Rv0919
0.1891891891891892,pstA2
0.2153846153846154,Rv1230c
0.3,mazE4
0.2,Rv1829
0.32142857142857145,Rv2409c
0.22857142857142856,Rv2735c
0.3384615384615385,Rv2851c
0.3142857142857143,leuC-Rv2989
0.2535211267605634,Rv3008
0.25,Rv3268
0.2463768115942029,Rv3594
0.23880597014925373,Rv3706c-Rv3707c
0.2463768115942029,cobQ2
0.12857142857142856,Rv0142
0.2916666666666667,Rv1873
0.22950819672131148,lipA
0.26666666666666666,fabD
0.2054794520547945,Rv0876c
0.24358974358974358,Rv0078B-Rv0079
0.25,Rv0148
0.23076923076923078,cyp135A1-Rv0328
0.3382352941176471,Rv1794
0.25862068965517243,Rv1813c-erg3
0.1896551724137931,Rv1830-Rv1831
0.3157894736842105,truA-rplQ
0.23076923076923078,lpqS-cysK2
0.23076923076923078,Rv0106
0.3055555555555556,Rv0420c
0.24561403508771928,Rv2765-Rv2766c
0.29333333333333333,pyrH
0.3684210526315789,hpt
0.2191780821917808,Rv3683-Rv3684
0.24193548387096775,ilvE
0.3108108108108108,aceE
0.2537313432835821,Rv2296
0.2535211267605634,Rv1194c-PE13
0.2911392405063291,PPE31-PPE32
0.24050632911392406,Rv2695
0.28169014084507044,whiB7
0.1891891891891892,ino1
0.323943661971831,PPE3-Rv0281
0.27631578947368424,Rv0622
0.2375,mmaA2-mmaA1
0.171875,fadD16
0.25,Rv1073
0.17105263157894737,lprJ
0.26865671641791045,Rv1891
0.3670886075949367,Rv2219A-glnA1
0.2537313432835821,lppQ
0.28169014084507044,esxP-Rv2348c
0.3125,recO
0.24691358024691357,Rv2390c
0.20987654320987653,argW-echA14
0.22058823529411764,Rv2688c
0.2073170731707317,Rv2842c-Rv2843
0.3,lpqA
0.2835820895522388,Rv3058c
0.18309859154929578,Rv3217c
0.3384615384615385,qor
0.2631578947368421,35kd_ag-clgR
0.25675675675675674,Rv0303
0.22727272727272727,Rv3636-Rv3637
0.14925373134328357,Rv1904-aao
0.24615384615384617,Rv0767c-aldA
0.22580645161290322,rplE
0.1724137931034483,Rv3222c
0.3333333333333333,Rv1735c-narX
0.2222222222222222,Rv3352c
0.15873015873015872,echA2-mazF1
0.25,mmpL13a
0.3048780487804878,Rv1780
0.29850746268656714,Rv2269c
0.29850746268656714,Rv2293c
0.19767441860465115,Rv2506
0.24242424242424243,Rv3162c
0.23943661971830985,Rv3179-Rv3180c
0.2077922077922078,fic
0.3125,sugC-corA
0.23943661971830985,Rv2283
0.18333333333333332,Rv2803-Rv2804c
0.36,fadE9
0.32432432432432434,PE14-Rv1215c
0.2682926829268293,cut1-wag22
0.23809523809523808,Rv0544c
0.26436781609195403,Rv0597c
0.3333333333333333,citA-Rv0890c
0.25,gltA2-Rv0897c
0.28378378378378377,rho
0.2537313432835821,cyp132-Rv1395
0.18333333333333332,Rv1833c-lipZ
0.2923076923076923,Rv2295
0.28169014084507044,PE36-eccC2
0.3181818181818182,amiB1
0.3125,Rv3780
0.29310344827586204,Rv3906c
0.2857142857142857,Rv0454
0.2647058823529412,vapC3
0.27472527472527475,Rv0998
0.29508196721311475,Rv1104-Rv1105
0.22535211267605634,Rv1487
0.2804878048780488,Rv2581c-ppiB
0.34782608695652173,Rv2662-Rv2663
0.2647058823529412,mazF9
0.13636363636363635,Rv3233c
0.2894736842105263,Rv3387-PE_PGRS52
0.3157894736842105,PE_PGRS57-fadD19
0.2077922077922078,Rv3517
0.2702702702702703,lpqO-Rv0605
0.15625,gpm2
0.2564102564102564,trpA
0.21428571428571427,Rv1831
0.21794871794871795,leuS-Rv0042c
0.3048780487804878,PE_PGRS41-cysA1
0.2835820895522388,snzP
0.2692307692307692,Rv0068
0.2564102564102564,Rv0150c
0.3287671232876712,Rv0499
0.2967032967032967,sucD-Rv0953c
0.1917808219178082,Rv0970-echA7
0.22857142857142856,fadD36-Rv1194c
0.20634920634920634,frr
0.323943661971831,cyp136
0.24358974358974358,ansA-lspA
0.16981132075471697,argG-argH
0.21428571428571427,Rv0102-ctpB
0.323943661971831,cobU
0.3411764705882353,eccE3
0.313953488372093,rpmG2
0.36507936507936506,ncrMT1234
0.22857142857142856,rpmB2
0.3058823529411765,lppJ-Rv2081c
0.23076923076923078,parD2-Rv2143
0.24285714285714285,Rv3031
0.22388059701492538,cysA3
0.2413793103448276,entC-Rv3216
0.20634920634920634,Rv3271c
0.35365853658536583,fadE33
0.24615384615384617,Rv0796-Rv0797
0.2714285714285714,lprG
0.3333333333333333,tpi
0.2962962962962963,Rv1670
0.2222222222222222,mcr7
0.2463768115942029,rplU-dctA
0.2903225806451613,mmr
0.16666666666666666,deoD
0.2602739726027397,Rv3342
0.27941176470588236,Rv0106-ctpI
0.23529411764705882,lpqL
0.28205128205128205,rpsS
0.30158730158730157,rpsH
0.2631578947368421,Rv0740-Rv0741
0.25757575757575757,PE_PGRS15-fadE10
0.30434782608695654,moeA1-rimJ
0.3424657534246575,Rv1635c-TB15.3
0.2073170731707317,hisG
0.20930232558139536,Rv2557-Rv2558
0.23880597014925373,rpsO-ribF
0.2982456140350877,Rv3353c-Rv3354
0.19480519480519481,Rv1765c
0.2857142857142857,fadA4
0.2716049382716049,fadD11.1
0.2375,clpP2
0.2,lpqV
0.23684210526315788,coaE
0.2835820895522388,Rv1638A
0.21739130434782608,Rv2307D-Rv2308
0.3333333333333333,Rv2716
0.24096385542168675,Rv2851c-mqo
0.2153846153846154,Rv2958c-Rv2959c
0.27631578947368424,panD
0.3246753246753247,Rv1632c
0.2716049382716049,cysK1
0.2112676056338028,Rv3235-Rv3236c
0.3076923076923077,Rv0616c
0.2413793103448276,Rv0841
0.3,mazF1
0.21311475409836064,Rv1083
0.2571428571428571,Rv1565c
0.24358974358974358,Rv2331
0.25,Rv2670c
0.3472222222222222,Rv2704
0.24242424242424243,vapC42
0.2894736842105263,MTS2823
0.3472222222222222,PPE68-esxB
0.25,Rv2805
0.3225806451612903,Rv0268c
0.2857142857142857,rskA-sigK
0.18309859154929578,gpdA1-Rv0565c
0.36231884057971014,PPE12-Rv0755A
0.26153846153846155,gpgS-Rv1209
0.20634920634920634,Rv1341
0.2682926829268293,pyrF-PE15
0.21739130434782608,Rv1424c-Rv1425
0.21875,trpC-trpB
0.26865671641791045,Rv1906c-Rv1907c
0.21333333333333335,Rv1930c
0.2676056338028169,Rv2611c
0.20987654320987653,Rv2795c
0.25,PE32-lpqG
0.2727272727272727,Rv2975c
0.225,wbbL1
0.2465753424657534,Rv0248c
0.2289156626506024,PPE52-nuoA
0.2597402597402597,rsbW
0.203125,Rv0601c
0.2545454545454545,canB
0.29577464788732394,Rv0135c
0.2028985507246377,Rv0348
0.29850746268656714,Rv0610c-Rv0611c
0.2318840579710145,Rv0268c-Rv0269c
0.18181818181818182,fabG4-fadA2
0.3380281690140845,papA2-Rv3821
0.38028169014084506,pncB2
0.23809523809523808,Rv1065
0.35526315789473684,Rv1424c
0.2727272727272727,pheS
0.25925925925925924,Rv2184c
0.2222222222222222,Rv2734
0.25301204819277107,trmD
0.1935483870967742,fixB
0.25316455696202533,nuoM
0.34782608695652173,Rv3717
0.203125,Rv2078
0.21794871794871795,Rv3095-Rv3096
0.22535211267605634,Rv3542c
0.19444444444444445,Rv1812c
0.2833333333333333,Rv0421c
0.3037974683544304,Rv0163
0.2,fadD12
0.2191780821917808,fbpC
0.21739130434782608,mmaA3
0.2631578947368421,ctaE
0.2857142857142857,mmpS3-Rv2199c
0.34615384615384615,ptpA
0.2898550724637681,Rv2459-clpP2
0.27586206896551724,PE33-Rv3651
0.22727272727272727,gluT-aspT
0.18421052631578946,Rv1718
0.20270270270270271,Rv3098A
0.3291139240506329,purL
0.26865671641791045,Rv1075c-lipU
0.25,mcr3-rrs
0.20253164556962025,polA-rpsA
0.21212121212121213,Rv2694c
0.32857142857142857,Rv3070
0.26582278481012656,Rv3613c
0.4057971014492754,leuT-Rv0021c
0.2631578947368421,mce1R-fadD5
0.23943661971830985,Rv1086
0.22058823529411764,Rv1351-Rv1352
0.3484848484848485,Rv1556
0.20588235294117646,Rv1767
0.22641509433962265,vapC21
0.24193548387096775,rpsO
0.375,ctaD-fecB
0.21052631578947367,whiB1-Rv3220c
0.225,Rv3353c
0.2375,mpr17-lsr2
0.20512820512820512,mmpL8-papA1
0.2972972972972973,Rv1096
0.2564102564102564,Rv1947
0.27941176470588236,Rv0200
0.2972972972972973,Rv2327
0.26865671641791045,nuoK
0.24324324324324326,Rv0793-Rv0794c
0.23076923076923078,Rv0792c-Rv0793
0.26881720430107525,murA
0.3037974683544304,nagA-Rv3333c
0.2926829268292683,folP1
0.23333333333333334,grcC1-htpX
0.24691358024691357,alaS
0.203125,ask-leuA
0.16129032258064516,pknE-Rv1744c
0.35384615384615387,kasB
0.27631578947368424,nuoB
0.21666666666666667,Rv3294c
0.23863636363636365,trpG
0.208955223880597,whiB5
0.28169014084507044,Rv0026-Rv0027
0.2638888888888889,Rv0045c-ino1
0.25806451612903225,Rv0121c
0.18032786885245902,TB18.5
0.2125,zmp1-Rv0199
0.40350877192982454,esxH
0.3291139240506329,Rv0477
0.21978021978021978,Rv0609A
0.25,vapC6-vapB6
0.19718309859154928,Rv0804
0.24242424242424243,Rv0887c
0.2604166666666667,Rv0948c-uvrD1
0.296875,tagA-Rv1211
0.2702702702702703,lpqX-mrp
0.275,atpB
0.16923076923076924,pks10-pks7
0.2638888888888889,Rv1716
0.2597402597402597,Rv1767-PE_PGRS31
0.28378378378378377,Rv1812c-Rv1813c
0.3709677419354839,helZ-Rv2102
0.19696969696969696,wag31-Rv2146c
0.2972972972972973,Rv2237
0.24358974358974358,moeW
0.2465753424657534,vapC40-Rv2597
0.18840579710144928,Rv2633c
0.2328767123287671,Rv2672-aftC
0.3283582089552239,Rv2714-Rv2715
0.25,ephG-PE_PGRS47
0.2261904761904762,Rv2776c-Rv2777c
0.31343283582089554,Rv2912c
0.35443037974683544,ftsY
0.3157894736842105,Rv3040c
0.2911392405063291,tgs3-Rv3235
0.24285714285714285,Rv3243c-lpqB
0.2236842105263158,kshB
0.3116883116883117,Rv3678A
0.27631578947368424,Rv3684-proY
0.21505376344086022,Rv3707c
0.2608695652173913,Rv3745c
0.323943661971831,papA1
0.2,Rv1581c-Rv1582c
0.208955223880597,aspS
0.2777777777777778,Rv0463
0.25842696629213485,Rv0328
0.2125,Rv3395A
0.391304347826087,pnp
0.2235294117647059,esxC
0.25316455696202533,Rv0195
0.28205128205128205,Rv0460-Rv0461
0.22077922077922077,tatB-Rv1225c
0.18055555555555555,mbtK-leuW
0.2638888888888889,vapC40
0.3050847457627119,Rv2709-sigB
0.2535211267605634,mhpE
0.3111111111111111,Rv1118c
0.28125,nrp-Rv0102
0.2857142857142857,Rv1626
0.2714285714285714,Rv2076c
0.22535211267605634,vapB26
0.22784810126582278,vapC25
0.2537313432835821,Rv0822c-Rv0823c
0.19718309859154928,Rv1422
0.3684210526315789,Rv3517-cyp142
0.2564102564102564,nusG
0.2535211267605634,Rv0232
0.3,fadD14-Rv1059
0.2619047619047619,Rv3693-Rv3694c
0.1891891891891892,vapC29
0.3125,Rv1995
0.2602739726027397,nicT
0.2159090909090909,Rv2963-purU
0.30666666666666664,Rv3538
0.22413793103448276,dppC
0.23076923076923078,Rv0093c-Rv0094c
0.17647058823529413,Rv0991c
0.21621621621621623,Rv1337
0.16923076923076924,ripA
0.22388059701492538,Rv2136c
0.2345679012345679,Rv2172c
0.24615384615384617,Rv3405c
0.22784810126582278,Rv3643
0.22535211267605634,fadA4-Rv1324
0.2608695652173913,gmhB
0.29213483146067415,Rv0615
0.2898550724637681,Rv1053c-Rv1054
0.2716049382716049,Rv1097c
0.17647058823529413,Rv1271c-Rv1272c
0.19480519480519481,Rv1273c-lprB
0.2375,Rv1373
0.21875,Rv1513
0.2875,Rv1668c-Rv1669
0.25333333333333335,Rv1776c-cyp144
0.1891891891891892,Rv2186c-fadD15
0.2696629213483146,lexA
0.2698412698412698,ddlA
0.17142857142857143,PPE50-PPE51
0.13953488372093023,rimI
0.2916666666666667,Rv3583c-lpqE
0.273972602739726,cspA-Rv3649
0.2786885245901639,PE_PGRS62-Rv3813c
0.2463768115942029,Rv0385-Rv0386
0.22857142857142856,Rv1693
0.25,Rv1703c
0.25396825396825395,aroK
0.25333333333333335,Rv2665
0.2903225806451613,mtc28-leuS
0.24324324324324326,hsp
0.3950617283950617,Rv0274
0.22413793103448276,Rv0580c-vapB26
0.28205128205128205,tcrA
0.3026315789473684,rplJ
0.25757575757575757,Rv0810c-Rv0811c
0.21951219512195122,Rv1727
0.2804878048780488,Rv2114
0.3142857142857143,Rv2475c
0.2545454545454545,bcp
0.2413793103448276,Rv3169-aofH
0.2835820895522388,purK
0.23880597014925373,bfrB
0.23880597014925373,Rv2721c-Rv2722
0.2898550724637681,serS
0.1282051282051282,Rv0799c
0.1527777777777778,tmk-sahH
0.23880597014925373,Rv1504c-Rv1505c
0.27941176470588236,Rv3258c
0.2236842105263158,upp
0.1978021978021978,Rv2165c
0.1643835616438356,Rv0580c
0.390625,Rv2008c
0.3125,cobS-Rv2209
0.2987012987012987,sigB-ideR
0.375,ald
0.2465753424657534,argG
0.28205128205128205,Rv3660c
0.30158730158730157,Rv2054
0.27631578947368424,Rv1879
0.2222222222222222,Rv2293c-Rv2294
0.2923076923076923,hpx-Rv3172c
0.26865671641791045,Rv3727-Rv3728
0.2753623188405797,Rv1339
0.32142857142857145,blaI-Rv1847
0.1927710843373494,nrdF1
0.19230769230769232,Rv3364c
0.3484848484848485,Rv3575c-lppH
0.3472222222222222,Rv0513
0.2602739726027397,Rv0836c
0.25,Rv3486
0.2857142857142857,rplB
0.21621621621621623,echA11-echA10
0.3291139240506329,gcpE
0.3114754098360656,sigH
0.275,Rv3725-Rv3726
0.3125,ethR-Rv3856c
0.2077922077922078,emrB-Rv0784
0.21951219512195122,Rv1919c
0.23333333333333334,Rv0612
0.25333333333333335,Rv1053c
0.32894736842105265,Rv1081c-mca
0.23958333333333334,Rv1276c-Rv1277
0.29577464788732394,rplT
0.30666666666666664,Rv1871c
0.19444444444444445,groEL1-groES
0.24390243902439024,Rv3751-serX
0.16666666666666666,nrdZ-Rv0571c
0.29577464788732394,dfrA
0.3333333333333333,hsaC
0.26785714285714285,B55
0.3,Rv0481c-murB
0.12121212121212122,Rv0123
0.2857142857142857,Rv0221-echA1
0.26666666666666666,mpt63
0.2962962962962963,Rv2325c
0.2682926829268293,Rv2639c-Rv2640c
0.17391304347826086,nuoH
0.2608695652173913,Rv3190A-Rv3191c
0.2916666666666667,Rv3204
0.18666666666666668,PPE62-hsaF
0.22077922077922077,nanT-Rv1903
0.2028985507246377,vapB6
0.3333333333333333,Rv1116A-Rv1117
0.2361111111111111,PPE58-Rv3427c
0.26506024096385544,Rv0607
0.20833333333333334,canA-cysD
0.1927710843373494,Rv0236A-lpqI
0.2898550724637681,rplA-mmaA4
0.3253012048192771,csoR-Rv0968
0.29333333333333333,esxK-esxL
0.20270270270270271,Rv2143-Rv2144c
0.2976190476190476,Rv2307B
0.1891891891891892,Rv3552-Rv3553
0.24675324675324675,Rv2645
0.22535211267605634,mbtG
0.2459016393442623,cyp121-Rv2277c
0.28865979381443296,lprO-Rv0180c
0.2345679012345679,Rv2054-rpsR2
0.19402985074626866,tatC
0.2235294117647059,pdxH-PPE42
0.3142857142857143,Rv2778c
0.17543859649122806,menA
0.19753086419753085,cyp135B1-Rv0569
0.2727272727272727,Rv3108
0.2602739726027397,Rv2466c
0.296875,lipP
0.3230769230769231,Rv2628-Rv2629
0.21951219512195122,Rv0139-Rv0140
0.26436781609195403,Rv1115
0.2926829268292683,sigA
0.3142857142857143,Rv3520c
0.3108108108108108,mbtN
0.265625,Rv2272
0.2328767123287671,PE16-Rv1431
0.21739130434782608,Rv2067c
0.2465753424657534,Rv2271
0.15517241379310345,gpsI-lppU
0.2727272727272727,Rv3258c-Rv3259
0.27058823529411763,mycP1-eccA2
0.2876712328767123,Rv0609A-B55
0.2727272727272727,echA11
0.1694915254237288,Rv3400-Rv3401
0.2835820895522388,Rv0371c
0.27631578947368424,Rv0383c
0.28,Rv2599-Rv2600
0.21176470588235294,aftC-msrB
0.28169014084507044,Rv2172c-idsA2
0.21311475409836064,Rv0349-dnaK
0.26744186046511625,Rv2640c
0.22058823529411764,Rv0825c-Rv0826
0.26785714285714285,Rv2707
0.2840909090909091,nrdI
0.4,Rv2517c
0.30120481927710846,Rv2898c
0.3384615384615385,metS-tatD
0.19230769230769232,hisE
0.18055555555555555,glyA1
0.2857142857142857,Rv3405c-Rv3406
0.38095238095238093,Rv3661
0.22727272727272727,Rv1491c-mutA
0.28125,Rv2361c
0.2840909090909091,dapF
0.32653061224489793,espD-espC
0.2682926829268293,Rv1975-Rv1976c
0.25757575757575757,vapB36-PE_PGRS35
0.390625,cysQ
0.3258426966292135,PPE45-Rv2893
0.22857142857142856,Rv3726-Rv3727
0.288135593220339,Rv0135c-cyp138
0.28125,Rv1321
0.2463768115942029,fadE10-Rv0874c
0.23076923076923078,pitA
0.28169014084507044,mtn-ctpA
0.2804878048780488,prsA-glmU
0.28169014084507044,Rv3915-Rv3916c
0.28378378378378377,Rv0072
0.2696629213483146,rplS
0.20454545454545456,mymT
0.275,rbsK-Rv2437
0.22535211267605634,echA15
0.2222222222222222,gadB-Rv3433c
0.21686746987951808,Rv3368c
0.23076923076923078,lpqR-Rv0839
0.3181818181818182,trxC
0.2638888888888889,ftsZ
0.19696969696969696,nrdE-nrdI
0.2857142857142857,Rv3778c-Rv3779
0.26666666666666666,Rv0008c-ppiA
0.34615384615384615,higA
0.2625,sigJ
0.208955223880597,Rv0188
0.32051282051282054,mutT3
0.35802469135802467,Rv2323c
0.23880597014925373,rfbD
0.25609756097560976,Rv1066
0.2702702702702703,Rv2141c
0.2631578947368421,Rv1036c-esxI
0.18292682926829268,mshD
0.1511627906976744,Rv1151c-Rv1152
0.23170731707317074,Rv2706c-Rv2707
0.27692307692307694,vapB44-Rv3322c
0.26153846153846155,coaE-Rv1632c
0.25,Rv3369-dnaE2
0.175,mihF
0.22972972972972974,Rv2859c
0.3116883116883117,lppX
0.2923076923076923,Rv2961-Rv2962c
0.2692307692307692,Rv0696
0.273972602739726,Rv3520c-Rv3521
0.265625,Rv0331-Rv0332
0.18571428571428572,Rv1120c-zwf1
0.25609756097560976,Rv1864c
0.23170731707317074,Rv2432c
0.29333333333333333,mobA
0.3150684931506849,ssr-Rv3099c
0.38461538461538464,rrl-rrf
0.17647058823529413,PE_PGRS32-Rv1804c
0.25316455696202533,Rv0332
0.273972602739726,Rv0521
0.19047619047619047,mmsB
0.225,cpsY-Rv0807
0.30666666666666664,prrA-accD3
0.31343283582089554,hflX
0.24358974358974358,Rv2816c
0.2857142857142857,Rv3312c-Rv3312A
0.21739130434782608,hsdS.1
0.24358974358974358,idsA2
0.2923076923076923,Rv0947c
0.35526315789473684,Rv2273-mazF8
0.2923076923076923,Rv0024-Rv0025
0.20238095238095238,bpoC-menD
0.25396825396825395,lpqU-eno
0.2465753424657534,thrU-Rv3644c
0.30434782608695654,lprQ
0.2054794520547945,echA5
0.26865671641791045,nuoJ
0.2236842105263158,Rv3005c
0.1978021978021978,Rv0394c
0.27058823529411763,Rv0250c
0.19117647058823528,gap
0.27692307692307694,rpsP-Rv2910c
0.1935483870967742,mtrA
0.2465753424657534,Rv0412c-mutT3
0.30392156862745096,Rv2742c
0.23076923076923078,Rv0238
0.2857142857142857,sigL-rslA
0.2222222222222222,PE29-Rv3023c
0.2375,Rv1106c
0.26865671641791045,Rv3259
0.2948717948717949,Rv2405
0.24175824175824176,vapB12
0.2571428571428571,Rv0369c
0.13414634146341464,Rv1073-fadA3
0.21428571428571427,vapC32
0.2558139534883721,Rv1672c-Rv1673c
0.24691358024691357,adoK
0.28205128205128205,groES-gcp
0.3,Rv1958c
0.23529411764705882,lppG
0.22058823529411764,Rv1268c
0.25925925925925924,fadE7-Rv0401
0.2535211267605634,vapB8
0.2676056338028169,Rv1205
0.273972602739726,hisH
0.29577464788732394,Rv1645c-PE17
0.30666666666666664,dapB
0.3389830508474576,Rv3431c-gadB
0.3188405797101449,Rv3706c
0.23863636363636365,Rv0996-alaV
0.25842696629213485,Rv1973-Rv1974
0.28378378378378377,Rv0310c
0.2236842105263158,vapB15
0.35714285714285715,Rv2990c-Rv2991
0.21311475409836064,Rv3046c
0.3114754098360656,Rv2102
0.24691358024691357,Rv3137
0.2558139534883721,PE_PGRS2-pepA
0.2375,Rv1019-mfd
0.2,mcr10-Rv1158c
0.2222222222222222,Rv1885c
0.23809523809523808,Rv2324
0.23076923076923078,ribD
0.296875,Rv2991-gluU
0.18840579710144928,Rv3015c-lpqA
0.225,Rv3054c-Rv3055
0.25,Rv3099c
0.1875,Rv1669
0.28,Rv2265-cyp124
0.35526315789473684,yajC
0.275,icd1-metC
0.23684210526315788,Rv3438
0.19444444444444445,Rv2998
0.20754716981132076,pcaA
0.288135593220339,vapB13-PE_PGRS34
0.2459016393442623,Rv3916c
0.15873015873015872,Rv1060
0.21875,Rv0526
0.2054794520547945,vapC41
0.24,Rv3095
0.22857142857142856,ksgA
0.2857142857142857,PPE27-PE19
0.22950819672131148,katG-furA
0.2571428571428571,murX
0.27631578947368424,dedA
0.21621621621621623,fdxB-Rv3555c
0.1780821917808219,Rv2189c-Rv2190c
0.19117647058823528,thiS
0.27631578947368424,Rv1989c
0.25301204819277107,nuoE
0.23595505617977527,scoA-fadD35
0.2857142857142857,Rv0122
0.31645569620253167,Rv1049-Rv1050
0.3333333333333333,Rv2125
0.2638888888888889,Rv0658c-mazF2
0.265625,Rv2862c
0.24561403508771928,gpm1-senX3
0.20967741935483872,Rv0807-purF
0.35443037974683544,Rv0875c
0.23809523809523808,mrp
0.3442622950819672,lppT
0.35714285714285715,pfkB-Rv2030c
0.1935483870967742,rpiB
0.17333333333333334,Rv2771c-Rv2772c
0.21739130434782608,devR
0.19402985074626866,Rv3538-PPE63
0.16666666666666666,esxF-Rv3906c
0.22033898305084745,mku-ligD
0.1891891891891892,Rv1087A
0.3875,Rv0488
0.27692307692307694,Rv2884
0.3220338983050847,thyA-Rv2765
0.27631578947368424,PPE10-Rv0443
0.21794871794871795,Rv1155-Rv1156
0.2361111111111111,Rv1501
0.3108108108108108,Rv2454c
0.3611111111111111,Rv3690
0.23333333333333334,Rv0047c-Rv0048c
0.24675324675324675,Rv0377-Rv0378
0.31343283582089554,ppiB
0.16666666666666666,Rv2795c-lppV
0.25806451612903225,fadA2-F6
0.2054794520547945,Rv2766c
0.18181818181818182,Rv1931c-tpx
0.22388059701492538,PE26-Rv2520c
0.24705882352941178,Rv3493c
0.25862068965517243,fadD4-fadE3
0.2361111111111111,serB1-mmpS2
0.2564102564102564,prrA
0.32432432432432434,PE_PGRS29-ctpD
0.32,Rv2025c-Rv2026c
0.25,Rv2451-Rv2452c
0.2833333333333333,TB22.2
0.16,Rv3612c
0.2777777777777778,Rv2331A
0.21621621621621623,orn
0.29577464788732394,Rv2314c
0.3181818181818182,Rv2970A
0.359375,Rv1697
0.2535211267605634,Rv3131
0.2711864406779661,Rv0530A
0.2898550724637681,fabH-menA
0.3283582089552239,Rv0236A
0.2441860465116279,Rv0299-vapB2
0.27586206896551724,Rv0883c-serC
0.3291139240506329,Rv0955-purN
0.2786885245901639,esxJ
0.23170731707317074,vapB11
0.2823529411764706,argF
0.2571428571428571,Rv1941-mazF5
0.14705882352941177,vapC36
0.25,pncA-Rv2044c
0.2361111111111111,Rv2146c
0.2465753424657534,dxr-vapB43
0.2727272727272727,mpr17
0.26229508196721313,dnaQ-Rv3712
0.2835820895522388,ruvC
0.22388059701492538,mpa
0.2564102564102564,truB
0.21951219512195122,vapB46-Rv3386
0.3088235294117647,Rv1593c
0.20987654320987653,Rv0038
0.3188405797101449,Rv2044c
0.2463768115942029,Rv2738c
0.2923076923076923,lepB
0.22077922077922077,vapC44
0.2638888888888889,sseC1
0.21428571428571427,proU
0.26229508196721313,Rv3644c-Rv3645
0.25,fusA1-tuf
0.27710843373493976,vapB37
0.31343283582089554,Rv1134
0.3116883116883117,Rv2239c-Rv2240c
0.2647058823529412,hpx
0.2235294117647059,mpt83
0.2898550724637681,hns
0.3026315789473684,Rv0461-lpdC
0.3253012048192771,garA
0.3787878787878788,ctaB-PE_PGRS28
0.3157894736842105,Rv1748
0.22077922077922077,mcr10
0.22388059701492538,Rv0390
0.29411764705882354,Rv1893
0.25757575757575757,rpsR1
0.25,Rv1156-Rv1157c
0.29577464788732394,thyX
0.17333333333333334,trcR
0.275,Rv2705c
0.2875,Rv1473
0.24615384615384617,Rv1474c
0.29411764705882354,serT-hisC2
0.20987654320987653,PPE29-PPE30
0.3013698630136986,oppB
0.28,Rv0043c
0.27586206896551724,cysD
0.2727272727272727,Rv1725c-Rv1726
0.24,Rv1855c-Rv1856c
0.2976190476190476,Rv3438-Rv3439c
0.2,Rv0521-gabP
0.2911392405063291,pntAa
0.2222222222222222,ribC-Rv1413
0.2361111111111111,Rv2510c-orn
0.32857142857142857,Rv3213c-gpm2
0.24675324675324675,senX3
0.20689655172413793,Rv1155
0.25333333333333335,PE_PGRS33-bacA
0.26865671641791045,mpr18
0.3484848484848485,era
0.19480519480519481,Rv3821-Rv3822
0.21739130434782608,Rv1723-Rv1724c
0.265625,Rv1954c
0.2235294117647059,Rv3529c
0.18666666666666668,Rv3632-Rv3633
0.19718309859154928,Rv2951c-Rv2952
0.2857142857142857,Rv2033c
0.24615384615384617,Rv1772-Rv1773c
0.25,Rv2844
0.3157894736842105,tatB
0.14925373134328357,Rv0203-Rv0204c
0.2857142857142857,dapC-fadA
0.25,lpqV-Rv1065
0.22857142857142856,vapB10-nlhH
0.273972602739726,lppC-fadB5
0.3333333333333333,Rv3629c
0.25,hab
0.3108108108108108,Rv3269
0.3230769230769231,Rv2455c-Rv2456c
0.2028985507246377,Rv0472c
0.3150684931506849,Rv1632c-uvrB
0.208955223880597,gcvH-garA
0.38333333333333336,cmtR
0.16923076923076924,Rv2015c-Rv2016
0.345679012345679,vapC39
0.2112676056338028,Rv2772c
0.25,rnc
0.3150684931506849,Rv3049c-Rv3050c
0.3472222222222222,ftsX
0.30434782608695654,espD
0.27631578947368424,Rv0313
0.3382352941176471,gpm1
0.34615384615384615,Rv1498c
0.2571428571428571,Rv0566c
0.24,PE19-esxM
0.2804878048780488,Rv3122
0.3088235294117647,hadC-trpT
0.2692307692307692,hisF
0.32,parE1
0.16666666666666666,tcrX
0.2972972972972973,hadB
0.1935483870967742,pks16-pth
0.2676056338028169,Rv1762c
0.18421052631578946,Rv1945-lppG
0.2839506172839506,Rv3488
0.19117647058823528,esxA
0.27848101265822783,F6
0.2647058823529412,bfrA
0.19753086419753085,Rv2061c
0.3333333333333333,arsB2-Rv3579c
0.24242424242424243,rplD
0.3026315789473684,pdxH
0.2236842105263158,Rv1048c-Rv1049
0.21212121212121213,bcpB
0.2647058823529412,proA-oxyR
0.22857142857142856,moaD1
0.32894736842105265,Rv0919-argT
0.2465753424657534,lprA
0.25862068965517243,Rv1457c
0.3230769230769231,argA
0.273972602739726,vapC43
0.25396825396825395,Rv3136A
0.25333333333333335,amiA1
0.234375,Rv1890c
0.34210526315789475,Rv2620c
0.25,Rv2011c-Rv2012
0.19444444444444445,ddlA-gpdA2
0.2328767123287671,Rv3284
0.21428571428571427,Rv3647c-cspA
0.25675675675675674,rmlA
0.21739130434782608,mazE1
0.3157894736842105,glbN
0.2714285714285714,Rv1204c-Rv1205
0.26666666666666666,Rv1974
0.19047619047619047,entC
0.3125,G2-lprJ
0.1518987341772152,Rv0367c-Rv0368c
0.24615384615384617,canA
0.26865671641791045,dxr
0.22784810126582278,Rv3142c
0.25675675675675674,Rv0406c-fgd1
0.2261904761904762,Rv1701-Rv1702c
0.21621621621621623,espG1-espH
0.25609756097560976,hupB
0.27692307692307694,gatC
0.2564102564102564,Rv3224B
0.26153846153846155,Rv2737A
0.2222222222222222,Rv0336-aspC
0.35714285714285715,atpC
0.25,Rv0813c
0.21428571428571427,sthA-Rv2714
0.29577464788732394,devR-Rv3134c
0.1875,mbtK
0.3382352941176471,mazE9
0.19672131147540983,Rv0145-Rv0146
0.2222222222222222,Rv0383c-clpB
0.3333333333333333,pgsA2
0.2,Rv2302
0.36231884057971014,ephD-dlaT
0.2535211267605634,panB-Rv2226
0.27848101265822783,Rv0845-Rv0846c
0.20270270270270271,Rv2242-fabD
0.2328767123287671,dnaJ2-hrcA
0.2558139534883721,phoY1-glpD2
0.21739130434782608,Rv0504c
0.24074074074074073,Rv1556-mmpL6
0.24691358024691357,Rv0161-adhE1
0.2727272727272727,Rv1531-Rv1532c
0.2647058823529412,fadE16
0.30303030303030304,Rv1805c
0.2597402597402597,Rv2569c
0.3125,Rv1084-Rv1085c
0.23076923076923078,Rv1648-pheS
0.19736842105263158,Rv1686c
0.21794871794871795,Rv2260-Rv2261c
0.2558139534883721,Rv3557c
0.273972602739726,Rv3802c
0.2375,pabB-Rv1006
0.20652173913043478,Rv1700
0.34375,whiB3
0.2236842105263158,trpT-secE1
0.24242424242424243,kstR
0.2631578947368421,rfbD-Rv3784
0.20588235294117646,mazE7
0.29508196721311475,mbtB-mbtA
0.31343283582089554,Rv3098c
0.25,serS-Rv3835
0.18333333333333332,Rv0340
0.26153846153846155,Rv1591-Rv1592c
0.208955223880597,Rv3123
0.3188405797101449,Rv2767c
0.3050847457627119,rplF
0.24444444444444444,PE_PGRS59-clpC1
0.22950819672131148,Rv0600c
0.2375,Rv0332-Rv0333
0.22857142857142856,Rv0381c
0.27419354838709675,Rv0730-Rv0731c
0.3068181818181818,trcS-trcR
0.27058823529411763,mmpL13b-Rv1147
0.29896907216494845,Rv1417
0.21621621621621623,pheT-PE_PGRS30
0.08823529411764706,Rv3034c-Rv3035
0.25882352941176473,Rv0572c
0.3235294117647059,Rv0590A
0.2777777777777778,PE_PGRS23-lpqZ
0.18571428571428572,Rv2722
0.2608695652173913,Rv0464c
0.24390243902439024,secG
0.2033898305084746,Rv1893-Rv1894c
0.2727272727272727,Rv1875-bfrA
0.2,Rv2226-rnpB
0.2898550724637681,Rv1220c-sigE
0.2028985507246377,virS-Rv3083
0.2441860465116279,PPE8-Rv0356c
0.36507936507936506,whiB1
0.25862068965517243,Rv0204c-Rv0205
0.22033898305084745,mcr19-mshA
0.20833333333333334,Rv1167c-PPE17
0.20689655172413793,Rv0394c-Rv0395
0.29850746268656714,cadI
0.2222222222222222,esxS
0.2571428571428571,Rv0678-Rv0679c
0.20689655172413793,PPE13-Rv0879c
0.3333333333333333,Rv1639c-lysX
0.29411764705882354,gpdA2-Rv2983
0.16666666666666666,Rv3205c-moeB1
0.20253164556962025,cpsA
0.16176470588235295,Rv0257-Rv0258c
0.23880597014925373,aac
0.2676056338028169,Rv1508A
0.3055555555555556,Rv0025
0.21875,mmaA4
0.26582278481012656,Rv2739c-ephG
0.24324324324324326,Rv3819
0.23333333333333334,rpmH
0.3125,Rv0061c-celA1
0.2535211267605634,nmtR
0.21666666666666667,Rv3669
0.2698412698412698,Rv0912
0.3142857142857143,vapB33
0.26506024096385544,Rv1813c
0.203125,Rv2038c
0.18309859154929578,Rv2927c-tesA
0.23880597014925373,pyrB
0.32098765432098764,PE_PGRS42-Rv2488c
0.24285714285714285,Rv3705c
0.2638888888888889,Rv0121c-Rv0122
0.21333333333333335,vapB27
0.2318840579710145,Rv1734c
0.2898550724637681,Rv2633c-PE_PGRS46
0.2,Rv2292c
0.2537313432835821,fbiA
0.1527777777777778,Rv0123-PE_PGRS2
0.3013698630136986,lpqN-Rv0584
0.36,Rv1081c
0.3333333333333333,Rv1322A
0.22641509433962265,Rv3723-cut5a
0.24193548387096775,bcpB-trpE
0.28378378378378377,Rv0034
0.29577464788732394,Rv1435c-gap
0.25,scpA
0.25,Rv1717
0.26582278481012656,ureB
0.16901408450704225,Rv2532c
0.2753623188405797,mazF5
0.2857142857142857,vapB27-Rv0600c
0.22857142857142856,Rv1404-Rv1405c
0.24615384615384617,Rv1754c-plcD
0.21212121212121213,Rv2144c
0.20270270270270271,papA5-mas
0.29850746268656714,Rv3604c-Rv3605c
0.25675675675675674,mmpS4
0.31343283582089554,rpsN1
0.2222222222222222,ndkA
0.24285714285714285,Rv0531
0.26865671641791045,Rv1021-lpqU
0.2549019607843137,Rv2252-Rv2253
0.26666666666666666,Rv2688c-Rv2689c
0.2647058823529412,glnU-gltS
0.2608695652173913,PE_PGRS61-Rv3654c
0.273972602739726,thiD-thiC
0.15625,TB7.3-rshA
0.2702702702702703,pstS2-pstB
0.1518987341772152,phoH2-Rv1096
0.3230769230769231,Rv1045-Rv1046c
0.2033898305084746,Rv2774c
0.1791044776119403,Rv3492c
0.2876712328767123,Rv0247c
0.16049382716049382,Rv2630
0.27710843373493976,fixB-fixA
0.2833333333333333,Rv3365c-spoU
0.2839506172839506,Rv2286c-yjcE
0.21794871794871795,Rv0089-Rv0090
0.27631578947368424,Rv0208c
0.27692307692307694,Rv0497
0.23333333333333334,vapB30
0.30985915492957744,lpqT
0.2911392405063291,vapC24
0.31666666666666665,grpE
0.1643835616438356,icl1-fadB2
0.2535211267605634,Rv1115-Rv1116
0.21428571428571427,Rv1877-glnA3
0.2682926829268293,Rv1903
0.2236842105263158,Rv2186c
0.3246753246753247,Rv3031-Rv3032
0.34375,Rv0100
0.24,Rv0441c
0.2926829268292683,Rv0895-gltA2
0.23529411764705882,Rv1135A-Rv1136
0.23170731707317074,Rv1159A-mutT2
0.21518987341772153,dfp-metK
0.22784810126582278,Rv2422-Rv2423
0.30434782608695654,Rv3644c
0.26666666666666666,PE_PGRS30-argC
0.2033898305084746,psd-moeA2
0.29411764705882354,infC
0.2857142857142857,Rv1761c
0.352112676056338,Rv2406c-Rv2407
0.21212121212121213,mbtE-mbtD
0.1891891891891892,Rv0245-Rv0246
0.18461538461538463,rfbE
0.2535211267605634,Rv0296c-PE_PGRS5
0.22580645161290322,Rv1140-echA11
0.3,Rv1366A-Rv1367c
0.3037974683544304,glyV-lipP
0.3170731707317073,Rv2574-Rv2575
0.2535211267605634,Rv3182
0.225,echA5-mmpL5
0.21978021978021978,lipY-Rv3098c
0.1780821917808219,vapB34
0.21333333333333335,Rv2117
0.21333333333333335,Rv3243c
0.2222222222222222,Rv0080-Rv0081
0.29411764705882354,PE_PGRS11-PPE12
0.21428571428571427,mazF3
0.2926829268292683,Rv1719-proT
0.23170731707317074,Rv2077A
0.29333333333333333,mazE9-Rv2802c
0.203125,MTS1338
0.29577464788732394,Rv3165c
0.32,Rv3180c
0.22535211267605634,purQ
0.23404255319148937,Rv3718c
0.3380281690140845,vapB42
0.27848101265822783,msrB
0.3076923076923077,vapC17
0.19480519480519481,Rv1055-leuX
0.22058823529411764,Rv1403c-Rv1404
0.22972972972972974,Rv0360c-Rv0361
0.25,Rv0141c
0.24561403508771928,Rv1366A
0.1388888888888889,dnaE2-Rv3371
0.25301204819277107,Rv1873-Rv1874
0.18823529411764706,Rv1545
0.27631578947368424,esxN
0.2542372881355932,Rv3136A-Rv3137
0.25333333333333335,Rv2020c-Rv2021c
0.3076923076923077,Rv2182c-Rv2183c
0.22666666666666666,Rv2204c
0.2073170731707317,pptT
0.2318840579710145,Rv2979c-Rv2980
0.2631578947368421,uvrD2-Rv3198A
0.2125,fadE3-Rv0216
0.2619047619047619,Rv1101c-mazF3
0.29411764705882354,Rv1159A
0.2028985507246377,ftsZ-ftsQ
0.34328358208955223,Rv2777c-Rv2778c
0.16417910447761194,Rv0077c-Rv0078
0.19402985074626866,murB-lprQ
0.3382352941176471,usfY
0.28169014084507044,hsaB
0.25333333333333335,Rv0263c-Rv0264c
0.26865671641791045,tatD
0.3103448275862069,Rv1322A-fadA4
0.26865671641791045,Rv2824c-Rv2825c
0.26582278481012656,Rv0081
0.2463768115942029,Rv0012-trpG
0.3142857142857143,menB-vapC3
0.2878787878787879,Rv0691A
0.3013698630136986,vapC15-Rv2011c
0.2112676056338028,Rv2730
0.2962962962962963,Rv3183
0.2911392405063291,vapB7-atsD
0.26229508196721313,cdd-sdhC
0.3287671232876712,Rv1043c-Rv1044
0.28,Rv1489A-Rv1490
0.2835820895522388,kasB-accD6
0.32432432432432434,Rv3172c-Rv3173c
0.27941176470588236,Rv3642c-Rv3643
0.23880597014925373,Rv3686c-rsfB
0.2727272727272727,Rv0273c-Rv0274
0.3142857142857143,Rv1203c
0.328125,Rv2182c
0.32098765432098764,hsdS
0.2894736842105263,Rv3271c-Rv3272
0.19230769230769232,Rv1158c-pimE
0.3150684931506849,Rv3541c
0.2716049382716049,Rv0914c-PPE14
0.21311475409836064,nuoC
0.2875,Rv0460
0.2465753424657534,Rv2169c
0.2459016393442623,Rv0925c-Rv0926c
0.29333333333333333,glbN-Rv1543
0.3118279569892473,fadA3-Rv1075c
0.3780487804878049,Rv2840c-nusA
0.3048780487804878,echA19
0.24615384615384617,Rv1498A
0.29577464788732394,vapB38
0.20833333333333334,Rv1502-Rv1503c
0.22666666666666666,ureA
0.28125,Rv2728c
0.24050632911392406,Rv0226c-Rv0227c
0.3235294117647059,Rv2326c-Rv2327
0.1875,Rv2401A
0.2608695652173913,lsr2-lysS
0.19480519480519481,lprC-Rv1276c
0.35384615384615387,Rv0559c
0.26865671641791045,hisA
0.3283582089552239,Rv2271-Rv2272
0.2702702702702703,menA-pnp
0.25,recF
0.2465753424657534,Rv2280-pitB
0.26136363636363635,fadE22-ligB
0.1774193548387097,typA-lpqW
0.2727272727272727,Rv3557c-PPE64
0.22950819672131148,Rv0340-iniB
0.22857142857142856,umaA-pcaA
0.23880597014925373,moaC2
0.2465753424657534,mpr18-PE_PGRS60
0.358974358974359,Rv3672c-Rv3673c
0.25,glgA-glgC
0.28,rfe
0.2916666666666667,Rv0531-PE_PGRS6
0.2191780821917808,ileS-dinX
0.27631578947368424,groEL2
0.2289156626506024,hspX
