bayes,locus
0.1791044776119403,Rv0024
0.21621621621621623,Rv0045c
0.2716049382716049,Rv0063
0.23943661971830985,Rv0090
0.2875,ephF
0.21428571428571427,Rv0176
0.23376623376623376,PE_PGRS3-PE_PGRS4
0.17391304347826086,pks6
0.2714285714285714,Rv0420c-Rv0421c
0.2328767123287671,senX3-regX3
0.28,mce2B
0.3037974683544304,Rv0648
0.22413793103448276,Rv0759c-Rv0760c
0.2948717948717949,Rv0794c-Rv0795
0.3559322033898305,Rv0823c
0.2638888888888889,Rv0888
0.2891566265060241,Rv0927c
0.22535211267605634,Rv1042c-Rv1043c
0.3114754098360656,Rv1045
0.25,Rv1179c-pks3
0.2727272727272727,Rv1225c
0.2857142857142857,Rv1258c
0.24285714285714285,mcr11
0.2222222222222222,Rv1269c
0.24615384615384617,Rv1444c
0.29577464788732394,opcA
0.2875,Rv1506c-Rv1507c
0.25333333333333335,plsB1
0.19607843137254902,Rv1730c
0.2602739726027397,Rv1775
0.23880597014925373,PPE31-PPE32
0.2631578947368421,Rv1907c
0.2714285714285714,ctpF
0.23655913978494625,dosT
0.2857142857142857,Rv2081c
0.28205128205128205,Rv2133c
0.3116883116883117,Rv2148c
0.34782608695652173,Rv2264c
0.3275862068965517,Rv2303c
0.19767441860465115,mmpL9
0.18181818181818182,plcA-PPE38
0.2894736842105263,Rv2405-Rv2406c
0.2878787878787879,Rv2437
0.2647058823529412,vapB17
0.20270270270270271,vapB18
0.345679012345679,Rv2624c
0.3125,Rv2709
0.2839506172839506,Rv2823c
0.23809523809523808,cobB
0.2191780821917808,Rv2862c-vapB23
0.2537313432835821,lppW-trmD
0.2894736842105263,Rv2923c
0.26153846153846155,ppsA
0.3116883116883117,Rv3428c-PPE59
0.3188405797101449,Rv3483c
0.24390243902439024,ddn-Rv3548c
0.2608695652173913,ponA2-Rv3683
0.3170731707317073,Rv3766
0.24324324324324326,Rv3773c
0.2857142857142857,lipE-Rv3776
0.273972602739726,Rv3802c-fbpD
0.28888888888888886,Rv3829c
0.35526315789473684,Rv3830c
0.30434782608695654,Rv3847
0.273972602739726,eccC2
0.2804878048780488,dnaA
0.2916666666666667,dnaA-dnaN
0.2465753424657534,alaT-Rv0008c
0.2222222222222222,Rv0012
0.2676056338028169,pknB
0.3125,pknA
0.18840579710144928,fhaA-leuT
0.3037974683544304,whiB5-Rv0023
0.2777777777777778,bioF2
0.2835820895522388,fadD34
0.23076923076923078,fadD34-Rv0036c
0.2222222222222222,leuS
0.2714285714285714,dnaB
0.24285714285714285,dnaB-Rv0059
0.2876712328767123,Rv0061c
0.203125,Rv0064
0.2835820895522388,Rv0067c-Rv0068
0.18666666666666668,glyA2-Rv0071
0.2786885245901639,Rv0078A
0.265625,hycE-Rv0088
0.20689655172413793,Rv0088-Rv0089
0.2777777777777778,ctpB
0.26229508196721313,Rv0104
0.23376623376623376,hddA
0.24731182795698925,hddA-ldtA
0.17333333333333334,oxyS
0.36363636363636365,fusA2
0.22857142857142856,fadE1
0.3157894736842105,fadE1-fgd2
0.24,cyp138
0.2926829268292683,mce1D
0.32432432432432434,sigG
0.23076923076923078,Rv0185
0.25675675675675674,Rv0194
0.3,Rv0210-pckA
0.26153846153846155,Rv0221
0.3230769230769231,Rv0223c
0.3258426966292135,Rv0226c
0.22988505747126436,fadE5
0.23728813559322035,Rv0245
0.2911392405063291,nirB
0.3114754098360656,vapB25
0.24,eccD3
0.30158730158730157,Rv0302
0.22666666666666666,Rv0311
0.2236842105263158,Rv0315
0.275,Rv0330c-Rv0331
0.2948717948717949,Rv0376c
0.2191780821917808,Rv0380c
0.27941176470588236,clpB
0.24390243902439024,Rv0398c
0.25675675675675674,fadD30
0.28378378378378377,Rv0439c-groEL2
0.27710843373493976,rskA
0.19696969696969696,sigK-Rv0446c
0.2631578947368421,mmpS4-Rv0452
0.3013698630136986,Rv0452
0.3076923076923077,Rv0457c
0.16129032258064516,pcaA-Rv0470A
0.21739130434782608,mshA
0.3076923076923077,Rv0492c
0.24615384615384617,mmpL2
0.23943661971830985,Rv0518-Rv0519c
0.358974358974359,ccsA
0.2328767123287671,Rv0530
0.16666666666666666,galE3
0.23376623376623376,Rv0537c
0.29545454545454547,vapB3-fadD8
0.3055555555555556,Rv0565c
0.3076923076923077,Rv0575c
0.20689655172413793,Rv0585c
0.3188405797101449,Rv0585c-mce2R
0.32857142857142857,yrbE2B
0.27848101265822783,Rv0590A
0.32786885245901637,mce2F
0.25,Rv0597c-vapC27
0.2676056338028169,tcrA-Rv0603
0.2235294117647059,Rv0613c
0.21428571428571427,recD
0.2777777777777778,mmaA2
0.3375,atsD
0.25806451612903225,echA4
0.26153846153846155,mmpL5
0.25675675675675674,Rv0679c
0.2537313432835821,rpsL
0.2261904761904762,Rv0691c
0.38571428571428573,lldD1-Rv0695
0.2692307692307692,Rv0697
0.2537313432835821,Rv0699
0.3142857142857143,Rv0713
0.1891891891891892,Rv0737-Rv0738
0.25,Rv0745
0.3176470588235294,Rv0749A-Rv0750
0.30434782608695654,cyp123
0.22666666666666666,aldA
0.3225806451612903,ggtA
0.21052631578947367,Rv0775
0.29545454545454547,purF
0.17721518987341772,sseC2
0.3492063492063492,Rv0825c
0.18181818181818182,lpqR
0.3150684931506849,narL
0.21176470588235294,pdc-Rv0854
0.33707865168539325,far
0.32,dapC
0.36231884057971014,moaD2
0.24242424242424243,Rv0874c
0.2716049382716049,Rv0890c
0.3424657534246575,Rv0893c
0.21212121212121213,Rv0893c-Rv0894
0.30303030303030304,Rv0907
0.21739130434782608,PE7-betP
0.225,Rv0927c-pstS3
0.29213483146067415,Rv0939
0.32786885245901637,Rv0959
0.2876712328767123,Rv0964c-Rv0965c
0.2676056338028169,PE_PGRS18-mprA
0.17391304347826086,mprB-pepD
0.21212121212121213,Rv0987
0.28,Rv0988
0.234375,Rv0991c-Rv0992c
0.26666666666666666,rimJ
0.32051282051282054,tatD-rpfB
0.2727272727272727,eno
0.34210526315789475,kdpE
0.32432432432432434,Rv1046c
0.3235294117647059,Rv1048c
0.34782608695652173,mpr5-Rv1052
0.17721518987341772,Rv1072-Rv1073
0.26744186046511625,lipU
0.2916666666666667,celA2b
0.30985915492957744,MTS0858-glyA1
0.23809523809523808,Rv1129c
0.19444444444444445,Rv1136-Rv1137c
0.19402985074626866,Rv1152
0.3088235294117647,pimE
0.20270270270270271,mutT2
0.19230769230769232,mutT2-narG
0.2054794520547945,narJ
0.2631578947368421,mmpL10
0.2857142857142857,fadD36
0.2608695652173913,fadD6
0.18461538461538463,Rv1217c
0.1527777777777778,Rv1227c-lpqX
0.3188405797101449,lpqX
0.2898550724637681,Rv1230c-Rv1231c
0.27419354838709675,embR-Rv1268c
0.2926829268292683,Rv1289-Rv1290c
0.3050847457627119,thrC
0.2702702702702703,dinG
0.2,Rv1357c-Rv1358
0.3088235294117647,lprF
0.27848101265822783,carA
0.2638888888888889,dfp
0.26582278481012656,lipI
0.2714285714285714,lprH-Rv1419
0.2112676056338028,uvrC
0.2535211267605634,Rv1432-Rv1433
0.2716049382716049,Rv1435c
0.24615384615384617,Rv1439c
0.21176470588235294,bisC
0.24358974358974358,Rv1458c
0.26865671641791045,Rv1461
0.25396825396825395,Rv1463
0.20481927710843373,Rv1478-moxR1
0.2878787878787879,Rv1489
0.24390243902439024,lipL
0.26153846153846155,Rv1505c
0.32894736842105265,Rv1507A-Rv1508c
0.30120481927710846,Rv1509-Rv1510
0.25316455696202533,Rv1515c
0.21333333333333335,Rv1520
0.25,pks5
0.31666666666666665,Rv1532c
0.24193548387096775,ileS
0.2597402597402597,ansA
0.16393442622950818,Rv1566c-Rv1567c
0.19117647058823528,polA
0.22988505747126436,lysX
0.3582089552238806,pks7
0.27631578947368424,pks8
0.2222222222222222,cyp139
0.2777777777777778,dsbF-Rv1678
0.23943661971830985,moeX
0.30666666666666664,moeX-Rv1682
0.2786885245901639,cycA-PPE22
0.21794871794871795,Rv1739c
0.22105263157894736,Rv1769
0.2625,Rv1771
0.2857142857142857,cyp143
0.2923076923076923,secA2
0.3125,Rv1823
0.2608695652173913,gcvH
0.24324324324324326,Rv1835c
0.20481927710843373,glcB
0.3150684931506849,guaB1-gnd1
0.24615384615384617,Rv1847
0.2542372881355932,lldD2
0.2753623188405797,Rv1879-cyp140
0.22535211267605634,Rv1888c-Rv1888A
0.2597402597402597,Rv1894c-Rv1895
0.21052631578947367,Rv1904
0.29577464788732394,katG
0.2112676056338028,lppC
0.2857142857142857,Rv1920
0.2033898305084746,lppF-Rv1922
0.3,Rv1924c-fadD31
0.30952380952380953,fadD31
0.25316455696202533,Rv1927
0.2835820895522388,fadE17
0.25,Rv1936
0.2625,ephB
0.26865671641791045,Rv1972
0.2028985507246377,Rv1975-Rv1976c
0.31645569620253167,Rv1978
0.24358974358974358,nrdF1-vapC36
0.2413793103448276,Rv1986
0.2823529411764706,Rv1987-erm(37)
0.3283582089552239,Rv1999c
0.22388059701492538,Rv2000
0.3625,Rv2020c
0.2876712328767123,Rv2023A
0.2222222222222222,Rv2034
0.32051282051282054,Rv2047c
0.3764705882352941,ASpks-Rv2049c
0.2318840579710145,rpmG1
0.22972972972972974,Rv2059
0.2222222222222222,cobN
0.23376623376623376,Rv2079
0.21052631578947367,Rv2082
0.2972972972972973,Rv2087-pknJ
0.2602739726027397,pknJ
0.225,pepE
0.2894736842105263,pafB
0.20481927710843373,vapC37
0.3492063492063492,mpa-lppK
0.29508196721311475,Rv2120c-hisG
0.24691358024691357,Rv2128-Rv2129c
0.21428571428571427,pyrD
0.27941176470588236,PE_PGRS38-pbpB
0.29411764705882354,pknL-Rv2177c
0.27631578947368424,Rv2180c
0.2361111111111111,TB16.3-Rv2186c
0.2602739726027397,Rv2191
0.2602739726027397,ephD
0.23809523809523808,Rv2237-Rv2237A
0.2465753424657534,accD6
0.26136363636363635,Rv2248
0.19230769230769232,mazF8
0.2112676056338028,cyp121
0.3246753246753247,Rv2280
0.22077922077922077,lppO
0.24,Rv2308
0.2804878048780488,uspA
0.2222222222222222,stp-cysK1
0.2375,esxO
0.2631578947368421,esxO-esxP
0.3108108108108108,esxP
0.2835820895522388,plcC
0.28125,plcA
0.22,PPE38-PPE39
0.23636363636363636,Rv2355-PPE40
0.3114754098360656,Rv2366c
0.2159090909090909,mbtB
0.15873015873015872,Rv2395-mcr7
0.2753623188405797,subI
0.35135135135135137,ahpD
0.189873417721519,Rv2433c
0.323943661971831,obg
0.203125,rpfE
0.2597402597402597,aglA
0.11940298507462686,Rv2474c
0.2916666666666667,lipQ
0.2714285714285714,lipQ-argW
0.1935483870967742,Rv2488c
0.3333333333333333,vapC38
0.2535211267605634,bkdC
0.2840909090909091,accD1
0.3076923076923077,scoA
0.24390243902439024,Rv2516c
0.3225806451612903,Rv2525c-vapB17
0.26436781609195403,lppA
0.2222222222222222,lppB
0.24615384615384617,vapB20-Rv2551c
0.3561643835616438,Rv2562
0.3582089552238806,glnQ
0.20634920634920634,Rv2567
0.35714285714285715,aspS-Rv2573
0.26506024096385544,Rv2621c
0.2222222222222222,hrp1-Rv2627c
0.234375,Rv2629
0.2876712328767123,Rv2632c-Rv2633c
0.21428571428571427,Rv2644c-valT
0.34177215189873417,valU-Rv2645
0.19736842105263158,Rv2659c-Rv2660c
0.2923076923076923,ceoB
0.2602739726027397,Rv2693c
0.2903225806451613,Rv2712c
0.3068181818181818,fadE20
0.21333333333333335,recX
0.273972602739726,Rv2800-mazF9
0.32142857142857145,Rv2808-Rv2809
0.2727272727272727,Rv2813-Rv2814c
0.25675675675675674,Rv2820c
0.2638888888888889,Rv2827c-Rv2828c
0.18181818181818182,Rv2828c
0.2857142857142857,vapB22-echA16
0.17391304347826086,echA16
0.2823529411764706,Rv2864c-relF
0.25,dipZ
0.22972972972972974,mpt53-Rv2879c
0.21212121212121213,Rv2891
0.1388888888888889,fdhD
0.24242424242424243,lppW
0.26229508196721313,amt
0.4027777777777778,ppsD
0.17142857142857143,mas
0.25,fadD28
0.24358974358974358,fadD29-Rv2951c
0.35294117647058826,Rv2951c
0.21818181818181817,Rv2952
0.25862068965517243,Rv2957-Rv2958c
0.13333333333333333,purU
0.3114754098360656,purU-kdtB
0.18032786885245902,Rv2969c
0.2535211267605634,pfkA-gatA
0.23943661971830985,Rv3015c
0.2631578947368421,Rv3047c
0.26582278481012656,nrdE
0.2361111111111111,nrdH-Rv3054c
0.273972602739726,Rv3081
0.3373493975903614,Rv3081-virS
0.25333333333333335,moaA1
0.27380952380952384,Rv3115-moeB2
0.21621621621621623,fadB4-Rv3142c
0.29069767441860467,Rv3142c-Rv3143
0.2916666666666667,Rv3173c-Rv3174
0.26153846153846155,Rv3174
0.26881720430107525,Rv3178-Rv3179
0.2361111111111111,Rv3181c-Rv3182
0.21621621621621623,Rv3196
0.30666666666666664,nudC
0.2564102564102564,Rv3201c
0.24242424242424243,Rv3202c
0.25925925925925924,Rv3220c
0.2235294117647059,Rv3236c
0.27586206896551724,mtrB
0.21518987341772153,Rv3263
0.31746031746031744,Rv3272
0.2987012987012987,Rv3282
0.2976190476190476,sseA
0.2463768115942029,pcd
0.288135593220339,lhr
0.29508196721311475,sdhD
0.32857142857142857,Rv3346c-PPE55
0.24175824175824176,PPE55-Rv3348
0.2413793103448276,Rv3359-Rv3360
0.22535211267605634,Rv3365c
0.22666666666666666,spoU
0.25842696629213485,spoU-PE_PGRS51
0.2676056338028169,Rv3376
0.25609756097560976,idsB-vapC46
0.25609756097560976,htdY
0.2236842105263158,Rv3395c-Rv3395A
0.24691358024691357,Rv3402c
0.2891566265060241,vapB47
0.20270270270270271,guaB2
0.2898550724637681,Rv3424c
0.2857142857142857,Rv3433c
0.32857142857142857,esxU
0.27419354838709675,Rv3446c
0.24074074074074073,mycP4
0.21839080459770116,rmlC
0.24,lipF
0.35135135135135137,otsA
0.34615384615384615,mce4C
0.2753623188405797,fadE27
0.36363636363636365,fadD19
0.3492063492063492,ltp3
0.2571428571428571,Rv3531c
0.29347826086956524,PPE61-PPE62
0.29411764705882354,kstD
0.2077922077922078,ltp2
0.22727272727272727,fdxB
0.25,fadE30-fadD3
0.2676056338028169,Rv3591c
0.2602739726027397,lysS
0.31746031746031744,folK
0.1891891891891892,espA-ephA
0.3,Rv3618
0.27631578947368424,esxV
0.21621621621621623,esxW
0.2,Rv3635-Rv3636
0.2638888888888889,nth
0.27692307692307694,crp
0.2564102564102564,crp-Rv3677c
0.21428571428571427,Rv3680
0.3,ponA2
0.25,Rv3689
0.18181818181818182,Rv3691
0.16883116883116883,Rv3694c
0.30864197530864196,recR
0.30985915492957744,Rv3722c
0.21052631578947367,cut5b
0.30666666666666664,Rv3725
0.3125,Rv3727
0.4090909090909091,Rv3729
0.24242424242424243,PPE67-Rv3740c
0.2987012987012987,Rv3745c-PE34
0.19540229885057472,Rv3747-Rv3748
0.3037974683544304,proV
0.27848101265822783,proX
0.2236842105263158,Rv3769-Rv3770c
0.32967032967032966,echA21
0.19117647058823528,Rv3776
0.2235294117647059,glfT1
0.2459016393442623,Rv3788
0.26506024096385544,fadE35
0.2112676056338028,pks13
0.1791044776119403,fadD32
0.2857142857142857,fadD32-Rv3802c
0.2638888888888889,aftB
0.23076923076923078,papA2
0.22388059701492538,fadD23
0.32432432432432434,Rv3835
0.27848101265822783,Rv3837c
0.23333333333333334,ncrMT3949
0.2602739726027397,MTS2975-Rv3844
0.3090909090909091,Rv3845-sodA
0.2714285714285714,gltB-Rv3860
0.25316455696202533,Rv3863-espE
0.2714285714285714,espI
0.2459016393442623,espK
0.2235294117647059,espK-espL
0.1935483870967742,mutT4
0.2988505747126437,Rv3910
0.38666666666666666,gid
0.1891891891891892,Rv3920c-Rv3921c
0.2571428571428571,Rv0191
0.3382352941176471,aftD
0.32857142857142857,PE_PGRS17-Rv0979c
0.21739130434782608,cut1
0.3230769230769231,pks12
0.35294117647058826,pks15
0.35064935064935066,pstP
0.2318840579710145,Rv0080
0.3068181818181818,Rv0093c
0.2571428571428571,ctpI
0.2345679012345679,fadD5
0.30303030303030304,Rv0192A
0.2289156626506024,Rv0193c
0.29850746268656714,Rv0197
0.25,Rv0205
0.3088235294117647,lipW
0.2857142857142857,Rv0257
0.2753623188405797,Rv0275c
0.30666666666666664,Rv0312
0.24358974358974358,iniA
0.26744186046511625,Rv0359
0.3442622950819672,Rv0370c
0.3013698630136986,Rv0377
0.2876712328767123,purT
0.24050632911392406,ctpH
0.34523809523809523,Rv0431
0.22580645161290322,Rv0434
0.2714285714285714,moeA2
0.2753623188405797,Rv0484c
0.19230769230769232,proC
0.352112676056338,mce2C
0.36363636363636365,lpqO
0.3235294117647059,Rv0610c
0.2692307692307692,Rv0621
0.19736842105263158,rplO
0.25675675675675674,xylB
0.2714285714285714,purB
0.24561403508771928,Rv0818
0.29310344827586204,Rv0822c
0.25,Rv0851c
0.23684210526315788,Rv0909
0.23684210526315788,pstS2
0.2191780821917808,sucD
0.4307692307692308,mprA
0.2597402597402597,Rv0992c
0.22388059701492538,moeA1
0.2727272727272727,Rv0996
0.2857142857142857,pabB
0.2191780821917808,Rv1012
0.25675675675675674,lpqU
0.16417910447761194,pra
0.21052631578947367,ppdK
0.2857142857142857,Rv1178
0.30434782608695654,esxL
0.2716049382716049,Rv1215c
0.20634920634920634,Rv1226c
0.28125,Rv1250
0.2911392405063291,deaD
0.2391304347826087,Rv1262c
0.2222222222222222,lprB
0.20253164556962025,Rv1301
0.2857142857142857,glgB
0.25,glgP
0.3157894736842105,moeY
0.30303030303030304,Rv1375
0.21428571428571427,carB
0.2236842105263158,vapC10
0.3188405797101449,fmu
0.2553191489361702,ribG
0.27956989247311825,Rv1425
0.31343283582089554,echA12
0.3382352941176471,Rv1504c
0.2647058823529412,mmpL6
0.2222222222222222,nadC
0.2753623188405797,Rv1624c
0.30120481927710846,pks9
0.21518987341772153,cmr
0.2542372881355932,Rv1707
0.2727272727272727,Rv1708
0.2682926829268293,narX
0.3424657534246575,bacA
0.22807017543859648,Rv1870c
0.21052631578947367,lppD
0.2222222222222222,aao
0.2823529411764706,Rv1949c
0.3013698630136986,Rv1979c
0.3188405797101449,Rv1998c
0.21212121212121213,Rv2036
0.18309859154929578,Rv2083
0.22972972972972974,mptA
0.2891566265060241,fadD15
0.2682926829268293,cobS
0.2459016393442623,Rv2227
0.3076923076923077,Rv2240c
0.26595744680851063,sseB
0.26865671641791045,Rv2306A
0.2191780821917808,mez
0.3230769230769231,zur
0.2804878048780488,Rv2395
0.30952380952380953,Rv2415c
0.2714285714285714,tig
0.14285714285714285,plsC
0.26785714285714285,nusB
0.32051282051282054,Rv2559c
0.3088235294117647,Rv2599
0.20987654320987653,Rv2628
0.275,Rv2660c
0.21794871794871795,Rv2668
0.35384615384615387,Rv2683
0.2597402597402597,Rv2690c
0.3333333333333333,Rv2714
0.26153846153846155,lppV
0.3026315789473684,Rv2813
0.25925925925925924,Rv2837c
0.23809523809523808,Rv2877c
0.2413793103448276,fadD26
0.31343283582089554,ppsB
0.2564102564102564,ppsE
0.2926829268292683,drrA
0.2413793103448276,gatA
0.1774193548387097,Rv3096
0.18666666666666668,fprA
0.27848101265822783,Rv3128c
0.18461538461538463,devS
0.28,pflA
0.25,nuoI
0.19696969696969696,Rv3185-Rv3186
0.23376623376623376,Rv3190c
0.3235294117647059,Rv3193c
0.27692307692307694,Rv3200c
0.2711864406779661,lpqB
0.2236842105263158,rmlD
0.2631578947368421,purE
0.2962962962962963,pmmB
0.23809523809523808,sapM
0.25,Rv3371
0.1896551724137931,echA18
0.2328767123287671,dxs2-Rv3380c
0.2835820895522388,Rv3381c-lytB1
0.3108108108108108,cmaA1
0.22077922077922077,Rv3395c
0.28169014084507044,Rv3475-kgtP
0.25,Rv3479
0.18055555555555555,Rv3551
0.325,Rv3555c
0.2911392405063291,hsaA
0.27419354838709675,Rv3627c
0.3389830508474576,dppA
0.19642857142857142,glpK
0.3125,dnaQ
0.2054794520547945,Rv3753c
0.3125,tcrY
0.1951219512195122,embC
0.25,embB
0.24050632911392406,ubiA
0.323943661971831,Rv3822
0.27941176470588236,mmpL8
0.2112676056338028,Rv3843c
0.36585365853658536,gltB
0.2714285714285714,whiB6-Rv3863
0.24675324675324675,esxD
0.323943661971831,Rv3899c
0.33783783783783783,Rv3909
0.24193548387096775,Rv1319c
0.16071428571428573,Rv1371
0.22727272727272727,Rv0133
0.273972602739726,ctpD
0.34615384615384615,Rv1668c
0.2647058823529412,gnd1
0.2972972972972973,Rv1883c
0.22077922077922077,Rv1888c
0.30303030303030304,Rv1976c-Rv1977
0.3,Rv2016
0.37349397590361444,Rv2106-PE22
0.2597402597402597,fhaA
0.3026315789473684,Rv2250A
0.21428571428571427,Rv3060c-fadE22
0.23076923076923078,idsB
0.29850746268656714,Rv3453
0.23076923076923078,Rv3655c
0.3225806451612903,sigM
0.34328358208955223,Rv0064-vapB1
0.1780821917808219,rplW-rplB
0.28378378378378377,Rv0712-Rv0713
0.3055555555555556,emrB
0.30985915492957744,PE21-Rv2100
0.19402985074626866,Rv2949c
0.2631578947368421,Rv3074
0.3076923076923077,Rv3399
0.3181818181818182,Rv3528c-Rv3529c
0.2077922077922078,Rv3785
0.2833333333333333,Rv0010c-Rv0011c
0.2235294117647059,Rv0029
0.2857142857142857,Rv0042c
0.22058823529411764,Rv0071
0.21739130434782608,Rv0090-mtn
0.2898550724637681,Rv0111
0.2597402597402597,adhE1
0.22077922077922077,mce1A
0.40540540540540543,Rv0316
0.26229508196721313,ansP2
0.2727272727272727,Rv0368c
0.3142857142857143,Rv0396
0.2463768115942029,mmpL1
0.24675324675324675,Rv0584
0.2765957446808511,rslA-Rv0737
0.3108108108108108,pknD
0.23943661971830985,mku
0.26744186046511625,accD2
0.22666666666666666,Rv1026
0.3380281690140845,Rv1154c
0.28378378378378377,Rv1176c-fdxC
0.23943661971830985,cysN
0.2112676056338028,Rv1324
0.19718309859154928,pncB1
0.22784810126582278,Rv1393c
0.24390243902439024,lipL-Rv1498c
0.40298507462686567,Rv1616
0.25333333333333335,Rv1639c
0.1875,eccE5
0.25,Rv1829-Rv1830
0.2823529411764706,nanT
0.273972602739726,fadE18
0.2073170731707317,cobG
0.23076923076923078,Rv2118c
0.26666666666666666,aroG-Rv2179c
0.2676056338028169,htpG
0.19736842105263158,Rv2307c-Rv2307A
0.24675324675324675,dnaG
0.22950819672131148,phoH1
0.2823529411764706,Rv2464c
0.2857142857142857,accA1
0.3,lysU-PE26
0.34285714285714286,apt
0.24528301886792453,Rv2661c
0.15384615384615385,Rv2662
0.2441860465116279,relG-Rv2867c
0.20512820512820512,thiL
0.19047619047619047,Rv3050c-nrdE
0.2619047619047619,Rv3160c
0.3563218390804598,Rv3207c-Rv3208
0.2542372881355932,Rv3212
0.234375,aroA
0.21794871794871795,Rv3401
0.2631578947368421,echA20
0.17567567567567569,lppH
0.24615384615384617,Rv3611
0.25,Rv3730c
0.22857142857142856,Rv3888c-espG2
0.2608695652173913,Rv0571c
0.24242424242424243,Rv3587c
0.2647058823529412,gyrB
0.24691358024691357,embR
0.3048780487804878,clpX
0.21052631578947367,Rv2168c-Rv2169c
0.3114754098360656,Rv2263
0.18181818181818182,Rv2434c
0.2028985507246377,Rv3183-Rv3184
0.2558139534883721,accE5
0.25609756097560976,Rv1290c
0.2037037037037037,helY-tatC
0.32432432432432434,vapB37-Rv2105
0.3,PE27A-esxR
0.17567567567567569,esxR-esxS
0.373134328358209,Rv3427c-Rv3428c
0.20588235294117646,rpsM-rpmJ
0.21428571428571427,Rv0036c
0.2077922077922078,ponA1
0.3108108108108108,Rv0576
0.3382352941176471,ptrBb-emrB
0.30985915492957744,Rv2061c-cobN
0.30434782608695654,lppJ
0.17582417582417584,dinP
0.18461538461538463,pepA
0.2698412698412698,mak
0.2898550724637681,mce1F
0.19696969696969696,echA1
0.2638888888888889,Rv0258c
0.3055555555555556,oplA
0.2,fadD2
0.18518518518518517,lpqJ
0.27586206896551724,phoP
0.21176470588235294,cpsY
0.19402985074626866,ctpE
0.2894736842105263,fadD14
0.27692307692307694,Rv1063c-lpqV
0.2987012987012987,tal
0.27710843373493976,Rv1516c
0.2647058823529412,Rv1516c-Rv1517
0.3076923076923077,mmpL12
0.25,treX
0.24444444444444444,pykA
0.3561643835616438,uvrB
0.23529411764705882,Rv1877
0.23076923076923078,Rv1891
0.2692307692307692,mce3D
0.35443037974683544,Rv2052c
0.33962264150943394,metH
0.32098765432098764,Rv2257c
0.21686746987951808,bkdA-citE
0.3076923076923077,dhaA
0.19736842105263158,cadI-Rv2642
0.2602739726027397,Rv2647-Rv2648
0.1917808219178082,Rv2652c-Rv2653c
0.373134328358209,fadD29
0.140625,pgmA
0.23684210526315788,Rv3179-Rv3180c
0.25333333333333335,secA1
0.2077922077922078,choD
0.2463768115942029,Rv3635
0.21311475409836064,Rv3693
0.22093023255813954,aftB-ubiA
0.34375,ethR
0.2112676056338028,Rv3857c-gltD
0.3076923076923077,PE_PGRS9-PE_PGRS10
0.3076923076923077,Rv2478c-Rv2479c
0.39655172413793105,Rv1682
0.16049382716049382,Rv2024c
0.2898550724637681,Rv2084
0.22916666666666666,PPE53-Rv3160c
0.29577464788732394,bpoA-Rv3474
0.3103448275862069,Rv3897c
0.3188405797101449,mshD-phoT
0.3013698630136986,Rv0922-Rv0923c
0.2289156626506024,Rv0961
0.2537313432835821,ncrMT1234-esxK
0.25263157894736843,frdD-Rv1556
0.2535211267605634,pyrG
0.21428571428571427,Rv1774
0.29850746268656714,rpfC
0.296875,cobM
0.32727272727272727,Rv2323c-Rv2324
0.2702702702702703,Rv3324A
0.24242424242424243,clpC1-mpr17
0.3246753246753247,Rv3630
0.2923076923076923,Rv3649
0.2153846153846154,B11
0.2028985507246377,rsfB
0.23684210526315788,ileT-alaT
0.29333333333333333,Rv0051
0.323943661971831,Rv0063-Rv0064
0.25675675675675674,Rv0075
0.27710843373493976,Rv0082
0.2916666666666667,Rv0083
0.2835820895522388,nrp
0.2698412698412698,Rv0102
0.2692307692307692,Rv0149
0.29508196721311475,mce1B
0.22058823529411764,lipC
0.21428571428571427,Rv0225
0.2962962962962963,Rv0281
0.1891891891891892,eccB3
0.3181818181818182,Rv0296c
0.208955223880597,PE6-Rv0336
0.27419354838709675,Rv0345
0.19718309859154928,Rv0365c
0.25,Rv0387c-PPE9
0.2361111111111111,lpqK
0.28,mmpS1
0.2903225806451613,Rv0406c
0.25609756097560976,lpqM
0.19480519480519481,Rv0439c
0.22388059701492538,Rv0457c-Rv0458
0.2345679012345679,Rv0458
0.21333333333333335,Rv0474-hbhA
0.22727272727272727,murB
0.1794871794871795,Rv0487
0.22988505747126436,Rv0552
0.22,nrdZ
0.31746031746031744,Rv0625c
0.2222222222222222,recC
0.2,mmaA4
0.16129032258064516,Rv0647c
0.2,rplL
0.2236842105263158,vapC6
0.2714285714285714,lpqP
0.29850746268656714,lldD1
0.3793103448275862,Rv0697-Rv0698
0.27848101265822783,Rv0698
0.2602739726027397,atsA
0.2878787878787879,ptrBb
0.25316455696202533,Rv0792c
0.26582278481012656,Rv0870c
0.20833333333333334,ligD
0.24358974358974358,Rv0944
0.2608695652173913,Rv0958
0.2857142857142857,Rv0959-vapB9
0.28205128205128205,Rv0963c
0.2328767123287671,ctpV
0.34210526315789475,grcC2
0.36231884057971014,lpqT-prsA
0.2222222222222222,Rv1025
0.24358974358974358,kdpD
0.28,Rv1087A-PE9
0.4125,mmpL13a
0.25,fbiC
0.2894736842105263,Rv1179c
0.28125,fadD21
0.2638888888888889,Rv1190-Rv1191
0.27848101265822783,lpqZ
0.20930232558139536,Rv1245c-relE
0.1780821917808219,Rv1248c
0.28169014084507044,Rv1278
0.3088235294117647,atpH
0.2111111111111111,glgE
0.21794871794871795,Rv1364c
0.31343283582089554,cyp132
0.35443037974683544,rpe
0.20224719101123595,Rv1455
0.25,Rv1460
0.22857142857142856,fadE15-PE_PGRS29
0.2702702702702703,Rv1489A
0.25806451612903225,lprI
0.20238095238095238,frdA
0.17647058823529413,treZ
0.2361111111111111,Rv1592c
0.19402985074626866,uvrA
0.25,Rv1676
0.2872340425531915,G2-lprJ
0.31746031746031744,plcD
0.1917808219178082,PE_PGRS31-Rv1769
0.27472527472527475,cyp144
0.28735632183908044,Rv1804c
0.32894736842105265,secA2-pgsA2
0.1956521739130435,ndh
0.29850746268656714,Rv1855c
0.2909090909090909,Rv1868
0.2916666666666667,Rv1874
0.18309859154929578,cyp140
0.23943661971830985,Rv1896c
0.2840909090909091,lipJ
0.2638888888888889,Rv1929c
0.2235294117647059,Rv1944c
0.32941176470588235,Rv1950c
0.23076923076923078,Rv1958c
0.2222222222222222,yrbE3A
0.2711864406779661,Rv1979c-mpt64
0.30434782608695654,Rv2005c
0.29577464788732394,Rv2008c-vapB15
0.2692307692307692,Rv2022c
0.273972602739726,hisE-PPE37
0.2716049382716049,Rv2137c
0.3125,Rv2141c-leuU
0.2054794520547945,murC
0.25609756097560976,Rv2165c
0.2976190476190476,Rv2181
0.2804878048780488,pimB
0.21518987341772153,qcrB
0.19444444444444445,Rv2216
0.27692307692307694,Rv2226
0.2647058823529412,lppN
0.28125,Rv2293c-Rv2294
0.3,Rv2298
0.21621621621621623,cut2
0.20833333333333334,lppP
0.23684210526315788,stp
0.36923076923076925,cysE
0.36585365853658536,PE_PGRS39-asnT
0.31343283582089554,lppQ-Rv2342
0.33766233766233766,Rv2345
0.29333333333333333,Rv2370c
0.27710843373493976,Rv2425c
0.24,Rv2459-clpP2
0.22058823529411764,gdh
0.275,Rv2477c
0.26666666666666666,hisT-Rv2512c
0.3125,Rv2560
0.32857142857142857,Rv2561
0.23214285714285715,glnQ-Rv2565
0.27848101265822783,Rv2566
0.2631578947368421,relA
0.22641509433962265,Rv2585c
0.31343283582089554,gabT
0.2112676056338028,Rv2609c
0.25757575757575757,sthA
0.2222222222222222,Rv2732c
0.31343283582089554,Rv2749
0.2112676056338028,pepR
0.2676056338028169,Rv2815c-Rv2816c
0.25,Rv2817c
0.2625,Rv2819c
0.25,Rv2828A
0.2898550724637681,ugpB
0.22033898305084745,ugpA
0.2857142857142857,nusA
0.25,Rv2867c
0.2891566265060241,cdsA
0.2,Rv2898c
0.25,Rv2926c
0.20512820512820512,tesA
0.23943661971830985,pca
0.2911392405063291,Rv2989
0.36065573770491804,trmU
0.19230769230769232,Rv3054c
0.15,fadE22
0.2,Rv3072c
0.2054794520547945,pknK
0.2608695652173913,fadD13
0.3037974683544304,Rv3094c
0.26153846153846155,ssr
0.3142857142857143,Rv3113
0.25,moeB2
0.28378378378378377,Rv3123-moaR1
0.3037974683544304,nuoD
0.22784810126582278,nuoG
0.28,moxR3
0.24358974358974358,Rv3189
0.2,Rv3192
0.29333333333333333,Rv3225c
0.3283582089552239,Rv3239c-secA1
0.328125,Rv3300c
0.29577464788732394,lpdA-Rv3304
0.24193548387096775,icd1
0.273972602739726,Rv3401-Rv3402c
0.38961038961038963,rplM
0.2727272727272727,rmlB
0.35135135135135137,ilvB2
0.25316455696202533,lipF-Rv3488
0.16666666666666666,mce4F
0.24050632911392406,yrbE4A-Rv3502c
0.24242424242424243,ilvX
0.26229508196721313,Rv3527
0.34177215189873417,lppH-Rv3577
0.19767441860465115,arsB2
0.20634920634920634,Rv3579c
0.2839506172839506,Rv3658c
0.2261904761904762,Rv3660c
0.3333333333333333,Rv3660c-B11
0.20270270270270271,Rv3662c
0.31746031746031744,cyp137
0.39436619718309857,Rv3695
0.2835820895522388,Rv3698
0.234375,Rv3723
0.3466666666666667,Rv3726
0.3,Rv3787c
0.323943661971831,dprE1
0.28169014084507044,Rv3796
0.32098765432098764,fbpD
0.32857142857142857,Rv3811
0.21518987341772153,Rv3832c
0.21333333333333335,Rv3832c-Rv3833
0.22058823529411764,Rv3848-espR
0.28205128205128205,gltD
0.2711864406779661,espG1
0.3103448275862069,eccB1
0.3283582089552239,espB-eccE1
0.20833333333333334,mycP1
0.22535211267605634,mycP2
0.35,Rv3921c
0.21333333333333335,ppm1-Rv2052c
0.3333333333333333,Rv2541-Rv2542
0.2976190476190476,proT-vapC12
0.2,mazF7
0.2465753424657534,ptkA
0.3484848484848485,Rv2818c
0.265625,Rv0026
0.25925925925925924,Rv0074
0.23214285714285715,mtn
0.36507936507936506,ndhA-Rv0393
0.31343283582089554,mazF1
0.23943661971830985,galTb
0.2857142857142857,far-Rv0856
0.2753623188405797,citA
0.2073170731707317,Rv0914c
0.27631578947368424,lprP-Rv0963c
0.17333333333333334,Rv0966c
0.25396825396825395,mcr
0.2987012987012987,Rv1148c-Rv1149
0.25,Rv1204c
0.3815789473684211,Rv1260
0.2698412698412698,Rv1360
0.2777777777777778,Rv1518
0.21333333333333335,fadD11
0.19480519480519481,pks10
0.23809523809523808,Rv1804c-Rv1805c
0.23880597014925373,Rv1810
0.25925925925925924,Rv1841c
0.3026315789473684,Rv1895
0.2222222222222222,lipJ-cinA
0.19736842105263158,fadB5
0.18666666666666668,Rv1924c
0.19718309859154928,Rv1977
0.3484848484848485,cobK
0.18055555555555555,cyp128
0.17105263157894737,Rv2275
0.2876712328767123,Rv2319c
0.34177215189873417,plcB
0.20588235294117646,Rv2553c
0.23529411764705882,Rv2574
0.25757575757575757,Rv2630-Rv2631
0.3088235294117647,Rv2699c-Rv2700
0.28169014084507044,Rv2777c
0.2289156626506024,Rv2953
0.296875,Rv2980-ddlA
0.3114754098360656,Rv2994
0.25,Rv3007c
0.30158730158730157,Rv3037c
0.2375,Rv3128c-Rv3129
0.22950819672131148,Rv3129
0.21794871794871795,aofH
0.23809523809523808,tgs3
0.29577464788732394,Rv3337
0.26136363636363635,rpoA-rpsD
0.20833333333333334,Rv3716c
0.25806451612903225,Rv3798-accD4
0.24,Rv3836
0.3,espE
0.27906976744186046,espJ
0.265625,gyrA
0.2608695652173913,ppiA-Rv0010c
0.2028985507246377,Rv0010c
0.2602739726027397,Rv0021c
0.25757575757575757,Rv0030
0.21794871794871795,celA1
0.19117647058823528,celA1-Rv0063
0.22666666666666666,Rv0067c
0.24675324675324675,ctpA
0.32894736842105265,ldtA
0.2222222222222222,treS
0.25,treS-mak
0.352112676056338,Rv0142
0.2898550724637681,Rv0143c
0.2714285714285714,Rv0144
0.2535211267605634,Rv0144-Rv0145
0.2716049382716049,Rv0150c-PE1
0.3076923076923077,yrbE1A
0.26153846153846155,Rv0180c
0.273972602739726,Rv0193c-Rv0194
0.2647058823529412,Rv0210
0.3235294117647059,Rv0213c
0.2878787878787879,vapB24
0.2777777777777778,htdX
0.3125,aac
0.3176470588235294,Rv0274
0.24285714285714285,vapB2
0.3055555555555556,Rv0309
0.20833333333333334,cyp135A1
0.23880597014925373,Rv0329c
0.352112676056338,Rv0331
0.2876712328767123,Rv0339c
0.20588235294117646,dnaK
0.20833333333333334,dnaJ1
0.24,hspR-PPE7
0.2916666666666667,Rv0361-mgtE
0.2926829268292683,Rv0374c-Rv0375c
0.18518518518518517,Rv0386
0.20634920634920634,ndhA
0.234375,fgd1
0.20481927710843373,Rv0433
0.26229508196721313,Rv0452-PPE11
0.2191780821917808,Rv0465c
0.1643835616438356,icl1
0.2878787878787879,fadB2
0.2727272727272727,umaA
0.13333333333333333,Rv0473
0.27848101265822783,Rv0479c
0.24050632911392406,Rv0480c-Rv0481c
0.2878787878787879,Rv0496
0.25396825396825395,serB1
0.17567567567567569,Rv0519c
0.3287671232876712,hemL
0.22058823529411764,menE
0.3125,yrbE2A
0.2191780821917808,Rv0628c
0.28125,recB
0.3384615384615385,echA3
0.2222222222222222,Rv0633c
0.2535211267605634,secE1
0.189873417721519,mmaA3
0.2857142857142857,Rv0653c-Rv0654
0.26153846153846155,mkl
0.27380952380952384,vapB6-Rv0658c
0.34615384615384615,Rv0658c
0.20481927710843373,mazE2-vapC7
0.18055555555555555,rpoC
0.25,rpoC-Rv0669c
0.2972972972972973,fadE8
0.21818181818181817,Rv0680c
0.3103448275862069,tuf-Rv0686
0.2602739726027397,Rv0689c-Rv0690c
0.2077922077922078,Rv0699-rpsJ
0.18823529411764706,Rv0725c
0.2786885245901639,Rv0726c
0.3116883116883117,vapC31
0.2972972972972973,Rv0756c
0.234375,adhB
0.27631578947368424,Rv0762c
0.22535211267605634,Rv0776c-purB
0.26153846153846155,cyp126
0.3108108108108108,Rv0791c
0.26229508196721313,Rv0802c
0.2028985507246377,Rv0804-Rv0805
0.2727272727272727,thiX
0.2911392405063291,Rv0843-narL
0.27941176470588236,Rv0846c
0.24675324675324675,Rv0856
0.2696629213483146,Rv0862c
0.3076923076923077,Rv0876c-Rv0877
0.21666666666666667,PPE13-Rv0879c
0.2,Rv0897c
0.2054794520547945,Rv0906
0.28,Rv0911
0.2777777777777778,betP
0.23684210526315788,betP-Rv0918
0.2987012987012987,Rv0923c
0.3026315789473684,mntH
0.2028985507246377,Rv0925c
0.2608695652173913,pstS3
0.29850746268656714,pstS1
0.22093023255813954,Rv0953c
0.2602739726027397,accA2
0.2112676056338028,rpmF
0.3125,arcA
0.3188405797101449,ispE
0.30666666666666664,Rv1012-pks16
0.2777777777777778,prsA
0.3103448275862069,mfd
0.22388059701492538,trcS
0.17105263157894737,esxI
0.2112676056338028,Rv1043c
0.20512820512820512,Rv1050
0.23943661971830985,Rv1061
0.2028985507246377,Rv1069c
0.3,fadA3
0.2692307692307692,glpX
0.2619047619047619,Rv1111c
0.323943661971831,Rv1129c-prpD
0.2857142857142857,Rv1134-PPE16
0.25274725274725274,omt
0.323943661971831,Rv1158c
0.2,pks3
0.234375,papA3
0.3125,Rv1194c
0.22535211267605634,dapD
0.23076923076923078,Rv1231c
0.3058823529411765,Rv1251c
0.2597402597402597,Rv1264
0.25609756097560976,pknH
0.2571428571428571,Rv1291c-argV
0.2564102564102564,atpG
0.24675324675324675,rrl
0.3,mbtM
0.26506024096385544,irtA
0.24175824175824176,fabG2
0.25,Rv1356c-Rv1357c
0.2631578947368421,mcr15
0.225,Rv1372
0.2631578947368421,Rv1376
0.2289156626506024,Rv1377c
0.2597402597402597,PPE20-mihF
0.22784810126582278,nlhH
0.3150684931506849,Rv1403c
0.35,Rv1405c
0.28169014084507044,lipO
0.2857142857142857,Rv1428c
0.29411764705882354,tpi-Rv1439c
0.2714285714285714,Rv1439c-secG
0.20253164556962025,ctaB
0.26865671641791045,Rv1473A
0.29577464788732394,Rv1480
0.24242424242424243,Rv1500
0.2028985507246377,Rv1503c
0.33766233766233766,Rv1526c
0.2564102564102564,pks5-papA4
0.3484848484848485,fadD24-adh
0.34210526315789475,adh
0.25925925925925924,Rv1534-Rv1535
0.25,Rv1543
0.3333333333333333,bioD
0.2375,Rv1591
0.19736842105263158,lgt
0.2702702702702703,cya
0.1875,rpsA
0.23214285714285715,Rv1634
0.2702702702702703,tsnR
0.28205128205128205,Rv1648
0.2077922077922078,pheT
0.22784810126582278,argR
0.21686746987951808,argH
0.24050632911392406,pks17
0.2716049382716049,Rv1672c
0.2054794520547945,dsbF
0.2976190476190476,recN
0.25925925925925924,engA
0.1746031746031746,fadB3
0.2602739726027397,Rv1724c
0.27848101265822783,Rv1730c-gabD2
0.2535211267605634,Rv1733c
0.18072289156626506,fadD1
0.2631578947368421,Rv1751
0.2702702702702703,Rv1779c
0.23076923076923078,malQ-eccB5
0.3389830508474576,eccC5
0.22916666666666666,PPE26-PPE27
0.22857142857142856,esxM
0.2571428571428571,Rv1833c
0.3333333333333333,Rv1836c
0.27692307692307694,Rv1842c
0.19672131147540983,blaI
0.22972972972972974,Rv1866
0.16666666666666666,Rv1875
0.2698412698412698,bfrA-Rv1877
0.24675324675324675,lppE
0.2987012987012987,fbpB
0.19696969696969696,Rv1889c
0.25925925925925924,furA
0.22857142857142856,Rv1931c
0.1875,tpx
0.2,Rv1947
0.2465753424657534,Rv1951c
0.2878787878787879,Rv1957
0.2702702702702703,mce3F
0.2777777777777778,Rv1975
0.2054794520547945,Rv1993c
0.358974358974359,cmtR-Rv1995
0.3611111111111111,Rv1995-Rv1996
0.16666666666666666,Rv1996
0.25,Rv1996-ctpF
0.3088235294117647,Rv2003c
0.27380952380952384,otsB1
0.30666666666666664,Rv2035
0.3170731707317073,ppm1
0.31666666666666665,cobH
0.28378378378378377,Rv2073c
0.3448275862068966,Rv2074
0.29411764705882354,Rv2090
0.2602739726027397,mshC
0.3333333333333333,Rv2132
0.1935483870967742,lppL
0.36619718309859156,lppL-pyrD
0.24,TB18.6
0.2441860465116279,pbpB
0.2898550724637681,ctaC-asnB
0.2972972972972973,Rv2203
0.296875,Rv2205c
0.27692307692307694,Rv2205c-Rv2206
0.24390243902439024,Rv2212
0.26582278481012656,rnpB-Rv2227
0.2755102040816326,Rv2230c
0.24324324324324326,mcr16-acpM
0.30434782608695654,Rv2258c-mscR
0.2564102564102564,Rv2265
0.21686746987951808,Rv2305
0.19047619047619047,Rv2309c-Rv2309A
0.18666666666666668,rocE
0.2631578947368421,narK1
0.275,glyS-smtB
0.2698412698412698,smtB
0.25301204819277107,dnaJ2
0.2112676056338028,mbtF
0.27586206896551724,mbtE
0.37142857142857144,mbtJ
0.2786885245901639,ggtB
0.22950819672131148,Rv2407-PE24
0.3484848484848485,oxyR
0.17543859649122806,ndkA-Rv2446c
0.2537313432835821,clpX-mmuM
0.3,glbO
0.21875,Rv2484c
0.25,fas
0.22388059701492538,vapC19-Rv2548A
0.2465753424657534,Rv2560-mpr11
0.22535211267605634,Rv2570
0.2835820895522388,Rv2575
0.26153846153846155,vapB40
0.34615384615384615,pgsA1
0.27058823529411763,Rv2627c-Rv2628
0.3333333333333333,Rv2676c
0.21686746987951808,Rv2712c-sthA
0.2638888888888889,Rv2717c-nrdR
0.2894736842105263,Rv2719c
0.34782608695652173,fadE20-hflX
0.24050632911392406,miaA
0.2923076923076923,Rv2735c
0.22093023255813954,vapB42
0.2608695652173913,Rv2779c
0.30158730158730157,sirR
0.25301204819277107,Rv2807-Rv2808
0.24705882352941178,Rv2825c
0.323943661971831,ugpC
0.25,aldC
0.2361111111111111,Rv2880c
0.125,rplS-lppW
0.1951219512195122,Rv2913c
0.2535211267605634,Rv2917
0.23809523809523808,glnD
0.21176470588235294,Rv2927c
0.2857142857142857,pks1
0.32,fadD22
0.2891566265060241,Rv2953-Rv2954c
0.21875,Rv2955c
0.22093023255813954,Rv2959c-Rv2960c
0.2236842105263158,Rv2962c
0.25555555555555554,Rv2962c-Rv2963
0.30434782608695654,Rv2971
0.3582089552238806,recG
0.2361111111111111,Rv2974c
0.2696629213483146,ung
0.29508196721311475,Rv2990c
0.18055555555555555,esxR
0.2891566265060241,Rv3026c
0.27419354838709675,Rv3032A-Rv3033
0.273972602739726,serB2
0.29850746268656714,ctaD
0.29577464788732394,adhC
0.33766233766233766,cstA-Rv3064c
0.2289156626506024,Rv3066-Rv3067
0.14492753623188406,Rv3071
0.35064935064935066,Rv3079c
0.2,virS
0.26666666666666666,Rv3083
0.273972602739726,Rv3085
0.265625,Rv3087
0.16923076923076924,Rv3091
0.28378378378378377,moaC1
0.20481927710843373,tgs1
0.28205128205128205,Rv3161c
0.21428571428571427,Rv3167c
0.265625,Rv3197
0.2318840579710145,Rv3205c
0.2753623188405797,TB7.3
0.26506024096385544,desA3
0.21739130434782608,fadE25
0.29508196721311475,birA
0.2894736842105263,lat
0.2777777777777778,lat-lrpA
0.31746031746031744,lrpA
0.2676056338028169,atsB
0.2638888888888889,phoY1
0.234375,Rv3312c
0.2875,sdhC
0.23333333333333334,dacB1
0.2077922077922078,Rv3335c
0.15873015873015872,Rv3355c
0.23880597014925373,folD
0.2619047619047619,Rv3362c
0.23863636363636365,amiD
0.20588235294117646,dxs2
0.16666666666666666,guaA
0.273972602739726,idsA1
0.24358974358974358,gadB
0.27848101265822783,Rv3435c-glmS
0.25757575757575757,rpsI
0.21739130434782608,rmlC-Rv3466
0.24390243902439024,Rv3480c
0.24324324324324326,Rv3502c
0.2647058823529412,Rv3510c
0.25675675675675674,fadD19-echA19
0.22727272727272727,Rv3521
0.26666666666666666,Rv3524
0.22077922077922077,Rv3525c
0.25,Rv3530c
0.19718309859154928,hsaG
0.2876712328767123,Rv3549c-echA20
0.27631578947368424,fadE31
0.1875,ispF
0.2261904761904762,ispD
0.21666666666666667,clpC1
0.18055555555555555,Rv3645
0.23376623376623376,topA
0.2073170731707317,MTS2823-Rv3662c
0.24358974358974358,Rv3684
0.21428571428571427,Rv3688c
0.2077922077922078,moxR2
0.3508771929824561,Rv3694c-Rv3695
0.2,Rv3699
0.2903225806451613,Rv3719
0.3333333333333333,Rv3725-Rv3726
0.3150684931506849,Rv3728
0.3013698630136986,Rv3732
0.3375,Rv3736
0.2318840579710145,ctpJ
0.3142857142857143,tyrA
0.2375,Rv3771c-argU
0.2988505747126437,Rv3789
0.2755102040816326,embA
0.1917808219178082,Rv3833
0.2,whiB6
0.2077922077922078,eccA1
0.20967741935483872,Rv3903c
0.23809523809523808,rpmH
0.25333333333333335,Rv0950c
0.20967741935483872,Rv2161c
0.2714285714285714,Rv2189c
0.3048780487804878,hemY
0.3111111111111111,Rv3093c
0.2028985507246377,Rv3394c
0.30864197530864196,ephA
0.24242424242424243,Rv3651-mpr18
0.25,Rv1312-Rv1313c
0.275,Rv1637c
0.22784810126582278,Rv1729c-Rv1730c
0.2804878048780488,Rv3134c-PPE50
0.2537313432835821,Rv3196A-Rv3197
0.2717391304347826,Rv3901c
0.20512820512820512,Rv0504c-serB1
0.3225806451612903,fgd2
0.2972972972972973,Rv0269c
0.25,fadD8
0.3380281690140845,Rv0831c
0.2558139534883721,Rv1509
0.19230769230769232,helZ
0.27906976744186046,Rv3239c
0.225,acs
0.2125,eccD2
0.2696629213483146,Rv0037c
0.2535211267605634,Rv0146
0.3157894736842105,Rv0147
0.36619718309859156,Rv0323c
0.25333333333333335,pknG
0.20987654320987653,psd
0.2894736842105263,Rv0466-icl1
0.21333333333333335,Rv0481c
0.25925925925925924,Rv0487-Rv0488
0.2625,hemC
0.375,Rv0537c-Rv0538
0.3382352941176471,menD
0.2987012987012987,Rv0575c-Rv0576
0.30120481927710846,rslA
0.4305555555555556,phoR
0.3,cysK2
0.265625,rpfA
0.2465753424657534,fadE10
0.25,pgi-Rv0947c
0.27586206896551724,Rv1052
0.20253164556962025,Rv1105
0.24242424242424243,zwf1
0.3448275862068966,fdxC
0.2911392405063291,sigI
0.2696629213483146,mdh
0.2625,Rv1318c
0.2537313432835821,Rv1357c
0.3235294117647059,Rv1363c-mcr15
0.27710843373493976,Rv1364c-rsfA
0.23376623376623376,nlhH-lipI
0.27631578947368424,Rv1465
0.23376623376623376,trxB1
0.2361111111111111,Rv1616-pykA
0.19101123595505617,engA-Rv1714
0.25757575757575757,modC
0.4,Rv1914c
0.31343283582089554,Rv1937
0.3333333333333333,Rv1947-Rv1948c
0.2222222222222222,erm(37)-Rv1989c
0.2714285714285714,Rv2011c
0.25,Rv2113
0.2878787878787879,cyp124-Rv2267c
0.25333333333333335,Rv2294
0.2698412698412698,Rv2307B-Rv2307D
0.25,Rv2387
0.2054794520547945,orn-hisT
0.26582278481012656,Rv2514c
0.2222222222222222,Rv2631
0.20588235294117646,arsC
0.31645569620253167,Rv2751
0.20833333333333334,Rv2765
0.30158730158730157,pyrH-Rv2884
0.2911392405063291,ffh
0.30864197530864196,Rv2968c
0.2571428571428571,leuD
0.22784810126582278,Rv2991
0.2727272727272727,Rv3032A
0.2153846153846154,Rv3067
0.2073170731707317,fadE23
0.25757575757575757,Rv3177-Rv3178
0.3387096774193548,Rv3194c-Rv3195
0.2972972972972973,ppk2
0.2692307692307692,fbiB-Rv3263
0.208955223880597,otsB2
0.2878787878787879,infA-Rv3463
0.2923076923076923,kshA
0.2698412698412698,lpqE
0.2345679012345679,mhuD
0.2716049382716049,Rv3784
0.20689655172413793,pirG
0.3611111111111111,espB
0.2077922077922078,eccE2
0.3287671232876712,Rv1084
0.32894736842105265,hspR
0.3,Rv0029-Rv0030
0.2911392405063291,narL-Rv0845
0.27941176470588236,PE_PGRS50-Rv3346c
0.265625,ctpB-Rv0104
0.2972972972972973,ilvD
0.21052631578947367,fabG4
0.27692307692307694,Rv0426c
0.2647058823529412,Rv0528
0.2911392405063291,TB27.3
0.2328767123287671,Rv0634c
0.22077922077922077,Rv0681
0.24242424242424243,Rv0894
0.22857142857142856,fadE13
0.2692307692307692,rpfB
0.26582278481012656,Rv1140
0.2,folP2
0.30666666666666664,glgC
0.2676056338028169,Rv1490
0.21621621621621623,hisI
0.2833333333333333,Rv1627c
0.21951219512195122,pks11
0.27941176470588236,Rv1687c
0.2054794520547945,gabD2
0.3230769230769231,Rv1765c-Rv1765A
0.24210526315789474,Rv1830
0.15,aceAb
0.2830188679245283,lppF
0.29333333333333333,Rv1922
0.27380952380952384,ribA1
0.3188405797101449,Rv2054
0.25333333333333335,dop
0.19444444444444445,Rv2304c-Rv2305
0.3815789473684211,uspC
0.3717948717948718,dgt-Rv2345
0.273972602739726,mbtI
0.2898550724637681,eis
0.3055555555555556,aroF
0.28125,Rv2715
0.26666666666666666,serA1
0.2898550724637681,PE29-Rv3023c
0.3333333333333333,cyp136-Rv3060c
0.1956521739130435,moaR1-PPE49
0.2153846153846154,nuoK
0.30120481927710846,cut4-Rv3453
0.24561403508771928,fadD17
0.3114754098360656,dppB
0.29577464788732394,Rv3740c
0.27586206896551724,Rv3742c-ctpJ
0.2328767123287671,Rv3770c-Rv3770A
0.24324324324324326,Rv3898c-Rv3899c
0.2222222222222222,iniB
0.208955223880597,Rv1157c
0.2876712328767123,Rv1674c
0.2073170731707317,lprP
0.24285714285714285,Rv2435c
0.18055555555555555,Rv0756c-phoP
0.2,bisC-Rv1443c
0.16923076923076924,cycA
0.19736842105263158,cfp2
0.2608695652173913,Rv2551c
0.27631578947368424,mesT-Rv3177
0.25,vapB4
0.23809523809523808,pheU-PE_PGRS12
0.3387096774193548,Rv1104
0.24675324675324675,Rv1272c
0.19101123595505617,PPE33-Rv1810
0.29411764705882354,Rv2042c
0.2777777777777778,Rv2282c
0.33766233766233766,cysA1
0.22058823529411764,Rv3191c-metU
0.23943661971830985,dnaE2
0.22857142857142856,radA
0.35365853658536583,ethA
0.3,Rv0218
0.2833333333333333,galK
0.26666666666666666,murG
0.20833333333333334,ftsW
0.25609756097560976,glyA2
0.24390243902439024,Rv1754c
0.24390243902439024,Rv2277c
0.2875,vapB1
0.22388059701492538,Rv1358
0.2714285714285714,Rv1647
0.2441860465116279,Rv1894c
0.2564102564102564,proZ
0.23684210526315788,Rv0060
0.25,Rv0139
0.2597402597402597,fadA2
0.25,thiE-thiO
0.20454545454545456,Rv0498
0.19480519480519481,menB
0.21428571428571427,lpqN
0.2236842105263158,thrT-metT
0.26153846153846155,phoT
0.22058823529411764,Rv0845
0.23684210526315788,moaC2
0.2727272727272727,fprB
0.18181818181818182,pgi
0.3,Rv1051c-mpr5
0.2602739726027397,Rv1059
0.31666666666666665,Rv1190
0.22857142857142856,argS
0.32051282051282054,trpB
0.16666666666666666,Rv1619
0.2923076923076923,cydA
0.2028985507246377,Rv1718
0.17333333333333334,ureG
0.1375,cfp21
0.3103448275862069,Rv2159c
0.23170731707317074,aprA
0.31645569620253167,plsB2
0.3230769230769231,Rv2522c
0.2638888888888889,fadD9
0.21428571428571427,Rv2680
0.27906976744186046,ceoC
0.22535211267605634,Rv2787-sirR
0.2289156626506024,truB
0.23943661971830985,nrdI-nrdH
0.2608695652173913,Rv3351c
0.2028985507246377,PPE57-PPE58
0.19672131147540983,eccC4
0.15,topA-Rv3647c
0.3157894736842105,Rv3770c
0.15873015873015872,pks2
0.3442622950819672,vapB8
0.26153846153846155,alkA
0.25333333333333335,trpA
0.25,Rv2743c
0.2891566265060241,Rv3463
0.32051282051282054,Rv3603c
0.30985915492957744,Rv0875c
0.23809523809523808,Rv2262c
0.3235294117647059,narK3
0.2835820895522388,Rv0471c
0.2,Rv0140
0.36363636363636365,fadE4
0.17391304347826086,Rv0366c
0.21428571428571427,vapB4-Rv0597c
0.22077922077922077,Rv0687
0.24691358024691357,Rv0737
0.3283582089552239,moaE2
0.32,uvrD1
0.2962962962962963,Rv0966c-csoR
0.26865671641791045,Rv1186c
0.26506024096385544,trpE
0.21212121212121213,Rv1706A
0.28,vapB12-Rv1722
0.2,pknE
0.3026315789473684,Rv1906c
0.2777777777777778,Rv1929c-Rv1930c
0.265625,Rv2228c
0.3125,glpD1
0.2702702702702703,gabT-fadD9
0.296875,Rv2675c
0.3114754098360656,dxs1
0.2465753424657534,gpsI
0.2361111111111111,Rv2897c
0.25,Rv2963
0.3068181818181818,cstA
0.2916666666666667,Rv3241c
0.20253164556962025,accD5
0.29508196721311475,Rv3333c
0.1875,Rv3481c-Rv3482c
0.24,Rv3485c-Rv3486
0.24691358024691357,Rv3675-crp
0.2413793103448276,eccCb1-PE35
0.2786885245901639,espG2
0.2558139534883721,gnd2
0.22388059701492538,Rv1171
0.2878787878787879,pepB
0.2,amt-ftsY
0.2535211267605634,AS1726
0.27941176470588236,Rv2480c-Rv2481c
0.2714285714285714,mmsA-PE_PGRS11
0.18571428571428572,Rv2689c-Rv2690c
0.18309859154929578,mce1R
0.25301204819277107,Rv0192A-Rv0193c
0.18823529411764706,fadD4
0.25,Rv0260c-narK3
0.37333333333333335,Rv0373c
0.19047619047619047,Rv0674
0.3076923076923077,rpsG
0.38461538461538464,mmsA
0.2602739726027397,Rv0891c
0.27848101265822783,Rv1000c
0.3037974683544304,Rv1116A
0.28,rfe
0.2328767123287671,rrs
0.2876712328767123,frdD
0.24675324675324675,Rv1941
0.21333333333333335,rbsK
0.20270270270270271,acpS-fas
0.19480519480519481,dacB2
0.2857142857142857,Rv2954c
0.2537313432835821,Rv3092c
0.25301204819277107,Rv3333c-Rv3334
0.2413793103448276,Rv3338
0.32857142857142857,folD-relJ
0.352112676056338,eccB2
0.23728813559322035,eccC3
0.273972602739726,gpdA1
0.26506024096385544,Rv1419
0.3108108108108108,pheA
0.26666666666666666,Rv3857c
0.28169014084507044,hycQ
0.27631578947368424,Rv0216
0.22448979591836735,Rv0347
0.2894736842105263,Rv0680c-Rv0681
0.2571428571428571,Rv0755A-thrV
0.27941176470588236,Rv0776c
0.28125,fadE12
0.20833333333333334,mscL
0.19736842105263158,Rv1034c-Rv1035c
0.25,Rv1047-Rv1048c
0.19480519480519481,metB
0.3333333333333333,mazE3
0.18032786885245902,metE-Rv1134
0.31343283582089554,cysM
0.2028985507246377,Rv1508c
0.36507936507936506,Rv1615
0.273972602739726,Rv1717-Rv1718
0.23636363636363636,Rv2023c
0.2571428571428571,pitB
0.2537313432835821,vapB21
0.24691358024691357,rip
0.2711864406779661,cyp141
0.2318840579710145,Rv3230c
0.2222222222222222,yrbE4B
0.2222222222222222,Rv1138c
0.33783783783783783,Rv2251
0.2413793103448276,smc
0.2,Rv3242c-Rv3243c
0.234375,manA
0.28,Rv1995
0.2727272727272727,Rv1370c-Rv1371
0.32894736842105265,nadR
0.234375,frdB
0.2222222222222222,Rv1747
0.23529411764705882,Rv2689c
0.21739130434782608,whiB4-ponA2
0.24705882352941178,Rv0158
0.3258426966292135,Rv0395
0.35135135135135137,Rv0556
0.30357142857142855,Rv0574c
0.21794871794871795,Rv0653c
0.2535211267605634,accD3
0.35714285714285715,Rv1219c
0.2714285714285714,Rv1254
0.30303030303030304,cysO
0.31521739130434784,Rv1382
0.2833333333333333,csd
0.27419354838709675,Rv1892
0.28735632183908044,cobT
0.27631578947368424,uspB
0.2191780821917808,Rv2418c
0.2375,lipN
0.2608695652173913,Rv3000
0.19718309859154928,Rv3178
0.3333333333333333,Rv3454
0.22388059701492538,Rv3483c-cpsA
0.2073170731707317,PPE65-PE32
0.25,lpqH
0.3076923076923077,glf
0.3048780487804878,Rv1333
0.3157894736842105,Rv3860
0.14285714285714285,rplI
0.3770491803278688,Rv0817c
0.2631578947368421,pstB
0.24242424242424243,Rv1057
0.16455696202531644,Rv1125
0.2638888888888889,cfp21-Rv1985c
0.2682926829268293,Rv2041c
0.25,mbtB-mbtA
0.26582278481012656,Rv2958c
0.22857142857142856,Rv3194c
0.27472527472527475,Rv3218-whiB1
0.27419354838709675,Rv3334
0.27692307692307694,alr
0.28169014084507044,Rv3434c
0.34545454545454546,lprF-Rv1369c
0.25,Rv0077c
0.2638888888888889,fadE3
0.16666666666666666,rplY
0.3333333333333333,vapB32
0.25,ogt
0.23076923076923078,secG-PE_PGRS26
0.21951219512195122,Rv2776c
0.3064516129032258,Rv2929-fadD26
0.31746031746031744,Rv3271c-Rv3272
0.26582278481012656,gyrA-Rv0007
0.2926829268292683,Rv0057
0.16666666666666666,rpmB1-Rv0106
0.2857142857142857,fadE2-pntAa
0.2054794520547945,Rv0183
0.2898550724637681,Rv0187
0.2222222222222222,mmpL3
0.2891566265060241,Rv0228
0.273972602739726,fadE5-Rv0245
0.28169014084507044,Rv0326
0.21875,fba
0.3246753246753247,Rv0380c-Rv0381c
0.26506024096385544,Rv0435c
0.22784810126582278,sigK
0.30158730158730157,ufaA1
0.3103448275862069,mce2A
0.3076923076923077,nusG
0.22388059701492538,mkl-vapC6
0.2898550724637681,rpoB
0.4024390243902439,atsA-Rv0712
0.2345679012345679,phoY2-Rv0822c
0.3382352941176471,Rv0842
0.234375,Rv0970
0.1935483870967742,PE10-celA2a
0.2716049382716049,PE_PGRS22-coaA
0.2608695652173913,desA2-phoH2
0.2361111111111111,TB8.4-fadH
0.27631578947368424,Rv1191
0.29333333333333333,pyrC
0.17647058823529413,Rv1502
0.29411764705882354,hisI-chaA
0.23943661971830985,Rv1673c
0.35802469135802467,Rv1711
0.22784810126582278,Rv1747-Rv1748
0.2857142857142857,Rv1749c
0.30985915492957744,mgtC
0.23170731707317074,Rv1869c
0.32051282051282054,glnA3
0.2702702702702703,mpt64
0.2535211267605634,Rv2001
0.2804878048780488,Rv2005c-otsB1
0.2714285714285714,Rv2030c
0.2716049382716049,Rv2037c
0.3026315789473684,fxsA
0.2857142857142857,Rv2135c
0.3055555555555556,Rv2175c
0.26666666666666666,pknL
0.23076923076923078,qcrA
0.4166666666666667,lipB
0.2962962962962963,Rv2390c-sirA
0.28205128205128205,che1
0.19047619047619047,Rv2401
0.23809523809523808,ahpC
0.2807017543859649,Rv2515c
0.208955223880597,Rv2531c
0.2727272727272727,secF
0.2808988764044944,speE
0.2727272727272727,Rv2625c
0.21951219512195122,Rv2714-Rv2715
0.21052631578947367,Rv2721c
0.28205128205128205,Rv2800
0.25609756097560976,Rv2809
0.2923076923076923,proS
0.16455696202531644,ppk1
0.1527777777777778,leuC
0.21176470588235294,Rv3104c
0.30985915492957744,Rv3169
0.25,whiB2
0.22535211267605634,accA3
0.26666666666666666,vapB44
0.3157894736842105,Rv3329-dacB1
0.37681159420289856,Rv3369
0.2857142857142857,iunH
0.2804878048780488,alr-Rv3424c
0.22972972972972974,mrsA
0.15789473684210525,lprN
0.2463768115942029,Rv3572
0.265625,mesJ
0.23684210526315788,Rv3668c
0.24096385542168675,Rv3700c
0.25,gshA-Rv3705c
0.35,Rv3770B-Rv3771c
0.25,Rv3831
0.3333333333333333,eccCa1
0.3333333333333333,esxA-espI
0.42028985507246375,eccE1
0.2413793103448276,Rv3888c
0.3333333333333333,Rv3912
0.234375,relB-Rv1248c
0.22666666666666666,rpmJ
0.3,Rv1770
0.273972602739726,Rv2075c
0.27692307692307694,Rv0049-ponA1
0.29577464788732394,Rv0518
0.2727272727272727,Rv0580c
0.3709677419354839,Rv0785
0.3333333333333333,Rv0787
0.35064935064935066,cysA2-thiX
0.3108108108108108,PE8-Rv1041c
0.2191780821917808,PE_PGRS25-vapC10
0.2,PE_PGRS28-Rv1453
0.19402985074626866,mutB
0.22093023255813954,cydC
0.3559322033898305,PPE23-Rv1706A
0.2619047619047619,Rv2136c
0.2714285714285714,cobS-Rv2209
0.2375,echA14
0.2923076923076923,Rv2542
0.2692307692307692,PE_PGRS45-Rv2616
0.27058823529411763,suhB
0.34328358208955223,sigB-ideR
0.27906976744186046,ligA
0.23376623376623376,Rv3548c
0.2727272727272727,Rv3642c-Rv3643
0.2441860465116279,Rv3668c-Rv3669
0.32926829268292684,Rv3703c
0.3023255813953488,Rv3750c-Rv3751
0.2608695652173913,Rv2293c
0.2602739726027397,Rv0044c
0.2676056338028169,vapC2-Rv0302
0.2972972972972973,udgA
0.24324324324324326,bpoB
0.24285714285714285,Rv1490-Rv1491c
0.2465753424657534,Rv1507A
0.288135593220339,blaC-sigC
0.24691358024691357,argA-ftsK
0.34285714285714286,tgs4
0.16455696202531644,Rv3277
0.28888888888888886,pcnA-mutT4
0.36231884057971014,rpsF
0.26666666666666666,Rv0089
0.20967741935483872,Rv0094c-Rv0095c
0.2597402597402597,Rv0138
0.32857142857142857,bglS-mymT
0.2647058823529412,espG3
0.2972972972972973,Rv0306
0.19480519480519481,purA
0.26506024096385544,Rv0397A
0.29411764705882354,Rv0497-Rv0498
0.35443037974683544,Rv0517
0.2361111111111111,fabH
0.2916666666666667,Rv0565c-Rv0566c
0.2727272727272727,Rv0567
0.2923076923076923,cyp135B1
0.2753623188405797,Rv0654
0.3384615384615385,mazF2
0.35135135135135137,serA2
0.3148148148148148,secY
0.24324324324324326,Rv0750
0.23376623376623376,Rv0887c-Rv0888
0.3026315789473684,echA6
0.2702702702702703,Rv0955
0.3333333333333333,echA7
0.23880597014925373,Rv0976c
0.1643835616438356,PE_PGRS16-PE_PGRS17
0.21176470588235294,kdpC
0.2916666666666667,Rv1112-vapB32
0.3142857142857143,Rv1144-mmpL13a
0.2926829268292683,mshB
0.24561403508771928,htrA
0.30864197530864196,corA
0.3058823529411765,thrB
0.2777777777777778,Rv1331
0.28888888888888886,Rv1352
0.34375,Rv1366
0.25806451612903225,Rv1395
0.25862068965517243,priA
0.28205128205128205,Rv1462
0.28169014084507044,Rv1514c
0.3,hisB
0.23684210526315788,vapC12
0.2564102564102564,Rv1739c-vapB34
0.24358974358974358,idi
0.2328767123287671,Rv1828
0.27631578947368424,adhA
0.20634920634920634,Rv1882c
0.4166666666666667,Rv2017
0.2597402597402597,helY
0.25,ansP1
0.2361111111111111,Rv2129c
0.2602739726027397,asnB-adoK
0.2948717948717949,Rv2223c
0.2608695652173913,Rv2311
0.2,moeW-mmpL9
0.225,gpgP
0.22666666666666666,valS-Rv2449c
0.23214285714285715,Rv2469c
0.27631578947368424,Rv2489c
0.26582278481012656,Rv2729c
0.20588235294117646,hsdM
0.22857142857142856,fadE21
0.18055555555555555,efpA
0.26582278481012656,nicT-Rv2857c
0.32,rpsB
0.2676056338028169,pknI
0.25675675675675674,Rv2972c
0.20270270270270271,Rv3103c
0.23880597014925373,Rv3273
0.24675324675324675,nagA
0.2777777777777778,Rv3424c-PPE57
0.30666666666666664,Rv3471c
0.22535211267605634,hsaE
0.3064516129032258,fadE29
0.2222222222222222,fadA5-ddn
0.3373493975903614,Rv3555c-fadA6
0.3103448275862069,fadE34-kstR
0.22727272727272727,Rv3600c
0.3,tgs2
0.25757575757575757,Rv3771c
0.2564102564102564,Rv3778c
0.24390243902439024,Rv3779
0.3088235294117647,Rv3817
0.21794871794871795,Rv3845
0.2073170731707317,eccD1
0.32098765432098764,cspB-PE_PGRS15
0.24285714285714285,Rv0273c-Rv0274
0.2247191011235955,Rv0128-fbpC
0.30952380952380953,Rv0194-Rv0195
0.17333333333333334,pip
0.29333333333333333,higA
0.2835820895522388,murE
0.25,Rv2517c-ldtB
0.375,Rv2733c
0.27710843373493976,mpt83-dipZ
0.2911392405063291,hab
0.24193548387096775,fbiA
0.18571428571428572,Rv3430c-Rv3431c
0.3466666666666667,ddn
0.3563218390804598,Rv3575c
0.1935483870967742,Rv2147c
0.2753623188405797,clgR
0.3181818181818182,Rv0027
0.21686746987951808,lprO
0.3055555555555556,mymT-Rv0187
0.2191780821917808,Rv0314c
0.21212121212121213,dcd-udgA
0.2564102564102564,Rv0356c
0.2,Rv0374c
0.19444444444444445,Rv0744c-Rv0745
0.3561643835616438,Rv0767c
0.2962962962962963,Rv0789c
0.2898550724637681,ASdes-Rv0825c
0.20967741935483872,Rv0877
0.265625,Rv1117
0.3472222222222222,Rv1289
0.2631578947368421,vapB10
0.30985915492957744,Rv1429
0.25,Rv1501-Rv1502
0.2916666666666667,mce3A
0.27631578947368424,Rv2039c
0.2125,lppM
0.2777777777777778,qcrC
0.21428571428571427,mbtA
0.3013698630136986,Rv2455c
0.19607843137254902,Rv2798c
0.27380952380952384,Rv2821c
0.2,fdhF-Rv2901c
0.2777777777777778,gltS
0.2054794520547945,Rv3249c
0.22784810126582278,fbiB
0.2962962962962963,relK
0.29508196721311475,Rv3377c
0.3835616438356164,Rv3406
0.29545454545454547,folB
0.3055555555555556,Rv3701c
0.2948717948717949,fbpA
0.3380281690140845,lprA
0.24285714285714285,Rv0024-Rv0025
0.25,sdaA
0.2911392405063291,Rv0077c-Rv0078
0.2857142857142857,Rv0079
0.25,Rv0102-ctpB
0.3088235294117647,ptbB
0.313953488372093,Rv0293c
0.2692307692307692,Rv0830
0.25925925925925924,Rv0979c
0.2676056338028169,Rv1053c-Rv1054
0.29850746268656714,Rv1060
0.25806451612903225,Rv1356c
0.2857142857142857,ureD
0.2911392405063291,yrbE3B
0.3076923076923077,Rv2077A-Rv2078
0.28378378378378377,murF
0.2328767123287671,rocD2
0.25806451612903225,dctA
0.31645569620253167,Rv2491
0.2318840579710145,Rv2576c
0.28378378378378377,Rv2663
0.35294117647058826,fadD13-Rv3090
0.2676056338028169,Rv3108
0.3157894736842105,trpS
0.29577464788732394,Rv3404c
0.16417910447761194,Rv3491
0.15492957746478872,Rv3519
0.19402985074626866,cyp125
0.2028985507246377,Rv3840-bfrB
0.26506024096385544,gid-Rv3920c
0.2727272727272727,lppU
0.2727272727272727,fadE3-Rv0216
0.2608695652173913,Rv0817c-Rv0818
0.296875,Rv1075c
0.16455696202531644,rpsR2
0.2375,ltp1
0.18840579710144928,eccA3
0.19672131147540983,xthA
0.20588235294117646,Rv0579
0.25,Rv0669c
0.30357142857142855,Rv0712
0.22388059701492538,Rv0765c
0.24615384615384617,Rv0828c
0.18309859154929578,Rv0910-Rv0911
0.2926829268292683,pstA1
0.2875,lpqW
0.36507936507936506,lprE
0.28205128205128205,Rv1279
0.4117647058823529,Rv1288
0.19718309859154928,PE_PGRS27-ctaB
0.19480519480519481,dnaE1
0.21621621621621623,Rv2060
0.21621621621621623,nadE
0.38028169014084506,arsA
0.22535211267605634,ppgK
0.23333333333333334,Rv2733c-Rv2734
0.25,dipZ-mpt70
0.3717948717948718,ppsC
0.296875,ligB
0.2191780821917808,Rv3073c
0.16455696202531644,Rv3531c-PPE61
0.4262295081967213,fadE34
0.31746031746031744,Rv3768-Rv3769
0.24468085106382978,Rv3326-Rv3327
0.19444444444444445,Rv1990A-mazF6
0.23255813953488372,mbtK-leuW
0.14516129032258066,Rv1825
0.2692307692307692,Rv2308-metV
0.25,Rv2664-Rv2665
0.19767441860465115,Rv2966c-pca
0.26506024096385544,Rv3412
0.2857142857142857,sodA-Rv3847
0.25,Rv1761c
0.23880597014925373,nrdR-Rv2719c
0.2535211267605634,Rv0204c
0.3230769230769231,Rv0272c
0.22972972972972974,Rv0293c-tam
0.26865671641791045,alaV-Rv0997
0.17567567567567569,mmpL13b
0.2153846153846154,lprA-Rv1271c
0.18571428571428572,Rv1322
0.20270270270270271,MTS1082-Rv1375
0.20238095238095238,PPE21-fadD11.1
0.29577464788732394,Rv1976c
0.2676056338028169,pncA
0.24675324675324675,oxyR-ahpC
0.25609756097560976,pepQ
0.30864197530864196,sigB
0.2153846153846154,mpt53
0.25,Rv3399-Rv3400
0.23076923076923078,groEL1
0.25333333333333335,PE_PGRS56-fadD18
0.3291139240506329,Rv3733c
0.20987654320987653,thrC-thrB
0.17857142857142858,nadB
0.2894736842105263,Rv0004
0.2698412698412698,Rv0811c
0.2608695652173913,ercc3
0.2823529411764706,ctpE-Rv0909
0.19402985074626866,Rv1192
0.2857142857142857,lgt-Rv1615
0.2077922077922078,Rv1887
0.1935483870967742,Rv2456c
0.2463768115942029,vapB20
0.27692307692307694,Rv2913c-pknI
0.23684210526315788,sigH-Rv3224
0.2857142857142857,Rv3235
0.19480519480519481,Rv3856c
0.24285714285714285,Rv2956
0.3088235294117647,Rv1928c
0.28,Rv2407
0.265625,hycP
0.25333333333333335,Rv0088
0.26666666666666666,Rv0348
0.328125,Rv0561c
0.2857142857142857,Rv1021
0.17647058823529413,Rv1410c
0.16883116883116883,bioA
0.2714285714285714,Rv1961
0.2777777777777778,Rv2004c
0.25,acg-Rv2033c
0.27848101265822783,Rv2271-Rv2272
0.2976190476190476,hisS
0.36363636363636365,Rv2752c
0.23232323232323232,lpdA
0.28125,upp-sapM
0.23529411764705882,Rv3403c
0.16176470588235295,Rv3737
0.29577464788732394,Rv0650
0.2777777777777778,vapB14
0.28169014084507044,caeA-panB
0.21978021978021978,Rv0324
0.17391304347826086,pssA
0.2602739726027397,vapC27
0.36,fusA1
0.3493975903614458,mapA
0.22077922077922077,kmtR-Rv0828c
0.15384615384615385,kdpB
0.2153846153846154,prpC
0.2537313432835821,pyrR
0.2911392405063291,epiA
0.2602739726027397,Rv1598c
0.2647058823529412,Rv1610
0.2328767123287671,Rv1680
0.21951219512195122,Rv1722
0.3055555555555556,Rv1723
0.23376623376623376,cinA
0.25301204819277107,Rv1973
0.25316455696202533,Rv2510c
0.273972602739726,Rv2571c
0.3220338983050847,thrS
0.25675675675675674,lipR
0.22033898305084745,Rv3335c-trpS
0.15492957746478872,guaB2-Rv3412
0.3114754098360656,PE_PGRS58-Rv3591c
0.21739130434782608,Rv3830c-Rv3831
0.2625,Rv3901c-Rv3902c
0.24561403508771928,devB
0.20512820512820512,rplW
0.3108108108108108,Rv0514-Rv0515
0.19047619047619047,Rv0572c-pncB2
0.27941176470588236,Rv1057-fadD14
0.24050632911392406,Rv1506c
0.32941176470588235,Rv1815
0.2777777777777778,Rv2541
0.22727272727272727,Rv3046c-Rv3047c
0.20512820512820512,Rv0826
0.3157894736842105,pstB-pstS1
0.23376623376623376,vapC9
0.16129032258064516,Rv1026-kdpE
0.37142857142857144,Rv1060-Rv1061
0.2261904761904762,Rv1176c
0.22666666666666666,Rv1363c
0.22972972972972974,mctB
0.2375,Rv1865c
0.2033898305084746,lppE-Rv1882c
0.3382352941176471,Rv2012
0.1780821917808219,cobL
0.171875,Rv2285
0.2535211267605634,Rv2286c
0.32142857142857145,PE27-PPE44
0.16363636363636364,Rv3175
0.22666666666666666,Rv3179
0.2571428571428571,Rv3673c
0.2692307692307692,Rv3686c
0.2702702702702703,PE22-PPE36
0.28205128205128205,Rv0157A-Rv0158
0.2463768115942029,Rv0260c
0.2236842105263158,fhaB-fhaA
0.2962962962962963,lpqI-Rv0238
0.26506024096385544,mce2D
0.34328358208955223,pqqE
0.2318840579710145,Rv0805
0.1951219512195122,Rv1002c
0.2028985507246377,Rv1063c
0.25757575757575757,infC-rpmI
0.29577464788732394,Rv1667c
0.24615384615384617,Rv2190c-Rv2191
0.26506024096385544,Rv2297-Rv2298
0.19696969696969696,Rv2469c-glbO
0.2875,Rv2672
0.25882352941176473,acrA1
0.3333333333333333,cut4
0.1951219512195122,Rv3683
0.3333333333333333,lipE
0.2786885245901639,tkt-PE_PGRS27
0.25,purA-Rv0358
0.28,vapC14
0.34285714285714286,Rv2267c
0.18461538461538463,Rv3762c
0.27941176470588236,Rv2160c
0.2608695652173913,hbhA
0.26666666666666666,gmdA
0.2,Rv2621c-Rv2622
0.2698412698412698,Rv2687c
0.2948717948717949,Rv0049
0.3559322033898305,Rv0264c
0.225,Rv0692
0.2948717948717949,Rv0713-rplN
0.20833333333333334,Rv1132
0.17105263157894737,narI
0.3384615384615385,vapC33
0.2714285714285714,Rv1273c
0.3225806451612903,eccA5
0.2898550724637681,Rv2161c-PE_PGRS38
0.2631578947368421,Rv3000-ilvC
0.2261904761904762,uvrD2
0.3157894736842105,Rv3553
0.27692307692307694,vapC48
0.25316455696202533,pheA-Rv3839
0.25806451612903225,Rv3359
0.27692307692307694,glnA1-glnE
0.26582278481012656,Rv0647c-Rv0648
0.3253012048192771,PE_PGRS7-Rv0579
0.24675324675324675,Rv1533
0.34177215189873417,Rv2414c
0.25396825396825395,Rv3064c-mmr
0.373134328358209,mesT
0.23728813559322035,vapC1
0.23076923076923078,Rv0146-Rv0147
0.21794871794871795,Rv0207c
0.23376623376623376,Rv0547c
0.36619718309859156,rpsQ
0.32432432432432434,Rv0760c
0.27380952380952384,fadB
0.35802469135802467,pstC2
0.273972602739726,Rv1188
0.2571428571428571,Rv1260-Rv1261c
0.24,Rv1719
0.23809523809523808,PPE24-Rv1754c
0.3037974683544304,Rv2160c-Rv2161c
0.3,trpD
0.15942028985507245,Rv2209
0.265625,cysW
0.10344827586206896,Rv2558-Rv2559c
0.34177215189873417,Rv3163c
0.2682926829268293,metA
0.23809523809523808,Rv3712
0.30864197530864196,Rv3850
0.2112676056338028,vapC28
0.27941176470588236,hisD
0.296875,Rv3815c
0.325,Rv0028
0.25,Rv0920c-Rv0921
0.20512820512820512,ask
0.2777777777777778,Rv0048c
0.34375,yrbE1B
0.275,rskA-sigK
0.24,gpdA1-Rv0565c
0.3088235294117647,Rv0812
0.23728813559322035,kdpA
0.24096385542168675,celA2b-PE_PGRS22
0.20408163265306123,fum
0.2535211267605634,Rv1186c-rocA
0.24050632911392406,gpgS-Rv1209
0.2777777777777778,Rv1220c-sigE
0.273972602739726,rfe-Rv1303
0.2903225806451613,Rv1341
0.3055555555555556,Rv1424c-Rv1425
0.24096385542168675,mazE4
0.20270270270270271,Rv1510
0.24390243902439024,trpC-trpB
0.208955223880597,Rv1638A
0.15625,Rv1682-Rv1683
0.21621621621621623,G2
0.2463768115942029,Rv1734c-Rv1735c
0.2361111111111111,Rv1930c
0.3181818181818182,Rv2038c
0.2876712328767123,Rv2611c
0.2602739726027397,Rv2795c
0.24050632911392406,Rv2975c-ung
0.32098765432098764,Rv3172c
0.25,Rv3268
0.3,PE32-lpqG
0.25862068965517243,whiB4
0.20238095238095238,Rv3706c-Rv3707c
0.31746031746031744,leuA
0.22857142857142856,dnaZX
0.3103448275862069,Rv3821
0.2857142857142857,F6
0.32051282051282054,Rv0008c
0.15492957746478872,fbpC
0.24324324324324326,Rv0691A
0.2878787878787879,Rv0843
0.29411764705882354,fadD16
0.27941176470588236,Rv1046c-Rv1047
0.15,fadH
0.2112676056338028,esxK-esxL
0.32098765432098764,Rv1209
0.22033898305084745,Rv1249c
0.2777777777777778,mec
0.23809523809523808,fadD24
0.373134328358209,Rv1729c
0.17105263157894737,vapC15-Rv2011c
0.21951219512195122,Rv2114
0.3375,Rv2536
0.296875,mqo
0.20987654320987653,Rv3023c-trmU
0.2923076923076923,Rv3034c-Rv3035
0.34328358208955223,Rv3077
0.3333333333333333,Rv3180c
0.32857142857142857,Rv3190A-Rv3191c
0.22784810126582278,Rv3237c
0.2638888888888889,Rv3258c-Rv3259
0.22950819672131148,Rv3659c
0.26506024096385544,eccA2
0.27631578947368424,Rv3920c
0.3333333333333333,plcD-Rv1756c
0.3076923076923077,Rv2279-Rv2280
0.23529411764705882,Rv3187-Rv3188
0.25,Rv0192
0.29850746268656714,purM-Rv0810c
0.3559322033898305,Rv2803
0.275,Rv3060c
0.18055555555555555,Rv0043c-Rv0044c
0.3076923076923077,fadA
0.2235294117647059,xseA
0.2857142857142857,Rv1135A
0.20833333333333334,Rv1218c
0.26666666666666666,Rv1431
0.27419354838709675,fadD25
0.2125,hisC1
0.25316455696202533,aceAa
0.23943661971830985,mce3R
0.27419354838709675,Rv2050
0.2711864406779661,cobI
0.3150684931506849,rnpB
0.30666666666666664,Rv2315c
0.24324324324324326,mbtD
0.3258426966292135,folC
0.29577464788732394,Rv2842c
0.2676056338028169,Rv3033
0.18666666666666668,Rv3166c
0.28378378378378377,Rv3241c-Rv3242c
0.3484848484848485,nei
0.2638888888888889,leuA-dnaQ
0.25,Rv3777
0.3287671232876712,Rv2980
0.34615384615384615,pta
0.36486486486486486,Rv1989c
0.3384615384615385,Rv1112
0.2894736842105263,MTS1082
0.23333333333333334,whiA
0.2839506172839506,lprJ
0.2911392405063291,pgsA3
0.27941176470588236,ribH
0.19672131147540983,Rv2799
0.3,PPE2-Rv0257
0.26153846153846155,Rv0303
0.2463768115942029,serC
0.2625,Rv0948c-uvrD1
0.16666666666666666,csoR-Rv0968
0.22784810126582278,Rv0999
0.27941176470588236,Rv1048c-Rv1049
0.27848101265822783,Rv1230c
0.21428571428571427,Rv1320c
0.24096385542168675,Rv1556
0.21428571428571427,treY
0.27692307692307694,apa-Rv1861
0.2911392405063291,Rv2040c
0.21951219512195122,Rv2326c
0.25,scoA-fadD35
0.25925925925925924,mazE9
0.25333333333333335,glnA4-mapB
0.19480519480519481,ddlA-gpdA2
0.265625,leuB
0.2631578947368421,Rv3005c
0.24193548387096775,nuoL
0.2289156626506024,moeB1
0.24050632911392406,Rv3218
0.13846153846153847,Rv3472
0.19117647058823528,ftsH
0.25609756097560976,Rv3647c-cspA
0.20967741935483872,Rv3818
0.24358974358974358,pcnA
0.2857142857142857,Rv0603
0.16883116883116883,Rv2012-Rv2013
0.1791044776119403,Rv0378
0.27941176470588236,Rv1890c
0.2894736842105263,Rv2620c
0.29508196721311475,serV-Rv3723
0.3142857142857143,Rv3898c
0.24096385542168675,PE_PGRS1-Rv0110
0.1864406779661017,Rv0161
0.29577464788732394,bglS
0.31746031746031744,Rv0339c-Rv0340
0.31645569620253167,fadE7
0.30158730158730157,lpqL
0.24615384615384617,Rv0485
0.31645569620253167,rocA
0.225,ncrMT1234
0.17721518987341772,Rv1337
0.323943661971831,Rv1453
0.2413793103448276,fadE15
0.2033898305084746,vapB36-PE_PGRS35
0.35064935064935066,Rv2011c-Rv2012
0.273972602739726,qcrB-Rv2197c
0.25925925925925924,mbtI-Rv2387
0.3013698630136986,scoB
0.2191780821917808,frr-pyrH
0.2777777777777778,acyP
0.3698630136986301,fixB
0.1518987341772152,moaC3
0.23529411764705882,Rv3402c-Rv3403c
0.25,Rv3680-whiB4
0.2716049382716049,Rv3847-Rv3848
0.1780821917808219,trxB2
0.2236842105263158,echA10
0.24358974358974358,glgC-PE14
0.21311475409836064,PE16-Rv1431
0.29411764705882354,ripA
0.2777777777777778,Rv1767
0.30666666666666664,pncA-Rv2044c
0.22972972972972974,Rv2044c
0.26865671641791045,Rv2049c-Rv2050
0.24285714285714285,Rv2854
0.273972602739726,Rv3656c
0.22388059701492538,embC-embA
0.296875,Rv0336-aspC
0.2328767123287671,hemA
0.25925925925925924,dinX
0.22,parA
0.23684210526315788,pepD
0.2222222222222222,Rv2422-Rv2423
0.27380952380952384,lipV
0.21875,Rv0349-dnaK
0.1388888888888889,fabD2
0.3088235294117647,Rv1683
0.24675324675324675,ureC
0.3424657534246575,Rv2402
0.2753623188405797,Rv2478c
0.24,Rv2640c
0.25757575757575757,Rv2670c
0.3,recA-Rv2737A
0.31521739130434784,Rv3127
0.21875,Rv3224
0.18518518518518517,Rv3639c
0.22388059701492538,PPE36-prcA
0.2542372881355932,vapC2
0.25,glpQ2
0.24242424242424243,Rv0371c
0.29508196721311475,Rv0383c
0.19736842105263158,htpX
0.3411764705882353,Rv0622
0.32857142857142857,moaA2
0.21666666666666667,greA-Rv1081c
0.21052631578947367,Rv1378c
0.2571428571428571,Rv1443c-Rv1444c
0.2676056338028169,gcvB
0.23809523809523808,lipT
0.24324324324324326,Rv2219
0.30303030303030304,ndkA
0.25,secD
0.1891891891891892,Rv2599-Rv2600
0.29850746268656714,Rv2662-Rv2663
0.2077922077922078,aftC-msrB
0.2361111111111111,Rv3482c
0.2875,pks4
0.2777777777777778,mce3C
0.27631578947368424,PE4-Rv0161
0.24705882352941178,Rv0275c-Rv0276
0.34328358208955223,Rv1645c
0.26865671641791045,argB
0.27906976744186046,Rv1828-Rv1829
0.2,Rv2804c
0.2537313432835821,Rv2826c
0.25,Rv0882
0.21875,Rv3657c
0.2647058823529412,Rv0004-gyrB
0.208955223880597,Rv0071-Rv0072
0.24050632911392406,mgtE
0.24390243902439024,galK-Rv0621
0.35,Rv0666-rpoB
0.3142857142857143,Rv0895
0.22857142857142856,glmU
0.2604166666666667,Rv1053c
0.2727272727272727,fmt
0.26865671641791045,Rv1702c-Rv1703c
0.25,Rv1714
0.2857142857142857,Rv2125
0.2807017543859649,Rv2206
0.0958904109589041,panB
0.25,Rv2492
0.273972602739726,Rv2618
0.19230769230769232,dapB
0.2602739726027397,Rv3142c
0.2441860465116279,bpoA
0.2597402597402597,Rv3863
0.30666666666666664,Rv3916c
0.25675675675675674,Rv0913c
0.15789473684210525,Rv1476
0.2608695652173913,Rv2426c-proA
0.21739130434782608,Rv2993c-Rv2994
0.275,Rv0849
0.24324324324324326,lprC-Rv1276c
0.2714285714285714,Rv2632c
0.29411764705882354,Rv2850c
0.2833333333333333,trpG
0.2777777777777778,Rv0031-bioF2
0.3442622950819672,Rv0081
0.41935483870967744,ctpI-Rv0108c
0.23376623376623376,gmhB
0.15625,fbpC-htdZ
0.23684210526315788,Rv0181c
0.18309859154929578,Rv0224c-Rv0225
0.28169014084507044,Rv0338c
0.29850746268656714,Rv0358
0.19642857142857142,Rv0381c
0.24324324324324326,PPE9-purT
0.25675675675675674,thiE
0.24193548387096775,Rv0566c
0.2597402597402597,Rv0614
0.3,vapB6
0.2916666666666667,rplC
0.24675324675324675,Rv0887c
0.275,Rv0945
0.28378378378378377,Rv1062
0.21621621621621623,Rv1156
0.2602739726027397,Rv1159A
0.2318840579710145,Rv1291c
0.2413793103448276,wbbL2
0.3717948717948718,Rv1531
0.2857142857142857,PPE27-PE19
0.21794871794871795,Rv1816
0.23529411764705882,Rv1990A
0.2597402597402597,Rv2170
0.37681159420289856,glnE
0.3194444444444444,Rv2286c-yjcE
0.29577464788732394,cdh
0.20253164556962025,mpr11-Rv2561
0.32,Rv2622
0.2597402597402597,Rv2694c
0.2535211267605634,Rv2739c
0.31746031746031744,Rv3076
0.23684210526315788,lipY-Rv3098c
0.16923076923076924,Rv3177
0.3176470588235294,moaX
0.2857142857142857,fadE33
0.3582089552238806,hsaC
0.30434782608695654,Rv3714c
0.2571428571428571,Rv3787c-Rv3788
0.30158730158730157,esxE
0.2682926829268293,amiB2-Rv1264
0.17543859649122806,Rv1871c
0.28125,hycE
0.3287671232876712,Rv0226c-Rv0227c
0.28378378378378377,esxH
0.26153846153846155,mmpL4
0.37037037037037035,pncB2
0.3283582089552239,Rv0615
0.2597402597402597,Rv0625c-vapB5
0.2537313432835821,Rv0695
0.28205128205128205,Rv0839
0.2987012987012987,Rv0876c
0.28378378378378377,pstA2
0.275,Rv1097c
0.3142857142857143,Rv1104-Rv1105
0.25333333333333335,echA11
0.3291139240506329,esxK
0.3088235294117647,rseA-htrA
0.21212121212121213,Rv1271c-Rv1272c
0.25757575757575757,Rv1496
0.325,Rv1513
0.22580645161290322,TB15.3
0.20588235294117646,Rv1668c-Rv1669
0.2345679012345679,Rv1738
0.18571428571428572,ilvG
0.25,Rv1954A
0.2716049382716049,pafC
0.23809523809523808,PE_PGRS37-ansP1
0.27380952380952384,Rv2186c-fadD15
0.275,Rv2326c-Rv2327
0.2898550724637681,Rv2401A
0.19480519480519481,Rv2452c
0.32051282051282054,aroB
0.19444444444444445,snzP
0.3283582089552239,sigA
0.36363636363636365,rpsO
0.22666666666666666,amiC
0.25301204819277107,rimM
0.32727272727272727,moaR1
0.21428571428571427,Rv3254
0.3125,Rv3256c
0.28,wbbL1
0.41379310344827586,mce4B
0.2537313432835821,PE_PGRS57-fadD19
0.3220338983050847,hsaD
0.1780821917808219,Rv3583c-lpqE
0.25,lsr2-lysS
0.21428571428571427,cspA-Rv3649
0.2236842105263158,Rv3702c
0.25396825396825395,Rv3811-PE_PGRS62
0.140625,Rv3848
0.34328358208955223,Rv1524
0.18032786885245902,Rv3900c
0.2602739726027397,recF
0.25,lprQ
0.25,Rv0901
0.26229508196721313,ksgA
0.29333333333333333,Rv1106c
0.20967741935483872,Rv1200
0.1746031746031746,Rv1225c-Rv1226c
0.2898550724637681,fadA4
0.3194444444444444,Rv1744c
0.2857142857142857,pafA
0.24324324324324326,kasA
0.24074074074074073,lepA
0.2465753424657534,bkdA
0.21686746987951808,Rv2565
0.2692307692307692,rnhB
0.24,Rv3161c-Rv3162c
0.2857142857142857,ltp4
0.3,Rv3726-Rv3727
0.2875,tkt
0.2676056338028169,pdxH
0.22807017543859648,PE_PGRS14-lpqQ
0.3333333333333333,Rv2258c
0.375,Rv3363c
0.2127659574468085,Rv0052
0.23333333333333334,Rv0059
0.2222222222222222,Rv0276
0.25925925925925924,Rv0364
0.24324324324324326,thiC
0.26865671641791045,mmpS2
0.273972602739726,Rv0739
0.2625,purD
0.2608695652173913,Rv1072
0.2857142857142857,Rv1268c-Rv1269c
0.2564102564102564,metK
0.23943661971830985,Rv1482c-fabG1
0.26785714285714285,impA
0.23170731707317074,Rv1686c-Rv1687c
0.2463768115942029,Rv1691
0.23376623376623376,AS1726-Rv1727
0.25,Rv1816-Rv1817
0.2894736842105263,Rv1817
0.2716049382716049,otsB1-fdxA
0.31645569620253167,ahpE
0.23076923076923078,Rv2252
0.29850746268656714,Rv2264c-Rv2265
0.17391304347826086,yjcE
0.21428571428571427,Rv2406c
0.3561643835616438,nadD-Rv2422
0.25333333333333335,PE25-Rv2432c
0.2602739726027397,Rv2435c-rbsK
0.3291139240506329,Rv2459
0.23809523809523808,dhaA-hisS
0.3125,Rv2581c
0.21666666666666667,Rv2642
0.17567567567567569,relF
0.27710843373493976,vapB43
0.18055555555555555,lppZ
0.27586206896551724,sugI
0.22972972972972974,Rv3395A-guaA
0.1728395061728395,Rv3767c-Rv3768
0.3170731707317073,Rv3840
0.3333333333333333,Rv3896c
0.22388059701492538,Rv0320
0.375,icd2
0.2727272727272727,mymT
0.1978021978021978,Rv0857
0.16666666666666666,Rv0918
0.28378378378378377,Rv1199c-Rv1200
0.3194444444444444,sugC
0.2361111111111111,ilvA
0.2361111111111111,Rv1671
0.2236842105263158,Rv1752
0.28,rbsK-Rv2437
0.3114754098360656,Rv2557
0.21428571428571427,fdhF
0.23943661971830985,gadB-Rv3433c
0.2753623188405797,Rv3749c
0.3561643835616438,mmaA4-mmaA3
0.22058823529411764,Rv1003
0.20270270270270271,glnH
0.3076923076923077,Rv0446c
0.24193548387096775,Rv0465c-Rv0466
0.24050632911392406,hemD
0.2878787878787879,ribC
0.3375,pknF
0.22727272727272727,Rv1779c-Rv1780
0.23943661971830985,gcvB-Rv1833c
0.22388059701492538,Rv2017-Rv2018
0.25675675675675674,Rv2237A
0.27848101265822783,vapC18
0.2702702702702703,Rv2638
0.34210526315789475,Rv2864c
0.273972602739726,Rv3050c
0.17391304347826086,Rv3421c
0.2857142857142857,mce4D
0.375,PE_PGRS53-PE_PGRS54
0.3055555555555556,Rv3649-PE33
0.26666666666666666,PE34-Rv3747
0.2597402597402597,Rv3796-fadE35
0.16393442622950818,cut5a
0.21176470588235294,nrdB
0.18309859154929578,cobQ1
0.2625,Rv1056-Rv1057
0.27586206896551724,zwf2
0.24193548387096775,cmk
0.27906976744186046,pimA
0.25,ideR
0.26153846153846155,gshA
0.2903225806451613,Rv3717-Rv3718c
0.3125,Rv0976c-PE_PGRS16
0.28205128205128205,Rv1861-adhA
0.2602739726027397,Rv2294-Rv2295
0.25396825396825395,ptrBa
0.2,Rv0986
0.25,Rv2411c
0.23943661971830985,Rv3671c
0.30985915492957744,oxcA
0.2903225806451613,Rv0178
0.2891566265060241,Rv0209
0.26153846153846155,Rv0229c
0.2112676056338028,Rv0298
0.1896551724137931,Rv0372c
0.2727272727272727,echA2
0.3125,Rv0461
0.3880597014925373,rplX
0.24691358024691357,atpD
0.29333333333333333,Rv1443c
0.2625,mutA
0.21428571428571427,tyrS
0.27941176470588236,malQ
0.32,higB
0.2361111111111111,vapC35
0.2638888888888889,Rv2179c
0.18461538461538463,Rv2183c
0.2261904761904762,Rv2255c-Rv2256c
0.3132530120481928,Rv2312-Rv2313c
0.18181818181818182,Rv2508c
0.3,Rv2568c
0.2982456140350877,Rv2696c
0.28169014084507044,Rv2807
0.24285714285714285,Rv2896c
0.2153846153846154,Rv2959c
0.30120481927710846,Rv3030
0.19480519480519481,moaE1
0.1686746987951807,esxT-esxU
0.25842696629213485,Rv3586
0.3026315789473684,espA
0.2898550724637681,dppA-acs
0.19047619047619047,narU
0.32894736842105265,lpdC
0.21794871794871795,pdc
0.23880597014925373,Rv1004c
0.2571428571428571,Rv1498c
0.2028985507246377,Rv2844
0.24050632911392406,phyA
0.2647058823529412,PPE58-Rv3427c
0.2876712328767123,Rv3289c
0.2804878048780488,guaB1
0.328125,Rv0021c-whiB5
0.19736842105263158,Rv0609A-B55
0.23376623376623376,Rv3400-Rv3401
0.21621621621621623,MTS2823
0.15254237288135594,Rv0247c
0.21212121212121213,Rv0493c
0.3333333333333333,Rv0892
0.3,glcB-vapC13
0.27710843373493976,Rv2190c
0.1917808219178082,Rv2529
0.21739130434782608,mapB
0.26666666666666666,Rv2893
0.23728813559322035,drrB
0.24050632911392406,Rv3415c-whiB3
0.22988505747126436,fadE32
0.26506024096385544,Rv2091c
0.2835820895522388,asd
0.2911392405063291,Rv1234
0.3333333333333333,Rv0078-Rv0078A
0.25925925925925924,Rv0133-ephF
0.22535211267605634,Rv0145
0.29333333333333333,Rv0265c
0.21666666666666667,Rv0273c
0.2,Rv0484c-Rv0485
0.234375,Rv0502
0.2753623188405797,Rv0540
0.2465753424657534,Rv0793
0.32894736842105265,lpqQ-Rv0836c
0.2537313432835821,PE_PGRS20-Rv1069c
0.2235294117647059,Rv1144
0.26582278481012656,mshB-Rv1171
0.2441860465116279,mcr3
0.14084507042253522,Rv1867
0.23809523809523808,Rv2370c-PE_PGRS40
0.2692307692307692,valS
0.22807017543859648,mmuM-Rv2459
0.2876712328767123,clgR-pgsA3
0.30120481927710846,lppY
0.22448979591836735,tcrX-Rv3766
0.19672131147540983,Rv3822-mmpL8
0.3076923076923077,lpqQ
0.20588235294117646,Rv1194c-PE13
0.25,lysX-infC
0.189873417721519,Rv2100-helZ
0.2716049382716049,Rv3123
0.20967741935483872,mutY
0.27419354838709675,pntB
0.2696629213483146,mmpL11
0.3108108108108108,lpqI
0.2682926829268293,PE_PGRS4-PPE3
0.2716049382716049,Rv0331-Rv0332
0.36507936507936506,Rv0333
0.22916666666666666,Rv0401-mmpL1
0.19444444444444445,thiO
0.3026315789473684,thiG-lpqL
0.19753086419753085,Rv0499-proC
0.203125,fadE9
0.2962962962962963,Rv0836c
0.30666666666666664,Rv0954
0.2698412698412698,Rv1051c
0.23529411764705882,PE_PGRS19-PE_PGRS20
0.28,Rv1073
0.22413793103448276,Rv1086
0.28169014084507044,Rv1128c-Rv1129c
0.2878787878787879,Rv1147-Rv1148c
0.2777777777777778,Rv1314c
0.30158730158730157,Rv1429-PE16
0.30303030303030304,Rv1433
0.28169014084507044,Rv1523
0.18181818181818182,bioB
0.2692307692307692,Rv1716
0.23076923076923078,Rv2119
0.3103448275862069,Rv2143
0.21739130434782608,Rv2184c
0.20930232558139536,Rv2254c
0.29411764705882354,narK1-lppP
0.2,lppQ
0.25925925925925924,esxP-Rv2348c
0.36585365853658536,mrr
0.2318840579710145,Rv2563
0.27710843373493976,Rv2613c
0.38095238095238093,TB31.7
0.379746835443038,Rv2688c
0.25333333333333335,35kd_ag
0.2222222222222222,ald
0.24675324675324675,Rv2842c-Rv2843
0.2375,Rv2876-Rv2877c
0.17391304347826086,mmpL7
0.19718309859154928,lpqA
0.2318840579710145,Rv3057c
0.2647058823529412,Rv3075c
0.22727272727272727,nuoN
0.27631578947368424,Rv3213c
0.3116883116883117,whiB1-Rv3220c
0.23636363636363636,nagA-Rv3333c
0.12307692307692308,Rv3378c
0.2222222222222222,kgtP-PE31
0.24050632911392406,mpr17-lsr2
0.25,Rv3677c
0.15584415584415584,rsfB-Rv3688c
0.2571428571428571,accD4
0.3181818181818182,mmpL8-papA1
0.2054794520547945,whiB5
0.24324324324324326,Rv1417
0.2191780821917808,ethR-Rv3856c
0.2465753424657534,fadD10
0.3230769230769231,ansP2-Rv0347
0.23333333333333334,Rv0360c
0.24,Rv0448c
0.27848101265822783,Rv0499
0.2857142857142857,rpsC
0.3023255813953488,Rv0837c-lpqR
0.275,fadE10-Rv0874c
0.2876712328767123,Rv1167c
0.19047619047619047,lprC
0.21333333333333335,Rv1277
0.2765957446808511,oppD
0.29333333333333333,oppC
0.27941176470588236,oppB-canA
0.3142857142857143,Rv1373
0.22580645161290322,Rv1459c
0.24096385542168675,vapC36
0.18292682926829268,echA14-PE_PGRS42
0.24615384615384617,Rv2513-Rv2514c
0.2857142857142857,aftC
0.28,Rv2681
0.25757575757575757,infB
0.32051282051282054,Rv2910c
0.23529411764705882,Rv3073c-Rv3074
0.2236842105263158,Rv3376-Rv3377c
0.2702702702702703,glmS
0.19736842105263158,Rv3604c
0.2465753424657534,proW
0.20634920634920634,Rv2879c
0.19696969696969696,gmhA
0.2318840579710145,mutT3
0.2033898305084746,Rv0454-Rv0455c
0.17647058823529413,Rv0472c
0.3088235294117647,vapB30
0.2625,Rv0774c
0.33766233766233766,Rv0784
0.25806451612903225,Rv0794c
0.26582278481012656,pstS2-pstB
0.24242424242424243,leuW-irtA
0.24561403508771928,pyrB
0.17647058823529413,Rv1501
0.2077922077922078,Rv1517
0.20987654320987653,wag22-Rv1760
0.2631578947368421,Rv1760
0.2077922077922078,Rv1842c-guaB1
0.21428571428571427,ctpG
0.32,ftsQ
0.2236842105263158,Rv2295
0.22058823529411764,Rv2348c
0.28125,Rv2455c-Rv2456c
0.30357142857142855,fadD35
0.2463768115942029,Rv3032
0.2878787878787879,Rv3202c-lipV
0.3,sigF
0.2777777777777778,Rv3431c-gadB
0.3142857142857143,esxF
0.2727272727272727,Rv3915
0.18571428571428572,galTa
0.2564102564102564,fadE35-Rv3798
0.27631578947368424,pbpA
0.17647058823529413,fcoT
0.2948717948717949,pckA
0.2692307692307692,hsp-nirB
0.2948717948717949,rplV
0.3,Rv0963c-Rv0964c
0.273972602739726,prpD
0.2564102564102564,chaA
0.2727272727272727,Rv1948c
0.25,fabG3-Rv2003c
0.23255813953488372,pfkB
0.2631578947368421,Rv2132-Rv2133c
0.24193548387096775,dnaG-dgt
0.2465753424657534,Rv2369c
0.2638888888888889,Rv2649-Rv2650c
0.3291139240506329,prfB
0.2987012987012987,lytB1
0.29333333333333333,Rv3735
0.2911392405063291,Rv3851
0.23880597014925373,Rv1566c
0.20634920634920634,Rv1373-Rv1374c
0.30120481927710846,Rv1486c
0.323943661971831,Rv1626-Rv1627c
0.20588235294117646,Rv2307c
0.2033898305084746,rocD1
0.26153846153846155,Rv2449c
0.14925373134328357,Rv2554c
0.2777777777777778,Rv3049c
0.2,Rv3195
0.27710843373493976,Rv3577
0.3188405797101449,fbpA-aftB
0.27380952380952384,Rv0942
0.1896551724137931,dlaT
0.2625,thiC-Rv0424c
0.26582278481012656,Rv0611c
0.288135593220339,Rv0790c
0.23529411764705882,glyA1
0.2077922077922078,PE_PGRS33-bacA
0.25,Rv1873
0.2631578947368421,Rv3090
0.3269230769230769,nuoM
0.23684210526315788,Rv0072
0.21333333333333335,bkdB
0.3333333333333333,Rv2887
0.22857142857142856,dppD
0.2191780821917808,vapB48
0.2571428571428571,lprL
0.26666666666666666,lipD
0.26666666666666666,Rv3008
0.2857142857142857,pntAa
0.2054794520547945,Rv0770
0.25333333333333335,Rv1006
0.2028985507246377,Rv1156-Rv1157c
0.34328358208955223,cyp130-Rv1257c
0.3333333333333333,Rv2028c
0.22077922077922077,leuU-parE2
0.14814814814814814,glyS
0.30120481927710846,Rv2410c
0.26436781609195403,vapC39
0.2916666666666667,mazE9-Rv2802c
0.23595505617977527,mmpL7-Rv2943
0.2898550724637681,ilvB1
0.19444444444444445,Rv3510c-PE_PGRS55
0.3150684931506849,Rv3557c
0.2,Rv3705A
0.171875,serS
0.20512820512820512,Rv0039c
0.23076923076923078,gca
0.31666666666666665,fgd2-Rv0133
0.2839506172839506,Rv0246
0.2962962962962963,Rv0249c-Rv0250c
0.30864197530864196,Rv0397-Rv0397A
0.3076923076923077,mmpS1-fadD30
0.29577464788732394,bpoC
0.2597402597402597,mce2R
0.28169014084507044,Rv1367c
0.2638888888888889,Rv2033c-Rv2034
0.2571428571428571,apt-Rv2585c
0.2077922077922078,Rv3253c
0.2235294117647059,gcp
0.19767441860465115,Rv3755c
0.273972602739726,fadD17-PE_PGRS53
0.2236842105263158,mazE1-Rv0457c
0.3218390804597701,galE2
0.21839080459770116,vapC4
0.3050847457627119,metE
0.24390243902439024,Rv1232c
0.27472527472527475,rrf-ogt
0.2222222222222222,Rv1354c
0.208955223880597,lprH
0.1791044776119403,wag31
0.21951219512195122,Rv2307A-Rv2307B
0.3076923076923077,Rv2417c-Rv2418c
0.24691358024691357,iscS-Rv3026c
0.28205128205128205,Rv3217c-Rv3218
0.32432432432432434,Rv3485c
0.23880597014925373,Rv0250c-hsp
0.1724137931034483,Rv1728c
0.3611111111111111,Rv0128
0.2676056338028169,Rv0224c
0.24096385542168675,php-fadE4
0.3064516129032258,gabD1
0.25396825396825395,Rv0424c
0.26229508196721313,Rv0461-lpdC
0.29850746268656714,relE
0.25,garA
0.21428571428571427,accD6-Rv2248
0.23809523809523808,vapC40-Rv2597
0.2191780821917808,echA15
0.18292682926829268,Rv3041c
0.26881720430107525,eccCa1-eccCb1
0.2602739726027397,clpC2
0.32926829268292684,fadE6
0.21176470588235294,cyp51
0.21052631578947367,Rv0792c-Rv0793
0.27692307692307694,pepC
0.2894736842105263,Rv1120c
0.2727272727272727,Rv1773c-Rv1774
0.32857142857142857,Rv2265-cyp124
0.23943661971830985,Rv2481c
0.1643835616438356,vapB38
0.3103448275862069,argA
0.32,Rv3122
0.19736842105263158,fadE24
0.2542372881355932,Rv3165c
0.21428571428571427,whiB7
0.328125,Rv3294c
0.23529411764705882,amiB1
0.24,papA1
0.22784810126582278,Rv3839
0.2692307692307692,lppX-pks1
0.19402985074626866,dedA-Rv2638
0.2857142857142857,fadD18
0.273972602739726,Rv3814c
0.27692307692307694,Rv3906c
0.2631578947368421,Rv0011c
0.27941176470588236,ino1
0.35365853658536583,Rv0539
0.2033898305084746,vapC3
0.3076923076923077,Rv0750-mmsB
0.32894736842105265,Rv0990c
0.2676056338028169,Rv1109c
0.21686746987951808,Rv1487
0.2777777777777778,argH-pks10
0.21794871794871795,PPE35-Rv1919c
0.2727272727272727,Rv2512c-Rv2513
0.2857142857142857,Rv2581c-ppiB
0.2923076923076923,mazF9
0.2972972972972973,glnA4
0.25675675675675674,Rv3233c
0.21428571428571427,Rv3238c
0.24285714285714285,Rv3517
0.2857142857142857,Rv1678
0.25,whiB2-fbiA
0.27058823529411763,glpQ2-glyU
0.2638888888888889,mycP3
0.25,PE_PGRS5-Rv0298
0.20253164556962025,Rv0494
0.2909090909090909,Rv0731c
0.2727272727272727,oppA
0.32,cydD
0.3026315789473684,Rv1674c-cmr
0.26666666666666666,narK2
0.28169014084507044,narK2-Rv1738
0.2916666666666667,echA13
0.203125,Rv2372c
0.3055555555555556,cysH
0.25333333333333335,nadD
0.28205128205128205,fixA-Rv3030
0.26666666666666666,Rv3114-Rv3115
0.2222222222222222,nuoA
0.18421052631578946,esxT
0.27472527472527475,Rv3819-papA2
0.1780821917808219,Rv0135c
0.33783783783783783,pntAb
0.2923076923076923,Rv0480c
0.29411764705882354,senX3
0.3088235294117647,grcC1
0.22988505747126436,Rv0898c
0.25925925925925924,narG
0.2676056338028169,coaE
0.352112676056338,PE_PGRS30-argC
0.3125,cysQ-Rv2132
0.3246753246753247,Rv2253
0.2261904761904762,Rv2367c
0.3055555555555556,rpsP
0.21518987341772153,gatB
0.35443037974683544,sahH
0.30864197530864196,groES-gcp
0.2714285714285714,aftA
0.2823529411764706,esxB
0.22784810126582278,Rv0007
0.33783783783783783,fadD4-fadE3
0.3548387096774194,Rv1118c
0.21428571428571427,ephC
0.2692307692307692,mpg
0.24,Rv2331A
0.21518987341772153,mbtG
0.2698412698412698,folP1
0.25675675675675674,Rv1504c-Rv1505c
0.27380952380952384,Rv0048c-Rv0049
0.27848101265822783,Rv0523c
0.33766233766233766,Rv1049
0.2916666666666667,Rv2717c
0.22666666666666666,Rv3258c
0.19230769230769232,lprK
0.19402985074626866,aspC
0.29411764705882354,vapB29
0.21428571428571427,Rv0749A
0.25862068965517243,cspB
0.3220338983050847,typA
0.18666666666666668,Rv1466
0.3333333333333333,Rv1571
0.208955223880597,adoK-Rv2203
0.2463768115942029,papA5
0.19402985074626866,cfp6
0.2537313432835821,Rv3481c
0.3013698630136986,Rv1762c-Rv1763
0.3387096774193548,Rv0110-Rv0111
0.2236842105263158,rpmC
0.24615384615384617,Rv1898
0.2345679012345679,mazF5
0.23684210526315788,Rv1961-vapC35
0.26436781609195403,Rv2015c-Rv2016
0.32051282051282054,lipA
0.2807017543859649,Rv3769
0.3013698630136986,Rv2166c-Rv2167c
0.13924050632911392,mshD
0.28378378378378377,rho
0.2604166666666667,Rv3753c-tyrA
0.2894736842105263,Rv1748
0.22857142857142856,erg3
0.2714285714285714,Rv1913
0.2602739726027397,Rv0034
0.25925925925925924,Rv0089-Rv0090
0.3,Rv0813c-sseC2
0.3787878787878788,Rv0883c-serC
0.22077922077922077,mmpL13b-Rv1147
0.37037037037037035,irtB
0.27586206896551724,Rv1473
0.2345679012345679,Rv1510-gmdA
0.2328767123287671,Rv1645c-PE17
0.18055555555555555,MTS1338
0.15492957746478872,Rv2025c
0.208955223880597,asnB
0.22666666666666666,relG
0.20238095238095238,fadA6
0.3283582089552239,Rv3559c
0.24675324675324675,Rv0184
0.23076923076923078,Rv0767c-aldA
0.24705882352941178,Rv0771
0.2112676056338028,purQ
0.22727272727272727,purL
0.29069767441860467,Rv1135A-Rv1136
0.24561403508771928,Rv1136
0.32857142857142857,cysN-Rv1287
0.3037974683544304,Rv1833c-lipZ
0.19444444444444445,Rv1879
0.30158730158730157,Rv2510c-orn
0.2916666666666667,thyX
0.22535211267605634,metC
0.22727272727272727,Rv3752c
0.2676056338028169,Rv3922c
0.3076923076923077,thrV-Rv0756c
0.29069767441860467,lppR
0.27419354838709675,Rv2627c
0.27631578947368424,Rv0203
0.30120481927710846,Rv0281-eccA3
0.17567567567567569,Rv0607-vapB28
0.1891891891891892,Rv0689c
0.2537313432835821,Rv0738
0.25882352941176473,Rv0801
0.2898550724637681,nadA
0.2413793103448276,Rv1735c
0.3,Rv2015c
0.1746031746031746,Rv2077c
0.24242424242424243,yfiH
0.31746031746031744,Rv2313c
0.24324324324324326,Rv2573
0.25925925925925924,ribF
0.20987654320987653,fpg
0.25301204819277107,parB
0.33783783783783783,lspA
0.24675324675324675,Rv2577
0.3055555555555556,Rv2597
0.20689655172413793,Rv2705c
0.3142857142857143,Rv2876
0.21052631578947367,Rv0430
0.19480519480519481,Rv0434-Rv0435c
0.24615384615384617,regX3
0.27692307692307694,cmaA2
0.3150684931506849,Rv0504c
0.2647058823529412,Rv0571c-Rv0572c
0.23529411764705882,Rv0597c
0.27380952380952384,recC-echA3
0.18571428571428572,sppA
0.22535211267605634,rpfA-moaD2
0.24615384615384617,prrB
0.3188405797101449,rplY-lpqT
0.2328767123287671,sugA
0.19696969696969696,atpB
0.26229508196721313,tesB1
0.296875,Rv1732c
0.3055555555555556,Rv1864c
0.2714285714285714,fbpB-Rv1887
0.2857142857142857,Rv1931c-tpx
0.26666666666666666,moeW
0.23529411764705882,hrcA-Rv2375
0.28205128205128205,Rv2426c
0.14925373134328357,citE
0.2857142857142857,Rv2723
0.1875,hflX
0.31746031746031744,35kd_ag-clgR
0.29577464788732394,thyA
0.2976190476190476,Rv2775
0.19047619047619047,Rv2884
0.24731182795698925,Rv2898c-fdhD
0.28125,gpdA2
0.2608695652173913,smpB
0.21428571428571427,Rv3322c
0.22666666666666666,Rv3329
0.2638888888888889,Rv3349c-PPE56
0.22972972972972974,Rv3354
0.3132530120481928,sigD
0.2878787878787879,PE_PGRS54-ilvX
0.2876712328767123,echA19
0.2619047619047619,PE_PGRS61-Rv3654c
0.2191780821917808,Rv3659c-Rv3660c
0.2647058823529412,Rv3672c
0.24324324324324326,fadE36
0.30434782608695654,hisC2
0.3,pks2-fadD23
0.24615384615384617,Rv0025-Rv0026
0.3194444444444444,Rv0199
0.2923076923076923,PE12-fbiC
0.2602739726027397,Rv1481
0.203125,Rv1507c
0.2261904761904762,PPE32-PPE33
0.36486486486486486,thyX-hsdS.1
0.30666666666666664,Rv2808
0.23595505617977527,rpsB-Rv2891
0.2702702702702703,rplQ
0.23809523809523808,fdxD
0.3116883116883117,Rv0308
0.3013698630136986,pth
0.27941176470588236,Rv1635c
0.21978021978021978,Rv2520c
0.3157894736842105,Rv3768
0.21212121212121213,Rv3786c
0.2823529411764706,Rv0012-trpG
0.2876712328767123,hycD
0.3,mce1C
0.3076923076923077,Rv0464c
0.25,bpoC-menD
0.20987654320987653,Rv2164c
0.22857142857142856,Rv1778c
0.2911392405063291,Rv3324A-Rv3325
0.19718309859154928,Rv1593c
0.25609756097560976,tlyA
0.26153846153846155,apa
0.2753623188405797,Rv2134c
0.3424657534246575,vapB16
0.2222222222222222,Rv2731
0.22077922077922077,Rv2797c
0.27848101265822783,dinF
0.2777777777777778,Rv3137
0.3157894736842105,Rv3228
0.32142857142857145,dprE2
0.22388059701492538,groEL2-Rv0441c
0.2571428571428571,Rv0769
0.21052631578947367,lytB2
0.25806451612903225,echA10-mcr
0.24242424242424243,Rv1184c-fadD21
0.27058823529411763,Rv1765A-Rv1766
0.3170731707317073,Rv2297
0.36363636363636365,ldtB
0.2318840579710145,Rv2750
0.2,Rv2811
0.273972602739726,folE
0.24358974358974358,Rv3762c-lpqH
0.2676056338028169,Rv3788-Rv3789
0.1518987341772152,esxD-PPE69
0.2463768115942029,fucA
0.18823529411764706,moaB2
0.2857142857142857,Rv1050-Rv1051c
0.16176470588235295,cbs-pra
0.38461538461538464,Rv1139c-Rv1140
0.2857142857142857,Rv1414
0.25,Rv1432
0.2328767123287671,Rv1456c
0.2465753424657534,Rv1499
0.26153846153846155,Rv0201c
0.2830188679245283,hemN
0.25316455696202533,proA
0.20481927710843373,Rv2700
0.26865671641791045,Rv2781c
0.21428571428571427,rhlE
0.36619718309859156,ctpC
0.22857142857142856,guaB3
0.21666666666666667,Rv0387c
0.24390243902439024,Rv0401
0.2,mtc28
0.17567567567567569,zmp1
0.33766233766233766,Rv0412c
0.31343283582089554,gabP
0.23809523809523808,mprB
0.37142857142857144,Rv1482c
0.2976190476190476,Rv1520-fadD25
0.31645569620253167,Rv2651c-Rv2652c
0.27692307692307694,nrdE-nrdI
0.2872340425531915,cysS1
0.2125,Rv3778c-Rv3779
0.2676056338028169,thrA
0.2631578947368421,Rv1421
0.225,Rv1863c
0.2878787878787879,nrdF1
0.23170731707317074,kasB
0.20512820512820512,lipM
0.2857142857142857,ggtB-Rv2395
0.25757575757575757,Rv2423
0.26582278481012656,Rv2473
0.27848101265822783,Rv2517c
0.2972972972972973,galE1
0.2602739726027397,ncrMT3949-Rv3843c
0.3,menC
0.2247191011235955,end
0.32051282051282054,lpqS
0.2948717948717949,Rv0481c-murB
0.2564102564102564,Rv3364c
0.22535211267605634,vapC25
0.28205128205128205,Rv0940c
0.27631578947368424,pks16
0.25806451612903225,pks16-pth
0.2,esxL-Rv1199c
0.3559322033898305,atpC
0.34615384615384615,Rv1535
0.3125,mpt63
0.18571428571428572,echA13-Rv1936
0.2191780821917808,Rv1939
0.2459016393442623,cyp124
0.2289156626506024,ugpE
0.32432432432432434,Rv3204
0.30158730158730157,Rv3683-Rv3684
0.3013698630136986,atpA
0.21428571428571427,Rv1422
0.3055555555555556,Rv1717
0.22857142857142856,Rv1726
0.29577464788732394,modB
0.3058823529411765,Rv1897c
0.2,Rv0196
0.22972972972972974,Rv2120c
0.23076923076923078,Rv2420c
0.30158730158730157,Rv2665
0.15853658536585366,cysG
0.26666666666666666,pfkA
0.28205128205128205,fadE23-fadB4
0.18461538461538463,manB
0.2608695652173913,ephE
0.3283582089552239,iniC
0.22727272727272727,Rv3748
0.3076923076923077,pitA
0.19444444444444445,Rv0779c
0.25757575757575757,Rv0787-Rv0787A
0.3023255813953488,Rv0996-alaV
0.2894736842105263,sucC
0.2876712328767123,cut3
0.2676056338028169,gcvT
0.23333333333333334,Rv2337c
0.3411764705882353,hpx
0.27586206896551724,Rv3395A
0.2465753424657534,Rv0690c
0.3037974683544304,Rv0841
0.3333333333333333,lprM
0.2765957446808511,kgtP
0.2676056338028169,echA5
0.2054794520547945,Rv0738-Rv0739
0.23076923076923078,Rv1044
0.25396825396825395,thrB-rho
0.18181818181818182,eccA5-lppT
0.27631578947368424,Rv1812c
0.3068181818181818,mazE6-ctpG
0.3375,mpa
0.2727272727272727,lexA
0.18421052631578946,Rv3134c
0.3055555555555556,PE_PGRS41-cysA1
0.28205128205128205,Rv2417c
0.21621621621621623,Rv0998
0.3181818181818182,Rv0108c-PE_PGRS1
0.22727272727272727,ribA2
0.1891891891891892,Rv1772-Rv1773c
0.25609756097560976,cysQ
0.19718309859154928,fabD
0.25287356321839083,Rv3263-manB
0.2625,cyp142
0.20833333333333334,Rv3679
0.2,PE14-Rv1215c
0.30612244897959184,lipG
0.2537313432835821,lpqT
0.22972972972972974,Rv1535-ileS
0.3037974683544304,trpC
0.3582089552238806,Rv2026c
0.3561643835616438,aceE
0.2926829268292683,Rv2507
0.1891891891891892,Rv2993c
0.2972972972972973,fadA5
0.2972972972972973,Rv3727-Rv3728
0.22033898305084745,ctpJ-nmtR
0.2,iunH-Rv3394c
0.2972972972972973,Rv1137c
0.32098765432098764,lysA
0.26666666666666666,acn
0.22388059701492538,Rv1546
0.2054794520547945,Rv2336
0.26666666666666666,Rv2766c
0.3225806451612903,Rv3197-whiB7
0.18181818181818182,Rv3226c
0.23376623376623376,eccD4
0.2698412698412698,Rv3631
0.3188405797101449,glpQ1
0.24691358024691357,Rv0678
0.3582089552238806,Rv2633c
0.2638888888888889,ligC-Rv3732
0.34615384615384615,tcrA
0.3442622950819672,ompA
0.22727272727272727,Rv1081c
0.19117647058823528,ctaB-PE_PGRS28
0.30303030303030304,Rv1540
0.2328767123287671,pheS
0.20833333333333334,Rv2008c
0.225,Rv2272
0.2191780821917808,cysG-cobB
0.2619047619047619,tsf
0.27941176470588236,Rv2997
0.21621621621621623,fadD3
0.24324324324324326,Rv3632-Rv3633
0.22727272727272727,pirG-Rv3811
0.18478260869565216,Rv1147
0.21052631578947367,Rv2024c-Rv2025c
0.23255813953488372,Rv3209
0.27941176470588236,rpsH
0.3287671232876712,fadD7
0.20588235294117646,Rv0332
0.2222222222222222,Rv1087A
0.2345679012345679,ptpA
0.3114754098360656,sugC-corA
0.23684210526315788,Rv1257c
0.25,Rv1910c
0.25757575757575757,lppI
0.17073170731707318,Rv2283
0.22058823529411764,dgt
0.3064516129032258,rplU-dctA
0.2839506172839506,vapC19
0.19047619047619047,mpt70
0.29545454545454547,vapB31
0.273972602739726,rplK
0.24242424242424243,rpsN1
0.2987012987012987,moxR1
0.2727272727272727,Rv1591-Rv1592c
0.26229508196721313,Rv1697
0.208955223880597,Rv2172c
0.28169014084507044,cadI
0.3291139240506329,Rv2706c
0.2328767123287671,mpt83
0.20270270270270271,Rv3114
0.19736842105263158,nuoH
0.25757575757575757,hpx-Rv3172c
0.2987012987012987,vapB46
0.3013698630136986,fadD12
0.19117647058823528,fadD11.1
0.23076923076923078,bioF1
0.25757575757575757,ureF
0.2714285714285714,Rv1893
0.23076923076923078,viuB
0.41025641025641024,Rv0311-Rv0312
0.25396825396825395,rfbD-Rv3784
0.2,Rv0110
0.18840579710144928,Rv0466
0.25675675675675674,menH
0.2876712328767123,Rv1339
0.2361111111111111,argF
0.2647058823529412,tmk
0.265625,aprB
0.24675324675324675,esxF-Rv3906c
0.16455696202531644,rplM-esxT
0.30666666666666664,metB-greA
0.225,qor
0.2727272727272727,Rv1588c-bioB
0.2753623188405797,Rv1685c
0.2222222222222222,erm(37)
0.21428571428571427,Rv2306B
0.32894736842105265,mbtC
0.2962962962962963,ruvB
0.2911392405063291,fbpD-fbpA
0.27941176470588236,ackA
0.2692307692307692,ccdA
0.2972972972972973,Rv0538
0.22857142857142856,Rv1742
0.1891891891891892,mmuM
0.24675324675324675,nat
0.24193548387096775,B55-Rv0610c
0.24242424242424243,Rv0870c-cspB
0.2976190476190476,Rv1000c-arcA
0.29545454545454547,esxJ-PPE15
0.2564102564102564,glgA
0.2878787878787879,irtB-fabG2
0.2676056338028169,lppT-PPE28
0.34328358208955223,dop-Rv2113
0.30434782608695654,Rv2177c-aroG
0.30434782608695654,Rv2438A
0.2777777777777778,Rv2484c-lipQ
0.24,fpg-rnc
0.25333333333333335,Rv3055
0.22666666666666666,adhD
0.24193548387096775,pmmA
0.23684210526315788,ligC
0.30985915492957744,Rv0208c-Rv0209
0.2465753424657534,moxR2-Rv3693
0.2903225806451613,pepA-treS
0.34210526315789475,Rv0375c
0.20270270270270271,clpB-Rv0385
0.20270270270270271,Rv0541c
0.2542372881355932,Rv0997
0.25316455696202533,desA2
0.26506024096385544,Rv1255c
0.24675324675324675,Rv1534
0.3181818181818182,Rv2282c-Rv2283
0.24390243902439024,Rv2422
0.1590909090909091,Rv2616
0.2,Rv2695-Rv2696c
0.2923076923076923,echA17
0.22413793103448276,Rv3566A-hsaB
0.3013698630136986,serU
0.28378378378378377,rnpA
0.29069767441860467,Rv0514
0.2972972972972973,PE_PGRS11-PPE12
0.2537313432835821,cysA2
0.26229508196721313,Rv0854
0.2537313432835821,Rv1233c
0.24096385542168675,rphA
0.32941176470588235,Rv1359
0.24285714285714285,Rv1457c
0.26744186046511625,efp
0.2463768115942029,ruvC
0.3108108108108108,Rv2695
0.3013698630136986,Rv3807c
0.25,Rv1227c
0.22093023255813954,Rv0787A
0.2638888888888889,htdZ
0.23076923076923078,metZ
0.3492063492063492,mazE1
0.25757575757575757,B55
0.24358974358974358,Rv1216c
0.2153846153846154,Rv2067c
0.3157894736842105,ctaC
0.27848101265822783,Rv2415c-eis
0.22857142857142856,rne
0.24324324324324326,proY-cyp137
0.2786885245901639,Rv0546c
0.16666666666666666,Rv1271c
0.25,tam
0.30864197530864196,Rv3720
0.24561403508771928,valT-glyT
0.30434782608695654,Rv0968-ctpV
0.21518987341772153,echA9-Rv1072
0.26666666666666666,Rv1303
0.24705882352941178,PPE22-PPE23
0.32786885245901637,AS1890
0.21348314606741572,mazE7
0.16049382716049382,metH-Rv2125
0.2077922077922078,wag31-Rv2146c
0.3,lpqA-esxQ
0.234375,Rv3413c
0.17647058823529413,Rv1261c
0.2916666666666667,Rv1954c
0.2638888888888889,Rv2742c
0.21,Rv2944-lppX
0.24096385542168675,dnaN
0.3220338983050847,Rv0068
0.2898550724637681,fadA2-F6
0.36486486486486486,Rv0257-Rv0258c
0.28378378378378377,psd-moeA2
0.26229508196721313,Rv0580c-vapB26
0.25,hadB
0.2857142857142857,rplA
0.3333333333333333,Rv0799c
0.1746031746031746,trcR-Rv1034c
0.273972602739726,Rv1101c-mazF3
0.2,vapC32-Rv1115
0.2535211267605634,Rv1351
0.1643835616438356,Rv1404-Rv1405c
0.26136363636363635,scpA
0.12698412698412698,glnA2
0.358974358974359,Rv2665-Rv2666
0.3333333333333333,Rv2716
0.3055555555555556,Rv3168
0.234375,Rv3342
0.27586206896551724,kstR
0.28169014084507044,mmsB
0.23076923076923078,pepN
0.2318840579710145,Rv2019
0.24358974358974358,Rv1268c
0.22727272727272727,Rv1628c
0.2926829268292683,kshB
0.2465753424657534,Rv2324-Rv2325c
0.3150684931506849,Rv0023
0.2535211267605634,PE2-ptbB
0.27058823529411763,Rv0385
0.27058823529411763,mmpS5
0.3333333333333333,gltA2
0.24285714285714285,Rv1592c-Rv1593c
0.2835820895522388,Rv1776c-cyp144
0.16417910447761194,tatC
0.2786885245901639,arsA-arsB1
0.2638888888888889,dapF
0.24324324324324326,vapB23
0.24675324675324675,ligB-cstA
0.14864864864864866,amiD-Rv3376
0.27631578947368424,glf-pirG
0.3287671232876712,papA2-Rv3821
0.25316455696202533,nudC-Rv3200c
0.20481927710843373,Rv0530A
0.21428571428571427,Rv0837c
0.25,Rv1977-Rv1978
0.26865671641791045,Rv2049c
0.2537313432835821,ddlA
0.35384615384615387,eccE3
0.15942028985507245,vapC7
0.2647058823529412,ppiA
0.2857142857142857,Rv0472c-Rv0473
0.20689655172413793,glgA-glgC
0.2625,Rv2169c
0.2608695652173913,Rv2271
0.21621621621621623,Rv3435c
0.2318840579710145,Rv3594
0.23529411764705882,tatB
0.2597402597402597,tpi
0.3176470588235294,Rv1571-Rv1572c
0.28735632183908044,Rv0295c
0.27631578947368424,Rv0910
0.17647058823529413,PE_PGRS21-Rv1087A
0.23684210526315788,Rv1476-ripA
0.2972972972972973,vapC34
0.25287356321839083,Rv2515c-Rv2516c
0.22535211267605634,Rv2525c
0.22580645161290322,Rv2548A
0.2077922077922078,frr
0.21518987341772153,Rv3208
0.23943661971830985,fadE30
0.22988505747126436,Rv2636
0.20930232558139536,Rv2636-dedA
0.2909090909090909,Rv0406c-fgd1
0.2558139534883721,vapC30
0.2077922077922078,Rv0891c-Rv0892
0.15714285714285714,Rv1794-eccD5
0.19753086419753085,ppiB
0.2191780821917808,infB-Rv2840c
0.10294117647058823,nuoF
0.23333333333333334,lpqF
0.25,Rv3767c
0.2894736842105263,mycP5
0.2982456140350877,purH
0.24050632911392406,ftsK
0.25757575757575757,Rv2762c
0.2535211267605634,eccB4
0.27631578947368424,cyp130
0.3333333333333333,Rv2219A
0.2571428571428571,Rv2405
0.1780821917808219,upp
0.25806451612903225,Rv3690
0.25,Rv0078B-Rv0079
0.2413793103448276,Rv0148
0.2465753424657534,cyp135A1-Rv0328
0.22666666666666666,udgB
0.25757575757575757,Rv1794
0.29347826086956524,Rv1813c-erg3
0.29333333333333333,Rv1830-Rv1831
0.2619047619047619,mscR
0.3076923076923077,cobO
0.34177215189873417,truA
0.23684210526315788,truA-rplQ
0.20238095238095238,Rv1265
0.22857142857142856,Rv2235
0.2571428571428571,Rv2250c
0.3484848484848485,Rv3437
0.2375,lpqS-cysK2
0.25882352941176473,Rv0880
0.2972972972972973,Rv0361
0.26865671641791045,mce3B
0.352112676056338,Rv2558
0.2878787878787879,Rv2802c
0.2676056338028169,Rv0008c-ppiA
0.2597402597402597,Rv0047c-Rv0048c
0.34523809523809523,PE_PGRS2-pepA
0.3076923076923077,Rv0330c
0.3333333333333333,mmaA2-mmaA1
0.21052631578947367,Rv0650-rplJ
0.26373626373626374,adk
0.22784810126582278,Rv0885
0.24096385542168675,Rv1045-Rv1046c
0.1864406779661017,Rv1155-Rv1156
0.2898550724637681,narH
0.2028985507246377,mrp
0.22784810126582278,pncB1-Rv1331
0.25757575757575757,rsfA-Rv1366
0.18461538461538463,Rv1565c
0.2077922077922078,vapB36
0.27941176470588236,helZ-Rv2102
0.3492063492063492,ctaE
0.29545454545454547,Rv2197c
0.23595505617977527,cobD
0.23809523809523808,Rv2260
0.2962962962962963,aspS
0.2876712328767123,Rv2630
0.31343283582089554,Rv2915c
0.2,rnc
0.3048780487804878,Rv2990c-Rv2991
0.3,PPE46-PE27A
0.23636363636363636,Rv3035
0.2857142857142857,Rv3183
0.3013698630136986,TB9.4-Rv3209
0.23333333333333334,vapB46-Rv3386
0.3132530120481928,Rv3440c
0.2153846153846154,espD
0.3670886075949367,B11-Rv3661
0.27380952380952384,rfbD
0.22058823529411764,rfbE
0.2054794520547945,hemK
0.28378378378378377,Rv3626c
0.1791044776119403,Rv0421c
0.2753623188405797,Rv0686
0.25925925925925924,Rv1735c-narX
0.25316455696202533,Rv0078B
0.24,fadE2
0.2835820895522388,mmpL11-Rv0203
0.3230769230769231,moeA2-Rv0439c
0.16883116883116883,Rv0730-Rv0731c
0.27848101265822783,Rv0947c
0.3787878787878788,trcS-trcR
0.2786885245901639,Rv1184c
0.21176470588235294,pheT-PE_PGRS30
0.19444444444444445,Rv2390c
0.2727272727272727,vapC41
0.20833333333333334,recA
0.2857142857142857,mmr
0.22666666666666666,glfT2
0.25301204819277107,Rv3829c-Rv3830c
0.2647058823529412,Rv2806-Rv2807
0.29411764705882354,Rv3368c
0.1917808219178082,Rv3468c
0.18181818181818182,thiD-thiC
0.2,mgtA
0.29411764705882354,Rv0420c
0.2835820895522388,Rv2927c-tesA
0.23376623376623376,Rv0310c
0.20833333333333334,Rv0898c-ompA
0.22580645161290322,Rv1085c
0.23376623376623376,dapE
0.23943661971830985,Rv1276c-Rv1277
0.2903225806451613,argC
0.26865671641791045,Rv2033c
0.24358974358974358,Rv2499c
0.26506024096385544,Rv2956-Rv2957
0.24691358024691357,esxQ
0.328125,purK
0.3411764705882353,lpqD
0.29411764705882354,eccB5
0.22666666666666666,Rv1919c
0.25,Rv0203-Rv0204c
0.23076923076923078,amiA2
0.28378378378378377,Rv2506
0.2028985507246377,echA15-Rv2680
0.2345679012345679,Rv0696
0.2328767123287671,Rv0454
0.3037974683544304,Rv3387-PE_PGRS52
0.16901408450704225,cobG-cobH
0.21212121212121213,Rv1727
0.2,rpsN2
0.2,mcr7
0.3132530120481928,Rv2721c-Rv2722
0.23809523809523808,Rv1245c
0.2631578947368421,rplE
0.27710843373493976,Rv3222c
0.2537313432835821,Rv0180c-Rv0181c
0.2328767123287671,PPE34-PPE35
0.28,Rv3352c
0.22535211267605634,blaR
0.30985915492957744,Rv2166c
0.25,Rv3415c
0.3026315789473684,lpqO-Rv0605
0.21052631578947367,Rv1885c
0.2898550724637681,Rv0150c
0.2535211267605634,sucD-Rv0953c
0.34545454545454546,Rv0970-echA7
0.2807017543859649,fadD36-Rv1194c
0.2441860465116279,Rv1986-Rv1987
0.21951219512195122,cyp136
0.2923076923076923,Rv1056
0.18823529411764706,coaA
0.2978723404255319,gpgS
0.25,ansA-lspA
0.3484848484848485,argG-argH
0.2857142857142857,Rv1324-PE_PGRS24
0.21621621621621623,Rv0953c-Rv0954
0.2459016393442623,Rv1083
0.24324324324324326,rrs-rrl
0.28378378378378377,Rv1473-Rv1473A
0.23076923076923078,Rv2456c-clpX
0.2361111111111111,Rv3292
0.21794871794871795,Rv3527-Rv3528c
0.18292682926829268,Rv3851-hns
0.24,Rv1831
0.345679012345679,pyrH
0.2876712328767123,rpmG2
0.2459016393442623,Rv0804
0.28169014084507044,aceAb-PPE34
0.29508196721311475,deoD
0.2923076923076923,cpsA
0.3188405797101449,cobC
0.189873417721519,Rv3013
0.2857142857142857,nuoE
0.2619047619047619,menA
0.24285714285714285,Rv1914c-aceAa
0.2833333333333333,Rv0026-Rv0027
0.2571428571428571,Rv0045c-ino1
0.3709677419354839,Rv0052-rpsF
0.14084507042253522,Rv0076c-Rv0077c
0.2571428571428571,Rv0121c
0.25,TB18.5
0.3333333333333333,zmp1-Rv0199
0.2714285714285714,Rv0235c
0.2891566265060241,thiD
0.25,hbhA-Rv0476
0.2112676056338028,Rv0477
0.24390243902439024,Rv0609A
0.24528301886792453,Rv0616c
0.21518987341772153,vapC6-vapB6
0.35526315789473684,PE_PGRS15-fadE10
0.2948717948717949,Rv0950c-sucC
0.3382352941176471,Rv0968
0.2602739726027397,Rv1096
0.19736842105263158,Rv1139c
0.3230769230769231,Rv1478
0.24193548387096775,pks10-pks7
0.27941176470588236,Rv1767-PE_PGRS31
0.2608695652173913,Rv1812c-Rv1813c
0.21875,lipZ
0.30434782608695654,Rv1866-Rv1867
0.22535211267605634,lldD2-Rv1873
0.2375,glnA1
0.2982456140350877,Rv2307D-Rv2308
0.18032786885245902,Rv2361c
0.25333333333333335,hrcA
0.2608695652173913,Rv2619c
0.2982456140350877,Rv2787
0.24615384615384617,Rv3038c
0.375,Rv3040c
0.21428571428571427,tgs3-Rv3235
0.2413793103448276,Rv3243c
0.2236842105263158,Rv3678A
0.22388059701492538,Rv3684-proY
0.2777777777777778,Rv3707c
0.23255813953488372,Rv3745c
0.24324324324324326,Rv3902c
0.25925925925925924,Rv2413c
0.1891891891891892,dedA
0.23684210526315788,Rv3311
0.22784810126582278,Rv1556-mmpL6
0.26153846153846155,fas-Rv2525c
0.27710843373493976,Rv0161-adhE1
0.12987012987012986,sodC
0.2375,ephG-PE_PGRS47
0.273972602739726,Rv3099c
0.19480519480519481,Rv3541c
0.30985915492957744,Rv3651
0.28169014084507044,Rv2146c-Rv2147c
0.2602739726027397,thrU-Rv3644c
0.3076923076923077,Rv3661
0.234375,hadC-trpT
0.25316455696202533,dxs1-Rv2683
0.29069767441860467,pstP-fhaB
0.21666666666666667,Rv0965c
0.23684210526315788,nanT-Rv1903
0.25,cysE-Rv2336
0.23809523809523808,Rv2997-Rv2998
0.3333333333333333,Rv3284
0.22727272727272727,lpqC
0.2631578947368421,Rv3603c-Rv3604c
0.2876712328767123,espL
0.32142857142857145,trxC
0.21518987341772153,Rv3212-Rv3213c
0.34782608695652173,Rv3267
0.21518987341772153,Rv2688c-Rv2689c
0.23809523809523808,Rv1776c
0.3333333333333333,Rv1861
0.25757575757575757,Rv0047c
0.2,modA
0.25,Rv2331
0.2537313432835821,Rv2704
0.2571428571428571,vapC42
0.3,mtr
0.234375,PPE68-esxB
0.1891891891891892,Rv1765c
0.2702702702702703,Rv1772
0.2647058823529412,Rv0248c
0.2222222222222222,rpsE
0.29508196721311475,Rv2081c-Rv2082
0.18461538461538463,ruvA
0.32894736842105265,PPE52-nuoA
0.1375,rsbW
0.25,Rv3780
0.3472222222222222,Rv0601c
0.25757575757575757,mrr-Rv2529
0.30303030303030304,canB
0.25757575757575757,prfB-fprA
0.30434782608695654,add
0.28,Rv0610c-Rv0611c
0.1728395061728395,kmtR
0.288135593220339,php
0.35294117647058826,Rv2302
0.3150684931506849,Rv2767c
0.2571428571428571,pknH-embR
0.26865671641791045,esxA
0.2727272727272727,Rv2765-Rv2766c
0.2727272727272727,alkB
0.18461538461538463,yrbE4A
0.29508196721311475,nrdI
0.18055555555555555,murB-lprQ
0.29545454545454547,Rv0268c-Rv0269c
0.2073170731707317,fabG4-fadA2
0.25609756097560976,Rv0829-Rv0830
0.3888888888888889,Rv3312A
0.2878787878787879,Rv1100
0.2727272727272727,Rv0307c
0.2898550724637681,Rv2078
0.26666666666666666,Rv2622-TB31.7
0.2571428571428571,lprD
0.29850746268656714,plsB1-frdA
0.2698412698412698,Rv1567c
0.3582089552238806,Rv3095-Rv3096
0.2835820895522388,Rv3542c
0.25,Rv3760
0.23333333333333334,Rv3732-Rv3733c
0.18421052631578946,murI
0.25,Rv3066
0.28125,Rv1692
0.296875,mmpS3-Rv2199c
0.24,Rv2509
0.25396825396825395,PE33-Rv3651
0.19696969696969696,eccCb1
0.24691358024691357,hemE
0.29508196721311475,Rv0521-gabP
0.2459016393442623,vapB9
0.2537313432835821,cysK1
0.2441860465116279,nuoJ
0.2222222222222222,sigH
0.2638888888888889,cyp135B1-Rv0569
0.25,argJ
0.2465753424657534,Rv0793-Rv0794c
0.3150684931506849,sigE
0.21518987341772153,murA
0.3076923076923077,mutT1
0.2714285714285714,Rv3098A
0.25882352941176473,Rv3525c-kshA
0.25,hsaF
0.27419354838709675,lpqV
0.175,Rv2983
0.22077922077922077,Rv1404
0.28205128205128205,Rv2296
0.2465753424657534,proB
0.2839506172839506,nrp-Rv0102
0.18309859154929578,Rv1626
0.26666666666666666,Rv3439c
0.24561403508771928,Rv2076c
0.2318840579710145,pyrF-PE15
0.26582278481012656,Rv3717
0.3375,Rv1474c
0.35064935064935066,murD
0.18461538461538463,Rv1134
0.2839506172839506,Rv1829
0.29333333333333333,blaC
0.2692307692307692,aroK
0.22784810126582278,trmD
0.3037974683544304,ssb
0.3333333333333333,Rv2645
0.23333333333333334,Rv2304c
0.2054794520547945,Rv0600c
0.3466666666666667,Rv0385-Rv0386
0.23333333333333334,PPE12-Rv0755A
0.10344827586206896,Rv0912-Rv0913c
0.2345679012345679,Rv1693
0.25806451612903225,Rv1703c
0.29850746268656714,hns
0.2777777777777778,Rv0177
0.2727272727272727,Rv0323c-Rv0324
0.30434782608695654,Rv0340-iniB
0.25925925925925924,Rv0449c
0.19480519480519481,umaA-pcaA
0.25,hadC
0.2236842105263158,tatD
0.30666666666666664,Rv1167c-PPE17
0.21794871794871795,Rv1359-Rv1360
0.25609756097560976,Rv2300c
0.29411764705882354,ftsY
0.2948717948717949,cdd-sdhC
0.3150684931506849,Rv3549c
0.2891566265060241,mpr18-PE_PGRS60
0.22535211267605634,cobQ2
0.39655172413793105,tcrX
0.2535211267605634,sigC
0.328125,Rv2117
0.27419354838709675,Rv2513
0.2463768115942029,agpS
0.21333333333333335,PE_PGRS40-Rv2372c
0.20588235294117646,Rv0572c
0.36,vapC26
0.32432432432432434,ppnK
0.37681159420289856,rpoA
0.2375,Rv0259c
0.28,hadA
0.275,mmaA3-mmaA2
0.3611111111111111,cysT
0.25842696629213485,vapC23
0.2692307692307692,argG
0.2375,emrB-Rv0784
0.28125,Rv0612
0.2054794520547945,Rv0488-gpm1
0.30120481927710846,Rv0990c-Rv0991c
0.2465753424657534,Rv1081c-mca
0.23728813559322035,rplT
0.2571428571428571,Rv2423-Rv2424c
0.3055555555555556,Rv2506-Rv2507
0.2878787878787879,Rv2686c
0.2112676056338028,nicT
0.2375,groEL1-groES
0.25,Rv3643
0.3150684931506849,Rv3751-serX
0.2692307692307692,nrdZ-Rv0571c
0.24675324675324675,purN
0.21052631578947367,dfrA
0.26666666666666666,esxG
0.3076923076923077,Rv1116A-Rv1117
0.27380952380952384,Rv2219A-glnA1
0.2916666666666667,gcpE
0.2289156626506024,Rv2957
0.21333333333333335,Rv3226c-aroA
0.3611111111111111,Rv0607
0.2702702702702703,fadB2-umaA
0.3076923076923077,canA-cysD
0.26153846153846155,Rv0236A-lpqI
0.26666666666666666,deoC
0.3150684931506849,pnp
0.19480519480519481,rplA-mmaA4
0.3291139240506329,Rv1151c
0.2465753424657534,PPE19-Rv1362c
0.3492063492063492,mce3R-yrbE3A
0.2962962962962963,Rv2143-Rv2144c
0.2535211267605634,Rv2307B
0.2714285714285714,Rv3552-Rv3553
0.22388059701492538,Rv1466-fadE15
0.3157894736842105,clpP2
0.29333333333333333,cfp29
0.22580645161290322,mce1R-fadD5
0.35802469135802467,Rv0106
0.2,Rv1084-Rv1085c
0.3291139240506329,Rv1276c
0.4,Rv1558
0.24705882352941178,Rv1648-pheS
0.2,Rv1686c
0.20967741935483872,Rv2260-Rv2261c
0.225,recO
0.288135593220339,gatC
0.25609756097560976,Rv3802c
0.22950819672131148,vapC11
0.2375,Rv2771c
0.22535211267605634,Rv3120
0.19402985074626866,Rv3217c
0.23076923076923078,pcp
0.3048780487804878,pcaA
0.3026315789473684,vapC8
0.2978723404255319,Rv2628-Rv2629
0.2702702702702703,mtc28-leuS
0.27710843373493976,Rv0139-Rv0140
0.24444444444444444,Rv1115
0.3176470588235294,eccD5
0.2972972972972973,cysA3
0.20634920634920634,Rv3520c
0.3225806451612903,panC
0.2716049382716049,Rv3813c
0.2727272727272727,Rv3120-cyp141
0.30666666666666664,Rv0143c-Rv0144
0.24242424242424243,Rv0227c
0.2222222222222222,mca
0.2537313432835821,aprA-aprB
0.32432432432432434,Rv2640c-cadI
0.2608695652173913,PPE44-Rv2771c
0.2753623188405797,Rv2827c
0.2891566265060241,vapC47
0.2463768115942029,mbtN
0.25,msrA
0.3055555555555556,Rv0559c
0.35294117647058826,scpB
0.30434782608695654,mpt64-nrdF1
0.2878787878787879,vapC22
0.30985915492957744,Rv2951c-Rv2952
0.2987012987012987,Rv3488
0.28169014084507044,Rv1597
0.20833333333333334,Rv2102
0.21348314606741572,Rv0513
0.2857142857142857,Rv3742c
0.34146341463414637,rodA
0.2631578947368421,Rv1066
0.2222222222222222,Rv1249c-Rv1250
0.21951219512195122,mihF
0.27586206896551724,PE_PGRS32-Rv1804c
0.273972602739726,pgsA2
0.328125,Rv2598
0.3150684931506849,lepB
0.3026315789473684,mhpE
0.2875,Rv3843c-MTS2975
0.24691358024691357,Rv1856c
0.2786885245901639,Rv0825c-Rv0826
0.21518987341772153,Rv2466c-pepN
0.2602739726027397,Rv2707
0.2602739726027397,Rv3405c-Rv3406
0.2698412698412698,Rv3552
0.28378378378378377,Rv0061c-celA1
0.25396825396825395,Rv0743c
0.2112676056338028,Rv1073-fadA3
0.32,Rv1313c-Rv1314c
0.22388059701492538,nmtR
0.25,sseC1
0.29577464788732394,Rv0232
0.15714285714285714,Rv2669
0.3,leuT-Rv0021c
0.20253164556962025,choD-guaB3
0.27848101265822783,vapB27-Rv0600c
0.24193548387096775,purH-Rv0958
0.36585365853658536,echA9
0.2054794520547945,Rv2432c
0.23076923076923078,Rv3224A
0.21794871794871795,Rv1075c-lipU
0.29545454545454547,lpqY
0.25,Rv2323c
0.20238095238095238,dapA
0.2361111111111111,rubA
0.3382352941176471,Rv3557c-PPE64
0.2361111111111111,Rv2226-rnpB
0.3013698630136986,dxr
0.22972972972972974,vapC32
0.3103448275862069,Rv2288
0.2727272727272727,bcp
0.24561403508771928,Rv2738c
0.21839080459770116,virS-Rv3083
0.16176470588235295,Rv3188
0.32857142857142857,dnaQ-Rv3712
0.23076923076923078,Rv0531
0.3561643835616438,Rv0943c
0.26229508196721313,idsA2
0.3384615384615385,rplS
0.2328767123287671,Rv1049-Rv1050
0.32786885245901637,Rv0250c
0.3150684931506849,Rv0492A
0.2727272727272727,Rv1004c-pabB
0.26666666666666666,Rv1203c
0.21875,lppG
0.2857142857142857,Rv2141c
0.22950819672131148,Rv3034c
0.2833333333333333,hemZ
0.2894736842105263,PPE30-PE_PGRS32
0.26785714285714285,PE_PGRS62-Rv3813c
0.3170731707317073,vapB44-Rv3322c
0.32967032967032966,Rv0188
0.225,Rv1488
0.2597402597402597,Rv1773c
0.15942028985507245,aceE-Rv2242
0.21153846153846154,fecB
0.18571428571428572,Rv2954c-Rv2955c
0.22077922077922077,Rv2614A
0.13953488372093023,otsB2-echA18
0.3230769230769231,argD
0.2833333333333333,mazE2
0.22972972972972974,Rv0688
0.2898550724637681,Rv1332
0.3076923076923077,Rv1434
0.20481927710843373,Rv1401
0.2676056338028169,cydB
0.2891566265060241,vapB19
0.275,Rv0268c
0.2716049382716049,pyrE
0.2535211267605634,Rv0383c-clpB
0.20270270270270271,Rv0516c
0.30985915492957744,lprG
0.2857142857142857,cyp143-Rv1786
0.34615384615384615,Rv2237
0.29577464788732394,cdd
0.25675675675675674,Rv3365c-spoU
0.3188405797101449,Rv3453-Rv3454
0.24193548387096775,fadE28
0.29850746268656714,hsaB
0.2236842105263158,Rv3695-glpK
0.27710843373493976,hsdS.1
0.2911392405063291,rrl-rrf
0.18421052631578946,Rv0521
0.22972972972972974,cpsY-Rv0807
0.2463768115942029,prrA-accD3
0.3013698630136986,Rv2816c
0.20987654320987653,Rv3312c-Rv3312A
0.21333333333333335,espH
0.27419354838709675,pflA-fadE24
0.2878787878787879,vapC29
0.25,Rv0822c-Rv0823c
0.2676056338028169,metS-tatD
0.2676056338028169,hisE
0.26865671641791045,fadE19
0.22,Rv1065
0.29411764705882354,tesB2
0.28205128205128205,Rv3235-Rv3236c
0.29577464788732394,Rv2273-mazF8
0.32786885245901637,rplO-sppA
0.19718309859154928,gluT-aspT
0.2676056338028169,serC-Rv0885
0.25,mcr3-rrs
0.24615384615384617,polA-rpsA
0.2875,ribD
0.23076923076923078,gltA2-Rv0897c
0.3088235294117647,trcR
0.2835820895522388,nrdF2
0.2982456140350877,Rv1855c-Rv1856c
0.2564102564102564,Rv2025c-Rv2026c
0.2962962962962963,Rv2960c
0.2571428571428571,Rv0028-Rv0029
0.2054794520547945,Rv0121c-Rv0122
0.3472222222222222,def-Rv0430
0.30666666666666664,Rv0459
0.27631578947368424,Rv1435c-gap
0.27941176470588236,rpmB2
0.296875,Rv2569c
0.22535211267605634,Rv2824c
0.2840909090909091,Rv2912c
0.2222222222222222,Rv3031
0.23076923076923078,Rv3271c
0.1951219512195122,Rv3605c
0.24,rpmB1
0.30864197530864196,trxA
0.1794871794871795,Rv3693-Rv3694c
0.1728395061728395,Rv2963-purU
0.29310344827586204,Rv3538
0.3287671232876712,dppC
0.31746031746031744,Rv3816c
0.25,phoH2
0.21212121212121213,TB16.3
0.30434782608695654,caeA
0.3717948717948718,iscS
0.358974358974359,Rv3095
0.26153846153846155,inhA
0.19718309859154928,espD-espC
0.29850746268656714,secA1-Rv3241c
0.275,Rv2018
0.19047619047619047,Rv0078
0.3770491803278688,Rv0238
0.24193548387096775,sigL-rslA
0.1686746987951807,tagA-Rv1211
0.2878787878787879,lpqX-mrp
0.2753623188405797,Rv1367c-lprF
0.3157894736842105,acg
0.2987012987012987,alaS
0.1791044776119403,Rv2672-aftC
0.31343283582089554,Rv2776c-Rv2777c
0.28169014084507044,Rv1581c-Rv1582c
0.2222222222222222,ilvC
0.3026315789473684,Rv0104-rpmB1
0.17857142857142858,Rv1204c-Rv1205
0.25,sigJ
0.2716049382716049,Rv0340
0.28,Rv3706c
0.22727272727272727,Rv0097
0.14457831325301204,Rv0332-Rv0333
0.2631578947368421,Rv2285-Rv2286c
0.23880597014925373,Rv1701-Rv1702c
0.136986301369863,espG1-espH
0.2923076923076923,hupB
0.208955223880597,Rv3224B
0.25,Rv1875-bfrA
0.2,fadE7-Rv0401
0.14754098360655737,Rv0412c-mutT3
0.17647058823529413,Rv1205
0.3287671232876712,hisH
0.30952380952380953,Rv2857c
0.208955223880597,leuS-Rv0042c
0.23880597014925373,Rv1353c
0.2638888888888889,Rv0740
0.3287671232876712,Rv3205c-moeB1
0.23529411764705882,Rv0219
0.3055555555555556,PPE6-Rv0306
0.3230769230769231,Rv0428c
0.328125,PE_PGRS8-Rv0743c
0.15151515151515152,Rv2242-fabD
0.32051282051282054,proA-oxyR
0.31645569620253167,Rv2774c
0.2987012987012987,fdxD-fadE26
0.22950819672131148,mtn-ctpA
0.3116883116883117,Rv0560c
0.31666666666666665,Rv3915-Rv3916c
0.3076923076923077,rpiB-Rv2466c
0.1875,Rv2698
0.375,Rv2345-esxO
0.22058823529411764,Rv0763c
0.275,Rv1635c-TB15.3
0.34782608695652173,hspX
0.25675675675675674,clpP1
0.29508196721311475,Rv2975c
0.2698412698412698,Rv0195
0.2463768115942029,rpsT
0.29411764705882354,ask-leuA
0.23255813953488372,Rv0744c
0.2911392405063291,vapB13-PE_PGRS34
0.1875,sigL
0.24050632911392406,hisG
0.15942028985507245,Rv2772c
0.3246753246753247,gpm1
0.2125,Rv2961-Rv2962c
0.3333333333333333,pyrF
0.24285714285714285,pstC1
0.2857142857142857,Rv1706A-Rv1707
0.34328358208955223,dacB1-sugI
0.27631578947368424,entC
0.29333333333333333,Rv3243c-lpqB
0.30158730158730157,katG-furA
0.2247191011235955,murX
0.32857142857142857,fdxB-Rv3555c
0.26865671641791045,Rv2189c-Rv2190c
0.23076923076923078,mmpS3
0.24285714285714285,Rv0369c
0.19444444444444445,Rv2451
0.2909090909090909,glgE-glgP
0.2857142857142857,Rv3070
0.3068181818181818,devR
0.29577464788732394,Rv0658c-mazF2
0.2898550724637681,Rv2862c
0.26153846153846155,Rv0122
0.2597402597402597,Rv0200
0.24358974358974358,gpm1-senX3
0.32786885245901637,Rv0807-purF
0.2028985507246377,Rv1491c-mutA
0.2638888888888889,lppT
0.27380952380952384,pfkB-Rv2030c
0.20833333333333334,rpiB
0.19718309859154928,Rv2556c
0.24691358024691357,Rv2557-Rv2558
0.19298245614035087,Rv2771c-Rv2772c
0.28,Rv3360
0.2857142857142857,Rv3538-PPE63
0.25862068965517243,ethA-ethR
0.2714285714285714,menA-pnp
0.3333333333333333,cmtR
0.23076923076923078,Rv2635
0.3220338983050847,mku-ligD
0.28846153846153844,Rv0488
0.375,blaI-Rv1847
0.2753623188405797,cbs
0.375,sdhA
0.24096385542168675,relJ
0.2823529411764706,ctpD-trxA
0.25757575757575757,Rv3064c
0.25,Rv3207c
0.2692307692307692,Rv3672c-Rv3673c
0.2898550724637681,Rv0175
0.18181818181818182,Rv0245-Rv0246
0.22093023255813954,fadA4-Rv1324
0.2948717948717949,aglA-Rv2472
0.3333333333333333,cyp141-Rv3122
0.19736842105263158,icd1-metC
0.2619047619047619,Rv3438
0.2698412698412698,Rv2466c
0.2564102564102564,PPE10-Rv0443
0.18518518518518517,Rv0495c
0.3283582089552239,lpqU-eno
0.3582089552238806,cysD
0.2571428571428571,Rv1700
0.2727272727272727,fdxA-Rv2008c
0.2716049382716049,kasB-accD6
0.3013698630136986,dxr-vapB43
0.22535211267605634,Rv3172c-Rv3173c
0.23880597014925373,Rv3686c-rsfB
0.25396825396825395,aspB
0.3246753246753247,Rv0964c
0.3235294117647059,plcB-plcA
0.2638888888888889,lipP
0.2676056338028169,Rv3613c-espD
0.26582278481012656,Rv0349
0.27848101265822783,fabH-menA
0.3116883116883117,Rv1155
0.2753623188405797,arsB1
0.21794871794871795,rsbW-usfY
0.2948717948717949,Rv0914c-PPE14
0.3235294117647059,fadD21-Rv1186c
0.21794871794871795,Rv1719-proT
0.2753623188405797,esxN
0.3157894736842105,Rv2146c
0.323943661971831,mobA
0.323943661971831,acpS
0.24324324324324326,Rv2600
0.27848101265822783,Rv2633c-PE_PGRS46
0.19230769230769232,Rv3049c-Rv3050c
0.29473684210526313,Rv3528c
0.30434782608695654,metS
0.2112676056338028,mmaA1
0.27692307692307694,amiA1
0.24,Rv2280-pitB
0.2602739726027397,csoR
0.25301204819277107,Rv3143
0.273972602739726,Rv3896c-Rv3897c
0.26865671641791045,Rv2803-Rv2804c
0.2236842105263158,tuf
0.2112676056338028,PE_PGRS13-PE_PGRS14
0.3815789473684211,Rv2578c
0.17857142857142858,papA5-mas
0.19402985074626866,TB8.4
0.18055555555555555,Rv0093c-Rv0094c
0.3114754098360656,Rv0141c
0.2328767123287671,rplP
0.3013698630136986,rplF
0.3026315789473684,cut1-wag22
0.26506024096385544,Rv3346c
0.25,Rv2240c-aceE
0.24050632911392406,Rv3644c-Rv3645
0.2602739726027397,fusA1-tuf
0.1625,vapB37
0.25316455696202533,Rv2239c-Rv2240c
0.22666666666666666,mcr10
0.2972972972972973,snoP
0.19402985074626866,Rv2172c-idsA2
0.24,Rv1043c-Rv1044
0.25316455696202533,sdhB
0.2,Rv0038
0.2714285714285714,Rv0390
0.2345679012345679,Rv0377-Rv0378
0.22448979591836735,vapB27
0.2894736842105263,mpt63-Rv1927
0.22727272727272727,Rv1941-mazF5
0.25806451612903225,Rv3517-cyp142
0.20270270270270271,glpD2
0.33783783783783783,mce4A
0.33766233766233766,espF
0.32051282051282054,Rv3916c-parB
0.2692307692307692,nirD
0.1891891891891892,Rv0441c
0.24561403508771928,Rv3647c
0.323943661971831,Rv3789-dprE1
0.26506024096385544,mcr-Rv1144
0.20634920634920634,vapB26
0.28378378378378377,PPE28-PPE29
0.2247191011235955,Rv3058c
0.25396825396825395,Rv3492c
0.24285714285714285,PPE29-PPE30
0.20253164556962025,oppB
0.3384615384615385,coaE-Rv1632c
0.25,fabG3
0.2857142857142857,Rv0043c
0.27906976744186046,lprO-Rv0180c
0.21875,Rv1725c-Rv1726
0.24324324324324326,Rv2054-rpsR2
0.29213483146067415,pdxH-PPE42
0.27941176470588236,Rv2778c
0.21428571428571427,pip-Rv0841
0.3387096774193548,Rv2779c-ald
0.234375,Rv0328
0.3150684931506849,argW-echA14
0.3333333333333333,pgk
0.29411764705882354,Rv1424c
0.32857142857142857,vapB12
0.2702702702702703,glnU-gltS
0.2647058823529412,era
0.296875,Rv2664
0.175,Rv1126c
0.2840909090909091,Rv0249c
0.22727272727272727,tyrS-G2
0.18055555555555555,leuC-Rv2989
0.2631578947368421,Rv3027c-fixB
0.2898550724637681,Rv3173c
0.203125,Rv0544c
0.24675324675324675,Rv0955-purN
0.24,Rv2722
0.3026315789473684,Rv3629c
0.2571428571428571,Rv3678c
0.25,Rv0681-rpsL
0.32,Rv1019-mfd
0.26582278481012656,mcr10-Rv1158c
0.2459016393442623,Rv1351-Rv1352
0.24358974358974358,Rv2324
0.21428571428571427,Rv2991-gluU
0.18181818181818182,Rv3054c-Rv3055
0.3037974683544304,vapC13
0.18181818181818182,Rv2730
0.2375,Rv3821-Rv3822
0.21428571428571427,Rv1951c-vapB14
0.36,fadB4
0.2345679012345679,galU
0.32051282051282054,prfA
0.25925925925925924,hsdM-vapC21
0.3148148148148148,rimI
0.24324324324324326,Rv2314c
0.16666666666666666,Rv1019
0.2236842105263158,tagA
0.2692307692307692,glbN
0.24615384615384617,Rv1904-aao
0.203125,Rv0313
0.265625,Rv0991c
0.23880597014925373,Rv0730
0.2,Rv1405c-fmt
0.3076923076923077,PE19-esxM
0.2916666666666667,amiB2
0.17647058823529413,Rv1544
0.2786885245901639,Rv0526
0.3142857142857143,hisF
0.2191780821917808,parE1
0.22058823529411764,ureA
0.19117647058823528,Rv0263c
0.22033898305084745,Rv0846c-lpqS
0.1891891891891892,esxW-PPE65
0.23880597014925373,ilvE
0.22857142857142856,Rv2022c-Rv2023c
0.2878787878787879,Rv2061c
0.24675324675324675,Rv0796-Rv0797
0.3611111111111111,Rv0430-Rv0431
0.28125,Rv2273
0.26865671641791045,lppJ-Rv2081c
0.24074074074074073,Rv3369-dnaE2
0.3026315789473684,Rv3371-otsB2
0.25,espR
0.25396825396825395,Rv1290A-Rv1291c
0.2903225806451613,Rv1805c
0.25,Rv0394c
0.3125,moaB1
0.25,phoH2-Rv1096
0.2875,pknE-Rv1744c
0.27631578947368424,hisA
0.3148148148148148,moaD1
0.4117647058823529,Rv2737A
0.25396825396825395,Rv1990c
0.2876712328767123,fhaB
0.2926829268292683,Rv0443
0.26666666666666666,gap
0.3375,Rv1987
0.17045454545454544,ephG
0.24285714285714285,Rv2767c-PPE43
0.20481927710843373,Rv3071-Rv3072c
0.2318840579710145,whiB7-uvrD2
0.25396825396825395,bfrB
0.25,Rv3644c
0.25333333333333335,papA4
0.24358974358974358,rpmB2-Rv2059
0.1794871794871795,xseB
0.2753623188405797,Rv1725c
0.27586206896551724,secD-yajC
0.3670886075949367,vapC46
0.1875,PPE56-Rv3351c
0.2972972972972973,Rv1632c-uvrB
0.2638888888888889,Rv2639c-Rv2640c
0.3387096774193548,Rv2777c-Rv2778c
0.27631578947368424,gpm2
0.28378378378378377,sdhB-vapC44
0.1794871794871795,esxC
0.26153846153846155,end-lpqP
0.26666666666666666,kdpD-kdpF
0.24675324675324675,dfp-metK
0.2948717948717949,gpdA2-Rv2983
0.2916666666666667,Rv3015c-lpqA
0.18181818181818182,Rv3604c-Rv3605c
0.2711864406779661,Rv2739c-ephG
0.2222222222222222,Rv0123-PE_PGRS2
0.2631578947368421,canA
0.14285714285714285,rsfA
0.2702702702702703,Rv2144c
0.23943661971830985,phoY1-glpD2
0.22641509433962265,tgs2-Rv3735
0.26666666666666666,hsp
0.2542372881355932,hrp1
0.3188405797101449,Rv0037c-Rv0038
0.26666666666666666,echA8-echA9
0.36486486486486486,Rv1973-Rv1974
0.15625,Rv2325c
0.1935483870967742,Rv2824c-Rv2825c
0.3614457831325301,Rv3400
0.30158730158730157,Rv3629c-Rv3630
0.30303030303030304,fadE36-Rv3762c
0.28,lpqR-Rv0839
0.26666666666666666,fadD14-Rv1059
0.2236842105263158,rpsQ-atsA
0.3125,infC
0.28125,vapC21
0.3333333333333333,Rv1120c-zwf1
0.2716049382716049,rpsP-Rv2910c
0.2465753424657534,ssr-Rv3099c
0.21333333333333335,Rv3633
0.30303030303030304,mbtE-mbtD
0.2222222222222222,vapC40
0.2073170731707317,Rv2638-Rv2639c
0.35384615384615387,devR-Rv3134c
0.28169014084507044,eccB4-cut3
0.2608695652173913,Rv3627c-ppa
0.2987012987012987,Rv2617c
0.2903225806451613,ppdK-Rv1128c
0.3333333333333333,Rv3529c
0.22077922077922077,glnT-Rv1019
0.2054794520547945,vapC1-icd2
0.23076923076923078,Rv0883c
0.2597402597402597,Rv2020c-Rv2021c
0.22535211267605634,Rv3058c-cyp136
0.23076923076923078,proX-Rv3760
0.3389830508474576,nuoB
0.21951219512195122,Rv1036c-esxI
0.24691358024691357,Rv1151c-Rv1152
0.2753623188405797,panD
0.3287671232876712,Rv3098c
0.2647058823529412,serS-Rv3835
0.3372093023255814,gcvH-garA
0.22727272727272727,Rv2365c
0.3013698630136986,PE_PGRS59-clpC1
0.2972972972972973,ercc3-Rv0862c
0.2112676056338028,Rv2840c-nusA
0.2988505747126437,Rv3213c-gpm2
0.1927710843373494,esxS
0.22784810126582278,Rv0799c-pepC
0.2647058823529412,sigE-mpr6
0.24285714285714285,Rv3295
0.24193548387096775,Rv3046c
0.29508196721311475,ftsZ-ftsQ
0.3291139240506329,PPE8-Rv0356c
0.2857142857142857,Rv1491c
0.3076923076923077,whiB1
0.32786885245901637,vapB7
0.31746031746031744,lpqG
0.265625,proU
0.21212121212121213,fdxA
0.19696969696969696,mas-fadD28
0.30303030303030304,PPE3-Rv0281
0.3380281690140845,Rv2762c-dfrA
0.24390243902439024,PPE45-Rv2893
0.2638888888888889,Rv0879c
0.2459016393442623,agpS-Rv3108
0.23376623376623376,rplB
0.3111111111111111,Rv1945-lppG
0.23529411764705882,Rv3269
0.25333333333333335,Rv0543c-Rv0544c
0.3484848484848485,Rv2603c
0.2692307692307692,Rv2792c-truB
0.2597402597402597,Rv3493c
0.2676056338028169,Rv3669
0.27631578947368424,rpmE
0.2602739726027397,cobL-Rv2073c
0.25675675675675674,Rv0895-gltA2
0.22641509433962265,cdh-lppO
0.2345679012345679,PE_PGRS43-Rv2491
0.28169014084507044,Rv0463
0.3709677419354839,Rv3705c
0.3013698630136986,purC
0.2345679012345679,Rv2292c
0.21348314606741572,gpsI-lppU
0.25,rbfA
0.2077922077922078,sdhD-sdhA
0.2692307692307692,sirA
0.29850746268656714,tmk-sahH
0.2112676056338028,Rv3707c-asd
0.296875,entC-Rv3216
0.2571428571428571,bcpB-trpE
0.30434782608695654,Rv3632
0.3013698630136986,Rv3216
0.26666666666666666,mmpS4
0.21333333333333335,rimJ-Rv0996
0.2608695652173913,ftsZ
0.19718309859154928,Rv2998
0.2753623188405797,aroE
0.22580645161290322,Rv0296c-PE_PGRS5
0.3181818181818182,Rv1140-echA11
0.1791044776119403,Rv1366A-Rv1367c
0.2028985507246377,glyV-lipP
0.27419354838709675,Rv2574-Rv2575
0.26744186046511625,Rv3182
0.24242424242424243,hpt
0.2463768115942029,Rv0460
0.23076923076923078,esxJ
0.1917808219178082,hsaA-kshB
0.2727272727272727,Rv0188-ilvD
0.21818181818181817,Rv0470A
0.2608695652173913,lipX-mshB
0.2535211267605634,Rv2182c
0.3,Rv2409c
0.30666666666666664,PE_PGRS42-Rv2488c
0.2727272727272727,hsdS
0.2647058823529412,groEL2
0.2328767123287671,espR-Rv3850
0.1875,Rv0810c-Rv0811c
0.22857142857142856,Rv0874c-Rv0875c
0.24193548387096775,rseA
0.25609756097560976,Rv1762c
0.29577464788732394,Rv2252-Rv2253
0.25396825396825395,Rv3613c
0.2597402597402597,PE36-eccC2
0.23809523809523808,fadD9-PE_PGRS44
0.22388059701492538,Rv0740-Rv0741
0.2682926829268293,uvrD2-Rv3198A
0.3076923076923077,grpE
0.3333333333333333,icl1-fadB2
0.27710843373493976,Rv0726c-fucA
0.34328358208955223,purM
0.30434782608695654,Rv2199c
0.25,cfp2-mbtH
0.22727272727272727,Rv3242c
0.2716049382716049,Rv0076c
0.2833333333333333,vapC16
0.21212121212121213,Rv2360c
0.27692307692307694,Rv3675
0.22950819672131148,Rv2475c
0.3125,Rv1115-Rv1116
0.2465753424657534,Rv1877-glnA3
0.30434782608695654,Rv1903
0.25,Rv2186c
0.24705882352941178,Rv3031-Rv3032
0.2876712328767123,fadE26
0.27710843373493976,mpr17
0.2702702702702703,Rv0100
0.23076923076923078,Rv1159A-mutT2
0.2077922077922078,Rv2242
0.14492753623188406,eis-Rv2417c
0.23333333333333334,Rv1101c
0.2125,Rv0042c-Rv0043c
0.33783783783783783,Rv3200c-Rv3201c
0.29333333333333333,TB7.3-rshA
0.21794871794871795,Rv0926c
0.19736842105263158,Rv2406c-Rv2407
0.19047619047619047,Rv2709-sigB
0.25,Rv2843
0.3333333333333333,Rv0111-gca
0.2898550724637681,mazF3
0.2222222222222222,Rv3304
0.18461538461538463,rpsF-ssb
0.2236842105263158,hsaE-kstD
0.28378378378378377,Rv0460-Rv0461
0.2328767123287671,Rv0841-Rv0842
0.2328767123287671,Rv0238-vapB24
0.3076923076923077,mscL-Rv0986
0.2647058823529412,Rv0367c-Rv0368c
0.1746031746031746,Rv3210c-rhlE
0.24050632911392406,Rv3259
0.22972972972972974,Rv2617c-Rv2618
0.23943661971830985,Rv3278c-birA
0.2972972972972973,Rv3705c-Rv3705A
0.23943661971830985,ephD-dlaT
0.3142857142857143,Rv0183-Rv0184
0.2465753424657534,lipU-cbs
0.25675675675675674,tatA
0.32142857142857145,lppX
0.30158730158730157,TB22.2
0.24390243902439024,atpF
0.31343283582089554,Rv1985c
0.24242424242424243,Rv2229c
0.3023255813953488,Rv3169-aofH
0.25,Rv2772c-dapB
0.26666666666666666,ldtB-lysU
0.26436781609195403,PPE43-PE27
0.22058823529411764,Rv3718c
0.26666666666666666,Rv2734
0.2972972972972973,sthA-Rv2714
0.24528301886792453,Rv1055-leuX
0.33695652173913043,Rv1403c-Rv1404
0.2727272727272727,Rv1632c
0.29508196721311475,Rv2001-fabG3
0.19696969696969696,whiB3
0.2753623188405797,echA2-mazF1
0.2328767123287671,hemB
0.27941176470588236,Rv1321
0.2857142857142857,Rv3013-ligA
0.28,rraA
0.23880597014925373,vapC44
0.25,Rv1024
0.27380952380952384,arsB2-Rv3579c
0.24675324675324675,Rv1322A-fadA4
0.21311475409836064,deoA
0.26153846153846155,dnaE2-Rv3371
0.3283582089552239,Rv3741c
0.2835820895522388,Rv3438-Rv3439c
0.26666666666666666,ftsX
0.2236842105263158,lppK
0.2878787878787879,menB-vapC3
0.2876712328767123,Rv0988-grcC2
0.2375,pknF-Rv1747
0.2112676056338028,Rv2401A-Rv2402
0.31343283582089554,Rv0318c
0.2833333333333333,fixB-fixA
0.28125,PE_PGRS34-Rv1841c
0.2463768115942029,rmlA
0.3125,Rv3612c
0.28,Rv0163
0.27380952380952384,usfY
0.24675324675324675,Rv3575c-lppH
0.19540229885057472,ino1-Rv0047c
0.2716049382716049,Rv0263c-Rv0264c
0.2564102564102564,Rv1273c-lprB
0.32894736842105265,Rv3162c
0.21621621621621623,bcpB
0.38961038961038963,fadE22-ligB
0.18181818181818182,Rv1786-PPE25
0.1917808219178082,Rv2851c-mqo
0.16923076923076924,Rv2958c-Rv2959c
0.23943661971830985,Rv1413
0.22972972972972974,fbiC-TB8.4
0.3142857142857143,Rv2851c
0.2608695652173913,Rv1810-mgtC
0.25555555555555554,Rv2269c
0.26153846153846155,Rv0227c-Rv0228
0.2625,nrdB-gabD1
0.16666666666666666,citA-Rv0890c
0.25806451612903225,orn
0.2692307692307692,echA18.1
0.25,Rv2134c-Rv2135c
0.2361111111111111,Rv2908c
0.3125,Rv1672c-Rv1673c
0.2537313432835821,Rv1531-Rv1532c
0.21052631578947367,Rv0525
0.30434782608695654,Rv0939-Rv0940c
0.21052631578947367,vapC24
0.19718309859154928,pptT
0.24242424242424243,Rv2806
0.3037974683544304,lipN-Rv2970A
0.23728813559322035,PPE49-Rv3126c
0.25,Rv1590
0.23076923076923078,oxcA-fadD7
0.2698412698412698,glnB
0.22580645161290322,Rv0145-Rv0146
0.27848101265822783,Rv0807
0.2894736842105263,Rv0925c-Rv0926c
0.22972972972972974,thiG
0.23076923076923078,Rv0108c
0.26865671641791045,mbtK
0.352112676056338,Rv2576c-Rv2577
0.2857142857142857,Rv0123
0.22727272727272727,Rv0813c
0.2328767123287671,ribC-Rv1413
0.2,ppa
0.21621621621621623,Rv0919-argT
0.17333333333333334,PPE62-hsaF
0.25,lpqF-Rv3594
0.2962962962962963,trpT-secE1
0.3048780487804878,cyp121-Rv2277c
0.2537313432835821,Rv2795c-lppV
0.21052631578947367,Rv3126c
0.24050632911392406,nuoC
0.28205128205128205,Rv1639c-lysX
0.3466666666666667,Rv0080-Rv0081
0.14705882352941177,grcC1-htpX
0.25333333333333335,Rv0520
0.25,Rv2970A
0.29411764705882354,Rv3486
0.23076923076923078,Rv0678-Rv0679c
0.2328767123287671,Rv0881
0.2375,Rv1723-Rv1724c
0.3037974683544304,Rv2160A
0.3230769230769231,Rv0204c-Rv0205
0.22666666666666666,Rv3027c
0.24731182795698925,Rv2859c
0.25,Rv2248-glpD1
0.23880597014925373,vapB7-atsD
0.2602739726027397,glbN-Rv1543
